# Time (s)	Generation (V)	PC (V)	PL (V)
1.500263204070890169e-05	9.496967285625346655e-05	9.013006088445748611e-04	-2.668000241781949078e-04
4.834181435339528833e-05	1.159091477518349277e-04	-6.160060225597483374e-04	-2.658335868753126030e-04
8.168099666608183592e-05	1.220299173407980161e-04	-9.185009109445550768e-04	-2.561692138492906992e-04
1.150201789787680921e-04	1.001240051393996672e-04	-9.800307533377513453e-04	-2.394176339339059269e-04
1.483593612914544161e-04	9.110392364576868620e-05	-9.510376343080886473e-04	-2.539141934755098054e-04
1.816985436041414854e-04	1.001240051401796423e-04	-9.494269054785836734e-04	-2.481155696581510868e-04
2.150377259168277959e-04	1.104326697046481581e-04	-9.758428584093921648e-04	-2.510148815659526489e-04
2.483769082295139165e-04	9.883542206882571556e-05	-9.871179602576520690e-04	-2.413505085370682617e-04
2.817160905422001998e-04	1.094662324005922721e-04	-9.539369462129655740e-04	-2.465048408202761806e-04
3.150552728548863747e-04	1.204191884992669904e-04	-9.159237456598344615e-04	-2.526256104044781307e-04
3.483944551675727122e-04	1.052783374222836265e-04	-9.381518036157693308e-04	-2.497262984958990872e-04
3.817336374802589413e-04	1.088219408655988440e-04	-9.542590919947930217e-04	-2.484377154249984925e-04
4.150728197929463088e-04	1.027011712816568720e-04	-9.014271861269954359e-04	-2.490820069623367111e-04
4.484120021056323211e-04	1.197748969645374978e-04	-9.590912785091884997e-04	-2.645450038040225629e-04
4.817511844183182249e-04	1.149427104529289343e-04	-9.523262173972013448e-04	-2.535920477084671349e-04
5.150903667310046709e-04	9.400323555258842194e-05	-9.349303459513741508e-04	-2.571356511510670094e-04
5.484295490436907373e-04	1.130098358461215796e-04	-9.317088882811388074e-04	-2.545584850095920022e-04
5.817687313563794059e-04	1.159091477541815613e-04	-9.333196171084411161e-04	-2.552027765465396370e-04
6.151079136690657976e-04	1.155870019875981046e-04	-9.436282816625840564e-04	-2.558470680799062062e-04
6.484470959817520809e-04	1.191306054309775340e-04	-9.607020073311141415e-04	-2.571356511498950953e-04
6.817862782944378221e-04	1.184863138963751099e-04	-9.671449226804075235e-04	-2.465048408192997481e-04
7.151254606071238886e-04	1.023790255133755683e-04	-9.352524917011287298e-04	-2.671221699454310000e-04
7.484646429198103888e-04	1.139762731497192004e-04	-9.172123287156128211e-04	-2.597128172909125691e-04
7.818038252324961300e-04	1.133319816147260840e-04	-9.252659728989730660e-04	-2.548806307774801336e-04
8.151430075451824133e-04	1.059226289558431024e-04	-9.339639086264537021e-04	-2.419948000745991701e-04
8.484821898578681545e-04	1.204191885013555975e-04	-9.436282816394240885e-04	-2.516591731014027836e-04
8.818213721705542209e-04	9.947971360283953989e-05	-9.404068239701673460e-04	-2.397397797012082909e-04
9.151605544832444074e-04	1.210634800363493915e-04	-8.753333789476881732e-04	-2.503705900316735068e-04
9.484997367959307991e-04	1.191306054288253385e-04	-8.953064165273276129e-04	-2.439276746800390883e-04
9.818389191086165403e-04	1.056004831895846760e-04	-9.040043522567106984e-04	-2.561692138474686432e-04
1.015178101421302607e-03	1.097883781685452659e-04	-9.400846782090671334e-04	-2.532699019407106257e-04
1.048517283733989107e-03	9.529181862557583476e-05	-9.239773898393904578e-04	-2.590685257577417526e-04
1.081856466046675824e-03	1.023790255129199324e-04	-8.837091689155372569e-04	-2.452162577511978045e-04
1.115195648359362541e-03	1.081776493326890086e-04	-8.843534604524711223e-04	-2.487598611934071493e-04
1.148534830672048607e-03	1.213856258047587124e-04	-8.872527723580651404e-04	-2.542363392434618505e-04
1.181874012984734674e-03	1.075333577946984798e-04	-8.817762943150417613e-04	-2.461826950531690542e-04
1.215213195297422692e-03	1.072112120284381966e-04	-8.846756062263289250e-04	-2.645450038064303048e-04
1.248552377610108758e-03	1.046340458868326651e-04	-9.313867424928684883e-04	-2.600349630589974289e-04
1.281891559922794608e-03	1.120433985401108771e-04	-9.094808303214888109e-04	-2.687328987839571323e-04
1.315230742235480241e-03	1.200970427341848014e-04	-9.030379149619325880e-04	-2.780751260427441365e-04
1.348569924548166741e-03	1.178420223612487857e-04	-9.156015998851006234e-04	-2.870952075350700363e-04
1.381909106860852374e-03	1.059226289568863759e-04	-9.239773898434942715e-04	-2.899945194416370716e-04
1.415248289173538223e-03	9.980185936870811431e-05	-9.481383224090995888e-04	-3.318734692253786571e-04
1.448587471486224290e-03	9.335894401831218003e-05	-9.529705089181238209e-04	-3.541015271881503427e-04
1.481926653798910139e-03	8.756032020004145765e-05	-9.797086076141622510e-04	-4.140206399528423157e-04
1.515265836111600543e-03	7.370805219206644394e-05	-9.909837094743021921e-04	-5.026107260254378088e-04
1.548605018424287260e-03	5.824505534380363205e-05	-1.056379300260933607e-03	-6.527306536854539853e-04
1.581944200736973543e-03	2.055400052925199968e-05	-1.105345456907429842e-03	-8.308772631012318211e-04
1.615283383049659826e-03	-1.552632544611881848e-05	-1.143358657452081192e-03	-1.099224687374108795e-03
1.648622565362346326e-03	-8.704268585886831323e-05	-1.195868417532022950e-03	-1.428457661631200946e-03
1.681961747675032610e-03	-1.321430933227256443e-04	-1.252243926806245137e-03	-1.837260640335012509e-03
1.715300929987719110e-03	-1.968943926114596215e-04	-1.284780649318968508e-03	-2.300184107817626177e-03
1.748640112300405176e-03	-2.774308345068374443e-04	-1.368216403071198821e-03	-2.904851712678672114e-03
1.781979294613091677e-03	-3.795510428230302225e-04	-1.445209241470878916e-03	-3.607451630452075762e-03
1.815318476925777960e-03	-5.106643702094247226e-04	-1.601772084395713079e-03	-4.424735440882453762e-03
1.848657659238465327e-03	-6.797908981526252928e-04	-1.760267801899265344e-03	-5.368300391394662668e-03
1.881996841551151394e-03	-8.466624057048317961e-04	-1.936803682361710284e-03	-6.531246608233767272e-03
1.915336023863837894e-03	-1.307330853084506242e-03	-2.237365683176660049e-03	-9.447954373213170165e-03
1.948675206176523960e-03	-3.269198574863229571e-03	-3.361332264365991633e-03	-2.210377286795685986e-02
1.982014388489209810e-03	-9.435390686969868240e-03	-7.339832480481112489e-03	-6.102542353900731326e-02
2.015353570801895877e-03	-1.974888734549103825e-02	-1.574654837174757280e-02	-1.224318804897043533e-01
2.048692753114581943e-03	-3.045121387817365313e-02	-2.610836685725185374e-02	-1.861957988418689036e-01
2.082031935427268009e-03	-4.105399730797224672e-02	-3.672468043387809578e-02	-2.491134397212216578e-01
2.115371117739955377e-03	-5.164904918086793417e-02	-4.728204127661547046e-02	-3.119128531654624115e-01
2.148710300052642744e-03	-6.213006140046673648e-02	-5.787387165893734253e-02	-3.746420395285737226e-01
2.182049482365330546e-03	-7.252699352641353570e-02	-6.827917959499978096e-02	-4.367765461445553554e-01
2.215388664678016612e-03	-8.298835475560144281e-02	-7.884137246442694813e-02	-4.987886392863556950e-01
2.248727846990702679e-03	-9.344520589879286299e-02	-8.922219722759455740e-02	-5.612997387761834434e-01
2.282067029303388745e-03	-1.039909692269802705e-01	-9.979083292101895153e-02	-6.245765820342886743e-01
2.315406211616074812e-03	-1.146739666045534234e-01	-1.104313070753491222e-01	-6.885598950156684994e-01
2.348745393928761745e-03	-1.255193254016189752e-01	-1.212438070208957941e-01	-7.537937828779823768e-01
2.382084576241447812e-03	-1.365418643240812746e-01	-1.321642257551385868e-01	-8.194835127496566951e-01
2.415423758554133878e-03	-1.477399726450491779e-01	-1.433227101623247013e-01	-8.864557119001216234e-01
2.448762940866820812e-03	-1.591516635645573996e-01	-1.546042542123525765e-01	-9.542110552956173386e-01
2.482102123179506879e-03	-1.706406694345425079e-01	-1.661077566518317228e-01	-1.023195071911948029e+00
2.515441305492192945e-03	-1.824795255582359887e-01	-1.777810298722924953e-01	-1.094519811226457584e+00
2.548780487804879012e-03	-1.944572264755212443e-01	-1.897532543202690158e-01	-1.166239834941827480e+00
2.582119670117565078e-03	-2.066153289909561097e-01	-2.018333975724446450e-01	-1.239577366706162476e+00
2.615458852430251144e-03	-2.189486787765386189e-01	-2.140224260700925862e-01	-1.314171282515472328e+00
2.648798034742938078e-03	-2.314865910992591480e-01	-2.265571169387239070e-01	-1.388944326977079591e+00
2.682137217055624145e-03	-2.443282868526237550e-01	-2.392657665015900659e-01	-1.464896443618142419e+00
2.715476399368310211e-03	-2.572949751545315356e-01	-2.521648041967044507e-01	-1.541728038238129095e+00
2.748815581680996711e-03	-2.705035949154781516e-01	-2.652751695029318402e-01	-1.620961899191963873e+00
2.782154763993682778e-03	-2.838910055761604823e-01	-2.785723793498973144e-01	-1.701881575713067640e+00
2.815493946306369278e-03	-2.974256368604157319e-01	-2.920722188855964796e-01	-1.783211047443319597e+00
2.848833128619055344e-03	-3.111187638764350005e-01	-3.057415071056292510e-01	-1.865175174602997865e+00
2.882172310931741411e-03	-3.249922925425910436e-01	-3.195245128035987814e-01	-1.948219166405005698e+00
2.915511493244428345e-03	-3.389724514911413578e-01	-3.334779336383191239e-01	-2.032024744187054033e+00
2.948850675557114411e-03	-3.532351323084960137e-01	-3.476877825330662586e-01	-2.116631212153027519e+00
2.982189857869800478e-03	-3.675686852480075095e-01	-3.619772014817376760e-01	-2.201711915608310477e+00
3.015529040182486544e-03	-3.820613782540079328e-01	-3.764003109788287005e-01	-2.286960816432627830e+00
3.048868222495171743e-03	-3.966175340479348166e-01	-3.910212180386687386e-01	-2.372616627965431046e+00
3.082207404807858677e-03	-4.113192998062807915e-01	-4.056772390667798267e-01	-2.459551406447472388e+00
3.115546587120545177e-03	-4.259875624993019194e-01	-4.203226293743254627e-01	-2.546661476450414963e+00
3.148885769433231244e-03	-4.408397705216490214e-01	-4.351213611603000908e-01	-2.634416854185522627e+00
3.182224951745917310e-03	-4.558701252618340138e-01	-4.501220784460842617e-01	-2.723357784953269078e+00
3.215564134058603377e-03	-4.709072451866683773e-01	-4.651775606311766009e-01	-2.811138387495438096e+00
3.248903316371289443e-03	-4.860155594582385996e-01	-4.802671903965107236e-01	-2.900827127439089992e+00
3.282242498683975510e-03	-5.011757393411078176e-01	-4.954454103870928328e-01	-2.990679251938256122e+00
3.315581680996661576e-03	-5.164766970794630874e-01	-5.107412137340567870e-01	-3.080061418030201281e+00
3.348920863309347642e-03	-5.318066481020566894e-01	-5.260859833995428225e-01	-3.170370143684618114e+00
3.382260045622033709e-03	-5.472029613301011564e-01	-5.414504041287174774e-01	-3.260736595729037290e+00
3.415599227934719775e-03	-5.626556502553737849e-01	-5.569649449739002556e-01	-3.351478415748605943e+00
3.448938410247408010e-03	-5.782185132366671754e-01	-5.725023583644811564e-01	-3.443117166912410987e+00
3.482277592560094077e-03	-5.937978058621521393e-01	-5.880858388072676135e-01	-3.534307554190232903e+00
3.515616774872780143e-03	-6.094576351558850247e-01	-6.037166748974379660e-01	-3.624925228410119882e+00
3.548955957185466210e-03	-6.251003909526410274e-01	-6.194193497277836746e-01	-3.715398972722971038e+00
3.582295139498152276e-03	-6.407115767004686324e-01	-6.350888437784028007e-01	-3.805572223308705482e+00
3.615634321810838343e-03	-6.563449907587981524e-01	-6.507506065771277992e-01	-3.895322885950081471e+00
3.648973504123524409e-03	-6.720495993022962411e-01	-6.664806645458064560e-01	-3.985978548175525660e+00
3.682312686436210476e-03	-6.875496455190783784e-01	-6.821511258061991878e-01	-4.075282862414852936e+00
3.715651868748896976e-03	-7.031302284678614400e-01	-6.977065812835522296e-01	-4.163835352348729479e+00
3.748991051061583042e-03	-7.185432958689322858e-01	-7.132233795434455015e-01	-4.252093151913516778e+00
3.782330233374269109e-03	-7.338519883071852323e-01	-7.286229170078771800e-01	-4.340147431603202932e+00
3.815669415686955175e-03	-7.489941316371491187e-01	-7.438884420961007216e-01	-4.428930503105013017e+00
3.849008597999641242e-03	-7.640541280720917205e-01	-7.590305856229723203e-01	-4.516570981408135843e+00
3.882347780312327308e-03	-7.789559511929643465e-01	-7.740657770283969619e-01	-4.602329844988203966e+00
3.915686962625015109e-03	-7.937227955009159563e-01	-7.889170234526173831e-01	-4.686856874434582210e+00
3.949026144937704645e-03	-8.083237349914249581e-01	-8.036903108852010424e-01	-4.769405314206405677e+00
3.982365327250390712e-03	-8.227027162789546377e-01	-8.182149020129585448e-01	-4.850291837948262241e+00
4.015704509563076778e-03	-8.368665044215802817e-01	-8.324875753692588809e-01	-4.929245510366253136e+00
4.049043691875768049e-03	-8.511907215268356142e-01	-8.468137252533474157e-01	-5.008807487098297706e+00
4.082382874188454115e-03	-8.652936247161533423e-01	-8.610690033570223001e-01	-5.087930121128798611e+00
4.115722056501140182e-03	-8.791098183644868724e-01	-8.749902164767869861e-01	-5.165028084178253209e+00
4.149061238813826248e-03	-8.927626843443212667e-01	-8.888006117166709075e-01	-5.240578806781084786e+00
4.182400421126509713e-03	-9.062618870292336037e-01	-9.023938809214048229e-01	-5.314907019194333060e+00
4.215739603439195779e-03	-9.195365543105610273e-01	-9.157774334385857529e-01	-5.387578129620257172e+00
4.249078785751881845e-03	-9.326011827449072200e-01	-9.290488794791129656e-01	-5.458647223008040505e+00
4.282417968064567912e-03	-9.454222691463456396e-01	-9.420439246096541375e-01	-5.527624294535723237e+00
4.315757150377253978e-03	-9.580851821811673386e-01	-9.548076692494763540e-01	-5.595247402307014895e+00
4.349096332689940045e-03	-9.705486871596969989e-01	-9.674293478191099416e-01	-5.661477562277999809e+00
4.382435515002626111e-03	-9.827335361656711621e-01	-9.797572295633260042e-01	-5.726302207166014568e+00
4.415774697315314780e-03	-9.946410177679753106e-01	-9.918589651204028357e-01	-5.789845042674195419e+00
4.449113879628000846e-03	-1.006346836258073640e+00	-1.003755493969170187e+00	-5.851820311167201361e+00
4.482453061940686913e-03	-1.017783985260385826e+00	-1.015365313163206329e+00	-5.912199659076430081e+00
4.515792244253372979e-03	-1.028936035314121034e+00	-1.026681013329800773e+00	-5.971003056639663242e+00
4.549131426566056444e-03	-1.039782369060529454e+00	-1.037671990582108572e+00	-6.028412520517618667e+00
4.582470608878747714e-03	-1.050366476192489795e+00	-1.048456472487550917e+00	-6.084424826010032206e+00
4.615809791191433781e-03	-1.060555310391683825e+00	-1.058840204986837286e+00	-6.138918515712838087e+00
4.649148973504117245e-03	-1.070444226857909964e+00	-1.068943670670264634e+00	-6.191875867411972933e+00
4.682488155816803312e-03	-1.079940447518500157e+00	-1.078613528011337808e+00	-6.243086184744944589e+00
4.715827338129489378e-03	-1.089225340571409850e+00	-1.088086876470124142e+00	-6.292593277810985875e+00
4.749166520442175445e-03	-1.098149430240441760e+00	-1.097194267216267116e+00	-6.340706417709511378e+00
4.782505702754861511e-03	-1.106801306671012952e+00	-1.106015270305522380e+00	-6.387233271193526463e+00
4.815844885067547577e-03	-1.115093990412709735e+00	-1.114526691205656395e+00	-6.431897742535575446e+00
4.849184067380233644e-03	-1.123129923896706961e+00	-1.122705013239384098e+00	-6.475037131472504370e+00
4.882523249692919710e-03	-1.130850476524318582e+00	-1.130669108287887026e+00	-6.516612775648963130e+00
4.915862432005605777e-03	-1.138035622511979650e+00	-1.138070092142356771e+00	-6.556677184463244323e+00
4.949201614318291843e-03	-1.144964018193045607e+00	-1.145225922956395026e+00	-6.594880486776190764e+00
4.982540796630977910e-03	-1.151648549399275412e+00	-1.152049621275290203e+00	-6.631398902195595468e+00
5.015879978943663976e-03	-1.157868223902257299e+00	-1.158503495991617838e+00	-6.666601304329901723e+00
5.049219161256350043e-03	-1.163773483908747242e+00	-1.164606553708817049e+00	-6.700236081609517669e+00
5.082558343569036977e-03	-1.169302155208921556e+00	-1.170392619752979702e+00	-6.732487508894267059e+00
5.115897525881722176e-03	-1.174480653768655181e+00	-1.175768916033519185e+00	-6.763102041459726266e+00
5.149236708194409110e-03	-1.179299959484522153e+00	-1.180752516278863684e+00	-6.792450164932259504e+00
5.182575890507094309e-03	-1.183731401340511802e+00	-1.185432977093939577e+00	-6.820163000069129566e+00
5.215915072819802059e-03	-1.187787865168987711e+00	-1.189717842533830838e+00	-6.846656135975825563e+00
5.249254255132470778e-03	-1.191459686575407018e+00	-1.193582629481471757e+00	-6.871426995260862647e+00
5.282593437445174192e-03	-1.194744610526825790e+00	-1.196968385185467776e+00	-6.894816425398527571e+00
5.315932619757862861e-03	-1.197660032904661387e+00	-1.200107376988101882e+00	-6.916594721673418711e+00
5.349271802070550662e-03	-1.200206597993182855e+00	-1.202895873831290263e+00	-6.936916521203494668e+00
5.382610984383234126e-03	-1.202370453502250136e+00	-1.205277500135923718e+00	-6.955771835361225897e+00
5.415950166695924529e-03	-1.204081049424180261e+00	-1.207185893792627418e+00	-6.972906797102478293e+00
5.449289349008606259e-03	-1.205311003332597108e+00	-1.208683873289810196e+00	-6.988396791424397847e+00
5.482628531321296662e-03	-1.206129576640444512e+00	-1.209749210539933673e+00	-7.001991495064495474e+00
5.515967713633976657e-03	-1.206489413864348492e+00	-1.210359677456440242e+00	-7.014131628053462464e+00
5.549306895946668795e-03	-1.206466219343219182e+00	-1.210527837736470991e+00	-7.024847150804028217e+00
5.582646078259348790e-03	-1.206165657006640135e+00	-1.210404455768576693e+00	-7.033729557468393345e+00
5.615985260572042663e-03	-1.205437284614069293e+00	-1.209881934745403509e+00	-7.041035612632887464e+00
5.649324442884723525e-03	-1.204331356963577404e+00	-1.208956731061107792e+00	-7.046840702280940505e+00
5.682663625197414796e-03	-1.202809216523280877e+00	-1.207637220517941534e+00	-7.050856488322958526e+00
5.716002807510094791e-03	-1.200885037727160931e+00	-1.205976557230519219e+00	-7.053232132764602369e+00
5.749341989822786929e-03	-1.198585880855247643e+00	-1.203926741430568770e+00	-7.053786256515423680e+00
5.782681172135466924e-03	-1.195891128562078132e+00	-1.201414645953983173e+00	-7.052423820861130288e+00
5.816020354448159062e-03	-1.192840726974091048e+00	-1.198523062362233604e+00	-7.049359387795355758e+00
5.849359536760837322e-03	-1.189362193223454822e+00	-1.195330916462230775e+00	-7.044680264277972448e+00
5.882698719073532062e-03	-1.185448762252711674e+00	-1.191662960774581892e+00	-7.038225690434735782e+00
5.916037901386209455e-03	-1.181090769690899211e+00	-1.187520161750028169e+00	-7.029732136029024581e+00
5.949377083698906797e-03	-1.176362309155426500e+00	-1.182965982185940179e+00	-7.018997604656853184e+00
5.982716266011584190e-03	-1.171225367419234775e+00	-1.178058086248733982e+00	-7.006256311295874006e+00
6.016055448324278930e-03	-1.165759836728372800e+00	-1.172764903632577127e+00	-6.991498914513257112e+00
6.049394630636955456e-03	-1.159902898607963140e+00	-1.167111883893665381e+00	-6.974512142947755677e+00
6.082733812949651063e-03	-1.153735089594698726e+00	-1.161073899650671981e+00	-6.955179052871929279e+00
6.116072995262327588e-03	-1.147146880034722871e+00	-1.154698306394363438e+00	-6.933365626271620563e+00
6.149412177575023196e-03	-1.140167585238625492e+00	-1.147942580856761152e+00	-6.909165293512550043e+00
6.182751359887697987e-03	-1.132944103833216865e+00	-1.140811555245688780e+00	-6.882435016730262589e+00
6.216090542200395329e-03	-1.125192947292768864e+00	-1.133353873635907894e+00	-6.853003086006309807e+00
6.249429724513070120e-03	-1.117036531145559008e+00	-1.125414905932280663e+00	-6.820807005581616345e+00
6.282768906825767462e-03	-1.108607901733194900e+00	-1.117082275886314369e+00	-6.785683443031157225e+00
6.316108089138442253e-03	-1.099822978950815822e+00	-1.108492573446604679e+00	-6.747371129016999092e+00
6.349447271451139595e-03	-1.090764554350100113e+00	-1.099549154811357621e+00	-6.705783085533774113e+00
6.382786453763814385e-03	-1.081314078205218632e+00	-1.090331590072415313e+00	-6.660842000126939055e+00
6.416125636076511728e-03	-1.071499899387877708e+00	-1.080652068106460417e+00	-6.612379711218152600e+00
6.449464818389189988e-03	-1.061366151923943235e+00	-1.070736091158571712e+00	-6.560088884122867725e+00
6.482804000701888197e-03	-1.050943439701987892e+00	-1.060375552913505937e+00	-6.503683448412529877e+00
6.516143183014561253e-03	-1.040196970969839096e+00	-1.049835579564560861e+00	-6.443090928503917070e+00
6.549482365327260330e-03	-1.029201161471422710e+00	-1.038922239226563127e+00	-6.378533305160771327e+00
6.582821547639933386e-03	-1.017745972033807789e+00	-1.027680954506177580e+00	-6.309790553932518087e+00
6.616160729952632463e-03	-1.006005361515501351e+00	-1.016029578195016603e+00	-6.237039875838457093e+00
6.649499912265305519e-03	-9.940846716662723459e-01	-1.004210364096553398e+00	-6.160532890624865310e+00
6.682839094578004596e-03	-9.819787481601213175e-01	-9.921927083506971723e-01	-6.080210010771931906e+00
6.716178276890677652e-03	-9.696015780322794209e-01	-9.799469735384244151e-01	-5.996611832480421178e+00
6.749517459203376729e-03	-9.569557384657204624e-01	-9.674251599217009723e-01	-5.909572454609741676e+00
6.782856641516048918e-03	-9.440895513650110482e-01	-9.546105159269379081e-01	-5.819833497713757353e+00
6.816195823828748862e-03	-9.309833658381553301e-01	-9.415871216599792648e-01	-5.728031232941281026e+00
6.849535006141421051e-03	-9.176011015525379344e-01	-9.283105209906428179e-01	-5.634627962929297240e+00
6.882874188454121862e-03	-9.040207178338929284e-01	-9.147691166782621064e-01	-5.539843403009476752e+00
6.916213370766793184e-03	-8.901645775246537218e-01	-9.010611632406402283e-01	-5.444039983142656247e+00
6.949552553079493995e-03	-8.761186935946647658e-01	-8.871003255777122343e-01	-5.348182241569824136e+00
6.982891735392165317e-03	-8.618759788397268862e-01	-8.728553555477966963e-01	-5.252769196212549119e+00
7.016230917704866128e-03	-8.473906885495214869e-01	-8.584969904894884651e-01	-5.157126571308785046e+00
7.049570100017535715e-03	-8.327965132752805921e-01	-8.438876741073680909e-01	-5.061205719787995605e+00
7.082909282330238261e-03	-8.181047281226925261e-01	-8.292068416680813403e-01	-4.965426408437243033e+00
7.116248464642907848e-03	-8.032760312928740598e-01	-8.143952183277926027e-01	-4.869545729805247802e+00
7.149587646955610394e-03	-7.882988255357968876e-01	-7.994824415055807876e-01	-4.774267589146570678e+00
7.182926829268279981e-03	-7.733225865307954416e-01	-7.844675447627182940e-01	-4.679156107934310249e+00
7.216266011580984262e-03	-7.582329524912168051e-01	-7.693398972835719940e-01	-4.583843061984630651e+00
7.249605193893653848e-03	-7.430228362065480763e-01	-7.541674718410795730e-01	-4.487828467820905054e+00
7.282944376206356395e-03	-7.278017672607355326e-01	-7.389386711777641281e-01	-4.391598776231263379e+00
7.316283558519025981e-03	-7.125269002492717885e-01	-7.236512402674393218e-01	-4.295515118539842803e+00
7.349622740831728528e-03	-6.972133760200961428e-01	-7.082987361878093635e-01	-4.199769817092499302e+00
7.382961923144396379e-03	-6.817980539845018839e-01	-6.928863132665742386e-01	-4.103409943209160637e+00
7.416301105457100661e-03	-6.663131487205927739e-01	-6.774026963928813094e-01	-4.006833353345880866e+00
7.449640287769768512e-03	-6.507837875955176932e-01	-6.618591606655113146e-01	-3.910714953208988653e+00
7.482979470082472793e-03	-6.352473395150318725e-01	-6.462872763668827680e-01	-3.813985841800383803e+00
7.516318652395140645e-03	-6.197827301916577492e-01	-6.307534055244794491e-01	-3.718770924931762423e+00
7.549657834707844926e-03	-6.042350074845237451e-01	-6.152433737114308965e-01	-3.623515820398204745e+00
7.582997017020511911e-03	-5.886003056375226361e-01	-5.995874100834841514e-01	-3.528170592781772363e+00
7.616336199333217059e-03	-5.731566364596415442e-01	-5.839659162791862590e-01	-3.433166920904656028e+00
7.649675381645884044e-03	-5.576582027006904418e-01	-5.684797239193998264e-01	-3.338074087730522166e+00
7.683014563958589192e-03	-5.422287083330582513e-01	-5.529806459284274389e-01	-3.243609195950622137e+00
7.716353746271256177e-03	-5.268539789302244536e-01	-5.375353664739703774e-01	-3.148839619865965389e+00
7.749692928583962193e-03	-5.114376928950478129e-01	-5.221261675267865332e-01	-3.054454112658074205e+00
7.783032110896668208e-03	-4.960758496583207999e-01	-5.066502845751269524e-01	-2.961466473411014100e+00
7.816371293209334326e-03	-4.808032409523479433e-01	-4.913177566521368944e-01	-2.869134467099787145e+00
7.849710475522003045e-03	-4.656936381447693840e-01	-4.761224629748908033e-01	-2.777589204825759328e+00
7.883049657834708193e-03	-4.506726255516861346e-01	-4.609870885476701763e-01	-2.687215328113928603e+00
7.916388840147409872e-03	-4.357228072914072770e-01	-4.459960355490019679e-01	-2.596779006141777479e+00
7.949728022460080326e-03	-4.209311627077159113e-01	-4.310945391876795374e-01	-2.506302465192896012e+00
7.983067204772782005e-03	-4.063492351096760213e-01	-4.163673237871621802e-01	-2.418692119887329017e+00
8.016406387085452459e-03	-3.919512528249043948e-01	-4.018253422912824169e-01	-2.332775025278805980e+00
8.049745569398154138e-03	-3.776444378667575541e-01	-3.874389572793285885e-01	-2.246538400099491462e+00
8.083084751710824592e-03	-3.635618364204195041e-01	-3.732294303606595864e-01	-2.162141596241545560e+00
8.116423934023526271e-03	-3.494608727276143356e-01	-3.590476080437802753e-01	-2.078779564290652360e+00
8.149763116336196725e-03	-3.353863250400668239e-01	-3.449447114945670134e-01	-1.994941431841201318e+00
8.183102298648898404e-03	-3.216832114437299661e-01	-3.310151294084670570e-01	-1.913059729122933872e+00
8.216441480961568858e-03	-3.082835591765779593e-01	-3.174151024633881657e-01	-1.833847363548365195e+00
8.249780663274270537e-03	-2.951744824004283729e-01	-3.040946980595707339e-01	-1.754948472423643491e+00
8.283119845586940991e-03	-2.823579139822105510e-01	-2.910793657027731518e-01	-1.677882619634949890e+00
8.316459027899642670e-03	-2.697594382484851949e-01	-2.783298036050020907e-01	-1.602862096928109548e+00
8.349798210212313124e-03	-2.574019275411998930e-01	-2.658331259300822369e-01	-1.529188810323367953e+00
8.383137392525014803e-03	-2.453865356183242696e-01	-2.535954534414323613e-01	-1.457905867597273808e+00
8.416476574837685257e-03	-2.335138542602118450e-01	-2.416409470646520563e-01	-1.387092630062505716e+00
8.449815757150386936e-03	-2.219865131350680920e-01	-2.298910032339426535e-01	-1.318082459683597385e+00
8.483154939463059124e-03	-2.106141241050687452e-01	-2.184016753045713299e-01	-1.250366685772493991e+00
8.516494121775762538e-03	-1.995803102407525675e-01	-2.071713525444136283e-01	-1.184952979830294462e+00
8.549833304088432992e-03	-1.887372066431771966e-01	-1.961910148696243139e-01	-1.120439038226007877e+00
8.583172486401134671e-03	-1.781121956981541743e-01	-1.854342463266899776e-01	-1.057371541646213942e+00
8.616511668713805125e-03	-1.677958003581503654e-01	-1.749184427835954458e-01	-9.952914307925641024e-01
8.649850851026506804e-03	-1.578208794881099941e-01	-1.647766504315711922e-01	-9.356042274635369971e-01
8.683190033339177258e-03	-1.480820914285041201e-01	-1.548332998382813963e-01	-8.773383382291735089e-01
8.716529215651878937e-03	-1.387176367041654812e-01	-1.452588061027363098e-01	-8.210027526494640959e-01
8.749868397964549391e-03	-1.296202407815641167e-01	-1.360080688204497179e-01	-7.672072918653298768e-01
8.783207580277251070e-03	-1.209426007459668412e-01	-1.270504841457281708e-01	-7.154954742401181678e-01
8.816546762589921524e-03	-1.124914291488548074e-01	-1.184997695284821101e-01	-6.657964269358829235e-01
8.849885944902623203e-03	-1.044468054654743155e-01	-1.102135365487630914e-01	-6.179046202547985311e-01
8.883225127215293657e-03	-9.677136079059849016e-02	-1.023406165444128435e-01	-5.723071380843135492e-01
8.916564309527995336e-03	-8.947637022758379854e-02	-9.480852672324559249e-02	-5.288754437279004073e-01
8.949903491840665790e-03	-8.255249155184742060e-02	-8.765270311998918373e-02	-4.875773221790259404e-01
8.983242674153367469e-03	-7.595140290231247593e-02	-8.088828658728257348e-02	-4.487085028790968044e-01
9.016581856466037923e-03	-6.966698351173666870e-02	-7.436966724635460380e-02	-4.116656065150429700e-01
9.049921038778739601e-03	-6.375915249276217778e-02	-6.824599858351790282e-02	-3.764821360153278729e-01
9.083260221091410055e-03	-5.772632890343485507e-02	-6.230208723584148428e-02	-3.400500290296326056e-01
9.116599403404122143e-03	-5.008470937863871569e-02	-5.548419443077398649e-02	-2.941761527546814525e-01
9.149938585716785658e-03	-3.937722862518486244e-02	-4.634234209728368276e-02	-2.290463370857764858e-01
9.183277768029494276e-03	-2.436233681854548319e-02	-3.353672598011304962e-02	-1.379982851255592280e-01
9.216616950342157791e-03	-7.090491653724728845e-03	-1.706605741858427394e-02	-3.842850924828720288e-02
9.249956132654866409e-03	-1.376914338813161253e-03	-5.894686572980405853e-03	-9.389323843588289267e-03
9.283295314967529924e-03	-7.397100109030847271e-04	-2.742490245981877867e-03	-5.904028801002707272e-03
9.316634497280238542e-03	-4.697518577323342372e-04	-1.904911251408542006e-03	-4.221461462029597878e-03
9.349973679592902057e-03	-3.015917670729659434e-04	-1.565369612698443678e-03	-3.164501200891200929e-03
9.383312861905610675e-03	-2.091359317783043307e-04	-1.436511305763157106e-03	-2.419700187432026819e-03
9.416652044218274190e-03	-1.353645509988696998e-04	-1.302176520778772261e-03	-1.936159390882014704e-03
9.449991226530982807e-03	-8.672054008974469284e-05	-1.250633198005598155e-03	-1.585020504552497791e-03
9.483330408843646323e-03	-5.772742100471182377e-05	-1.212942143228976262e-03	-1.317317371895895730e-03
9.516669591156354940e-03	2.835983312288554120e-06	-1.170096756160532653e-03	-1.122097036863296772e-03
9.550008773469018455e-03	1.121177327007755241e-05	-1.102446145008625315e-03	-9.668227769641608632e-04
9.583347955781727073e-03	2.538618704268506536e-05	-1.078285212448280113e-03	-8.337765750081881392e-04
9.616687138094390588e-03	3.215124816514047351e-05	-1.089882460075188800e-03	-7.725688791893624329e-04
9.650026320407099206e-03	4.858068231602528686e-05	-1.095681083897595944e-03	-7.000860815067046434e-04
9.683365502719762721e-03	4.374849580070342580e-05	-1.018366099711822499e-03	-6.356569280069973788e-04
9.716704685032471339e-03	5.115784845586978269e-05	-1.028352618501183384e-03	-5.960329986051605055e-04
9.750043867345134854e-03	5.212428576044637028e-05	-1.002580957104774219e-03	-5.502882996175627621e-04
9.783383049657843472e-03	7.692950986488607810e-05	-1.033506950773604603e-03	-5.245166382161597614e-04
9.816722231970506987e-03	6.533226223297272650e-05	-1.001292374029933091e-03	-5.032550175604317113e-04
9.850061414283215605e-03	8.498315405908990331e-05	-9.809971906785070004e-04	-4.784497934598945078e-04
9.883400596595879120e-03	7.306376065590057317e-05	-9.890508348667217606e-04	-4.961678106736730964e-04
9.916739778908587738e-03	7.145303181710976003e-05	-9.829300652836798526e-04	-4.681411288990096190e-04
9.950078961221251253e-03	6.758728260571223053e-05	-9.693999430591202903e-04	-4.600874847124878405e-04
9.983418143533959871e-03	6.629869953650389925e-05	-9.304203051816504035e-04	-4.597653389417386623e-04
1.001675732584662339e-02	9.496967285657983851e-05	-9.574805496527734111e-04	-4.381815725185817488e-04
1.005009650815933200e-02	8.627173712953456388e-05	-9.719771091904026586e-04	-4.159535145586067085e-04
1.008343569047199552e-02	8.756032020115031187e-05	-9.458833020238996067e-04	-4.159535145558746817e-04
1.011677487278470414e-02	8.627173712992323681e-05	-9.368632205408020022e-04	-3.937254565986326982e-04
1.015011405509736939e-02	8.594959136346973531e-05	-9.716549634248670833e-04	-4.133763484186275209e-04
1.018345323741007627e-02	7.918453024120903293e-05	-9.397625324486711101e-04	-3.866382497098573047e-04
1.021679241972273978e-02	7.596307256676137435e-05	-9.597355700265524075e-04	-3.927590192928245654e-04
1.025013160203545014e-02	9.045963210875431881e-05	-9.552255292933987995e-04	-3.917925819911124399e-04
1.028347078434811365e-02	9.239250671627726049e-05	-9.710106718919343577e-04	-3.853496666413629883e-04
1.031680996666082747e-02	1.039897543510573239e-04	-9.838965025861178514e-04	-3.818060631975950486e-04
1.035014914897348579e-02	9.335894401844138982e-05	-9.890508348628593988e-04	-3.579672763991580608e-04
1.038348833128620134e-02	6.952015721154244801e-05	-9.967823332850433201e-04	-3.515243610464161028e-04
1.041682751359887006e-02	1.046340458860513213e-04	-1.004513831705556920e-03	-3.679537951941066532e-04
1.045016669591158041e-02	9.239250671640623989e-05	-9.983930621234233561e-04	-3.418599880209806439e-04
1.048350587822423699e-02	1.059226289581925549e-04	-9.552255292900244370e-04	-3.399271134149547957e-04
1.051684506053694734e-02	1.020568797457505864e-04	-9.764871499450975207e-04	-3.328399065293663603e-04
1.055018424284961606e-02	9.207036094656205873e-05	-9.938830213778932551e-04	-3.254305538757603397e-04
1.058352342516232468e-02	9.883542206608557075e-05	-9.974266248230811201e-04	-3.325177607616095800e-04
1.061686260747498126e-02	8.788246596995132791e-05	-9.967823332939320432e-04	-3.151218893150046336e-04
1.065020178978768987e-02	1.133319816125737258e-04	-1.016433225108666046e-03	-3.138333062414374436e-04
1.068354097210036033e-02	1.088219408669643831e-04	-9.922722925374740516e-04	-3.193097842922730956e-04
1.071688015441306895e-02	1.023790255131807101e-04	-9.803528991406704283e-04	-3.070682451234106321e-04
1.075021933672572552e-02	1.017347339777312801e-04	-9.729435464778322636e-04	-3.170547639164738511e-04
1.078355851903843414e-02	1.007682966745224813e-04	-9.355746374575020377e-04	-3.041689332167831525e-04
1.081689770135110633e-02	1.046340458876811617e-04	-9.452390104946779966e-04	-3.022360586071135718e-04
1.085023688366381321e-02	1.017347339779934266e-04	-9.742321295640467803e-04	-2.986924551688741958e-04
1.088357606597646979e-02	9.722469322977402983e-05	-9.391182409000391369e-04	-2.999810382378221966e-04
1.091691524828917667e-02	1.271842496255059152e-04	-9.539369462053615221e-04	-2.961152890257741865e-04
1.095025443060185580e-02	1.123655443096284830e-04	-9.716549634093508492e-04	-2.951488517234137623e-04
1.098359361291455748e-02	1.204191885038966692e-04	-9.884065433190820493e-04	-2.858066244645623023e-04
1.101693279522721926e-02	9.754683899903134590e-05	-1.001292374012770388e-03	-2.800080006477916549e-04
1.105027197753992094e-02	1.175198765926456637e-04	-9.893729806163475363e-04	-2.819408752538156058e-04
1.108361115985260180e-02	1.130098358444911157e-04	-9.549033835093091640e-04	-2.783972718091337921e-04
1.111695034216530174e-02	1.204191885016808717e-04	-1.001936665541735801e-03	-2.819408752521228951e-04
1.115028952447795832e-02	1.239627919464298788e-04	-9.903394179193538739e-04	-2.822630210217681387e-04
1.118362870679066173e-02	9.368108978691635916e-05	-9.964601874984477681e-04	-2.787194175797544382e-04
1.121696788910334260e-02	1.142984189171522921e-04	-9.845407941159334958e-04	-2.893502279088530442e-04
1.125030707141604601e-02	9.722469323303124420e-05	-1.031251930400000488e-03	-2.764643972070787801e-04
1.128364625372870259e-02	1.010904424442991031e-04	-1.026097598118351191e-03	-2.706657733893331097e-04
1.131698543604140600e-02	1.020568797447728122e-04	-1.013211767427791860e-03	-2.722765022255168774e-04
1.135032461835408686e-02	9.980185937288016493e-05	-1.005480269009139619e-03	-2.748536683680965239e-04
1.138366380066679028e-02	1.075333577965865501e-04	-1.010312455519267461e-03	-2.748536683682905419e-04
1.141700298297944685e-02	1.052783374233249756e-04	-1.008701726675673713e-03	-2.671221699443245717e-04
1.145034216529214853e-02	9.980185937105577794e-05	-9.797086076106596274e-04	-2.890280821409000234e-04
1.148368134760483286e-02	1.033454628163888041e-04	-9.942051671456412533e-04	-2.745315225996880840e-04
1.151702052991753454e-02	9.593611015972355806e-05	-9.816414822096061234e-04	-2.800080006472705873e-04
1.155035971223019112e-02	1.152648562193817717e-04	-9.439504274200005837e-04	-2.584242342214446392e-04
1.158369889454289800e-02	1.033454628175616127e-04	-9.307424509635123288e-04	-2.719543564596461752e-04
1.161703807685558060e-02	1.255735207836530982e-04	-8.895077927197809781e-04	-2.581020884552503569e-04
1.165037725916828228e-02	1.088219408657293955e-04	-9.146351625815756035e-04	-2.742093768323217249e-04
1.168371644148094059e-02	1.097883781701094850e-04	-9.056150811058090487e-04	-2.655114411064490691e-04
1.171705562379363880e-02	1.033454628188003950e-04	-9.043264980313364416e-04	-2.748536683677715343e-04
1.175039480610632833e-02	1.010904424441066979e-04	-8.618032567253912325e-04	-2.806522921849328197e-04
1.178373398841902654e-02	1.242849377162708480e-04	-8.933735419246660982e-04	-2.780751260443053876e-04
1.181707317073168312e-02	1.168755850591474181e-04	-9.449168647239215542e-04	-2.606792545935350991e-04
1.185041235304438306e-02	1.062447747264046323e-04	-9.078701014675862524e-04	-2.751758141344234042e-04
1.188375153535707260e-02	1.036676085833664090e-04	-9.226888067768719386e-04	-2.758201056697425131e-04
1.191709071766977081e-02	9.851327630256502587e-05	-8.775883993371872338e-04	-2.742093768303033199e-04
1.195042989998242912e-02	1.184863138970912932e-04	-9.587691327329541258e-04	-2.603571088271429499e-04
1.198376908229512559e-02	9.980185937177185281e-05	-9.214002237116923535e-04	-2.725986479944447045e-04
1.201710826460781860e-02	1.126876900784298921e-04	-9.271988475198331310e-04	-2.758201056700667979e-04
1.205044744692051507e-02	9.400323555493391716e-05	-9.114137049214175940e-04	-2.664778784112170184e-04
1.208378662923317338e-02	1.168755850576490643e-04	-9.120579964601737864e-04	-2.745315226003389305e-04
1.211712581154586986e-02	1.149427104518199174e-04	-9.532926546946337990e-04	-2.716322106914988654e-04
1.215046499385856286e-02	1.104326697052337628e-04	-9.310645967374461341e-04	-2.635785665017265945e-04
1.218380417617125934e-02	9.303679824938123591e-05	-8.811320027774453400e-04	-2.751758141359836795e-04
1.221714335848391765e-02	1.200970427334010181e-04	-9.313867425114961658e-04	-2.465048408197554925e-04
1.225048254079661413e-02	1.162312935220045728e-04	-9.587691327468249747e-04	-2.610014003614876321e-04
1.228382172310930887e-02	9.207036094721561580e-05	-9.819636280013724523e-04	-2.651892953399925183e-04
1.231716090542200708e-02	1.110769612405542947e-04	-9.181787660470987645e-04	-2.677664614801660492e-04
1.235050008773466192e-02	9.947971360447156232e-05	-8.943399792525485873e-04	-2.648671495718447747e-04
1.238383927004735839e-02	1.046340458863756468e-04	-8.772662535786437867e-04	-2.523034646359413754e-04
1.241717845236005660e-02	1.068890662589862934e-04	-8.808098570210971855e-04	-2.506927357965676138e-04
1.245051763467275134e-02	1.204191885026601637e-04	-8.917628131098437154e-04	-2.645450038060388536e-04
1.248385681698540618e-02	1.246070834821414147e-04	-8.956285623180550593e-04	-2.587463799877055999e-04
1.251719599929810092e-02	1.152648562200984429e-04	-8.746890874278144459e-04	-2.677664614804265287e-04
1.255053518161080087e-02	9.658040169373713845e-05	-9.052929353328528685e-04	-2.590685257580019069e-04
1.258387436392349561e-02	1.072112120288950388e-04	-9.101251218416875821e-04	-2.374847593285983897e-04
1.261721354623615045e-02	1.226742088742268050e-04	-9.223666610021093691e-04	-2.639007122666211895e-04
1.265055272854884519e-02	1.197748969673390355e-04	-9.191452033248213990e-04	-2.600349630588678668e-04
1.268389191086154513e-02	1.104326697052339661e-04	-9.304203051822201517e-04	-2.597128172912403234e-04
1.271723109317423987e-02	9.819113053591470102e-05	-9.329974713279229510e-04	-2.577799426859958597e-04
1.275057027548689298e-02	1.168755850599290330e-04	-9.594134242493342285e-04	-2.571356511515863964e-04
1.278390945779958945e-02	1.220299173373407393e-04	-9.532926546775893819e-04	-2.510148815667979471e-04
1.281724864011228940e-02	1.149427104518853761e-04	-9.706885261128330280e-04	-2.619678376636540382e-04
1.285058782242498587e-02	1.052783374194801507e-04	-9.735878380298379486e-04	-2.574577969183678284e-04
1.288392700473764245e-02	1.033454628171700531e-04	-9.780978787762922236e-04	-2.610014003619443522e-04
1.291726618705038403e-02	1.110769612392498504e-04	-9.523262173754106158e-04	-2.603571088255834335e-04
1.295060536936307877e-02	1.168755850582361462e-04	-9.674670684316410627e-04	-2.545584850084208471e-04
1.298394455167573187e-02	1.178420223602725565e-04	-9.658563395944165693e-04	-2.471491323566367198e-04
1.301728373398842488e-02	1.226742088773548095e-04	-9.951716044384196613e-04	-2.529477561719765998e-04
1.305062291630112829e-02	1.130098358471001398e-04	-9.500711969949060965e-04	-2.484377154274720998e-04
1.308396209861382303e-02	1.149427104500606639e-04	-9.394403866613907760e-04	-2.581020884542738702e-04
1.311730128092647614e-02	1.146205646854973198e-04	-9.838965025663387511e-04	-2.600349630582795245e-04
1.315064046323916915e-02	1.271842496225070933e-04	-9.787421702916836424e-04	-2.635785665015321429e-04
1.318397964555187603e-02	1.181641681267916522e-04	-9.687556515014273143e-04	-2.477934238907207598e-04
1.321731882786456730e-02	1.078555035634331697e-04	-9.449168647220019743e-04	-2.558470680810783372e-04
1.325065801017722041e-02	9.400323555460918506e-05	-9.529705089122228337e-04	-2.445719662146429762e-04
1.328399719248991341e-02	1.075333577965870786e-04	-9.629570277071071872e-04	-2.616456918953777083e-04
1.331733637480262029e-02	1.088219408661182989e-04	-9.983930621131668036e-04	-2.519813188684438278e-04
1.335067555711531156e-02	1.068890662623761057e-04	-9.793864618335599518e-04	-2.481155696570470979e-04
1.338401473942796467e-02	1.094662324034607052e-04	-9.607020073214573696e-04	-2.403840712352913009e-04
1.341735392174065594e-02	1.278285411608907538e-04	-9.442725731767031639e-04	-2.581020884521266620e-04
1.345069310405336456e-02	1.188084596609369225e-04	-9.668227768983414429e-04	-2.358740304896155644e-04
1.348403228636605583e-02	9.883542206882501083e-05	-9.613462988442379514e-04	-2.571356511517814444e-04
1.351737146867870894e-02	1.294392699982466525e-04	-9.835743568038432787e-04	-2.767865429708038462e-04
1.355071065099140194e-02	1.065669204915548009e-04	-1.002580957083073696e-03	-2.568135053834396287e-04
1.358404983330411056e-02	1.242849377134054101e-04	-9.996816451796734521e-04	-2.600349630575655773e-04
1.361738901561680357e-02	1.075333577954807316e-04	-9.942051671481017417e-04	-2.535920477069709359e-04
1.365072819792945320e-02	1.188084596622408789e-04	-9.516819258384094215e-04	-2.555249223139726203e-04
1.368406738024214621e-02	1.133319816135542241e-04	-9.739099837939113689e-04	-2.600349630595825186e-04
1.371740656255485483e-02	1.084997951013609232e-04	-9.848629398908847164e-04	-2.729207937621379505e-04
1.375074574486754783e-02	1.101105239355199705e-04	-9.858293771975884003e-04	-2.539141934759657666e-04
1.378408492718019747e-02	1.107548154717538343e-04	-1.007413143616856877e-03	-2.539141934746632604e-04
1.381742410949288874e-02	1.236406461799765535e-04	-9.687556515231497386e-04	-2.590685257558554035e-04
1.385076329180559909e-02	1.043119001177073913e-04	-9.603798615753478783e-04	-2.465048408220978028e-04
1.388410247411829210e-02	1.184863138958532427e-04	-9.223666610216400786e-04	-2.506927357989755726e-04
1.391744165643094173e-02	9.819113053311533167e-05	-9.719771092062818836e-04	-2.574577969173934559e-04
1.395078083874363301e-02	1.178420223602723261e-04	-9.561919666027523818e-04	-2.558470680804278159e-04
1.398412002105634509e-02	1.181641681267907307e-04	-9.178566202737611620e-04	-2.506927357994315881e-04
1.401745920336903636e-02	1.213856258046284455e-04	-9.429839901300400172e-04	-2.390954881644567070e-04
1.405079838568168600e-02	1.155870019862933893e-04	-9.552255292889852293e-04	-2.542363392430064314e-04
1.408413756799437727e-02	1.033454628149558954e-04	-9.951716044467120732e-04	-2.529477561734085598e-04
1.411747675030708936e-02	1.200970427347057605e-04	-9.803528991404598762e-04	-2.532699019379784904e-04
1.415081593261978063e-02	1.297614157649590750e-04	-9.439504274223618676e-04	-2.658335868762225739e-04
1.418415511493243027e-02	1.062447747248384074e-04	-9.146351625859360478e-04	-2.603571088264930249e-04
1.421749429724511980e-02	1.136541273801377485e-04	-9.352524916946166863e-04	-2.539141934733625430e-04
1.425083347955783362e-02	1.242849377148380207e-04	-9.271988475155561703e-04	-2.558470680797109414e-04
1.428417266187052663e-02	1.146205646867343674e-04	-9.204337864009759290e-04	-2.552027765435463716e-04
1.431751184418317800e-02	1.091440866339422726e-04	-9.574805496536200645e-04	-2.471491323541652268e-04
1.435085102649586580e-02	1.084997950989475299e-04	-9.603798615653001431e-04	-2.629342749651709531e-04
1.438419020880858309e-02	1.043119001203136236e-04	-9.094808302965152981e-04	-2.622899834336907873e-04
1.441752939112127090e-02	1.188084596638703670e-04	-8.998164572738835860e-04	-2.593906715240032555e-04
1.445086857343392227e-02	1.136541273828107677e-04	-9.210780779253981013e-04	-2.642228580376314436e-04
1.448420775574661007e-02	1.123655443117152199e-04	-9.300981594131045409e-04	-2.513370273339700172e-04
1.451754693805932910e-02	1.171977308236475261e-04	-9.639234649949468374e-04	-2.574577969183688042e-04
1.455088612037201516e-02	1.101105239360411194e-04	-9.378296578269479118e-04	-2.500484442635263053e-04
1.458422530268466653e-02	1.226742088756617736e-04	-9.529705089032546386e-04	-2.516591731026380152e-04
1.461756448499735260e-02	1.094662324009804436e-04	-9.397625324451594877e-04	-2.568135053828531295e-04
1.465090366731007336e-02	1.059226289583857733e-04	-9.355746374652937651e-04	-2.671221699455617548e-04
1.468424284962275943e-02	1.120433985426527349e-04	-9.732656922618851446e-04	-2.458605492854115692e-04
1.471758203193541080e-02	1.159091477561375975e-04	-9.494269054713013042e-04	-2.535920477065798100e-04
1.475092121424809687e-02	1.246070834822057621e-04	-9.552255292913210344e-04	-2.574577969192792088e-04
1.478426039656081763e-02	1.223520631075766156e-04	-9.423396985957080202e-04	-2.664778784106974687e-04
1.481759957887350369e-02	1.326607276728238190e-04	-9.729435464972455540e-04	-2.539141934745981540e-04
1.485093876118615507e-02	1.159091477545730125e-04	-9.362189290117727295e-04	-2.532699019403843350e-04
1.488427794349884113e-02	9.980185937164122000e-05	-9.358967832401105446e-04	-2.468269865869264241e-04
1.491761712581156189e-02	1.123655443103456828e-04	-9.239773898342912382e-04	-2.510148815678386186e-04
1.495095630812424796e-02	1.220299173412515514e-04	-9.320310340135571020e-04	-2.416726543066468811e-04
1.498429549043689933e-02	1.110769612420495450e-04	-9.281652848093457052e-04	-2.471491323542283815e-04
1.501763467274958540e-02	9.496967285696828105e-05	-9.503933427614745912e-04	-2.574577969189537313e-04
1.505097385506230789e-02	1.213856258052801865e-04	-9.133465795127764094e-04	-2.477934238890286997e-04
1.508431303737499223e-02	1.136541273818326411e-04	-9.355746374661275165e-04	-2.671221699446493987e-04
1.511765221968764360e-02	1.104326697044509146e-04	-9.375075120614598245e-04	-2.519813188698753000e-04
1.515099140200033834e-02	1.152648562209473054e-04	-9.226888067534699768e-04	-2.442498204478604057e-04
1.518433058431305216e-02	1.097883781682180943e-04	-9.442725731766841903e-04	-2.381290508631366291e-04
1.521766976662574690e-02	1.184863138951993739e-04	-9.342860543977061670e-04	-2.568135053826585694e-04
1.525100894893838786e-02	1.204191885014847260e-04	-9.387960951431278478e-04	-2.455384035188263236e-04
1.528434813125108260e-02	1.097883781708259800e-04	-9.555476750461709299e-04	-2.442498204474058540e-04
1.531768731356379643e-02	1.001240051386176051e-04	-9.642456107739818139e-04	-2.500484442622237990e-04
1.535102649587649117e-02	1.120433985427837201e-04	-9.255881186874075333e-04	-2.632564207343585008e-04
1.538436567818913213e-02	1.117212527759387674e-04	-9.442725731802101242e-04	-2.600349630566530044e-04
1.541770486050182340e-02	1.072112120313706789e-04	-9.603798615548623119e-04	-2.526256104036988604e-04
1.545104404281455283e-02	1.336271649755104796e-04	-9.832522110506728124e-04	-2.558470680793861686e-04
1.548438322512723543e-02	1.007682966741322770e-04	-9.552255292800278762e-04	-2.661557326431340017e-04
1.551772240743988507e-02	1.168755850563463412e-04	-9.658563396119763077e-04	-2.548806307798225524e-04
1.555106158975256767e-02	1.065669204926626929e-04	-9.655341938456637931e-04	-2.410283627728888878e-04
1.558440077206529710e-02	1.255735207841770118e-04	-9.655341938424799250e-04	-2.716322106901971180e-04
1.561773995437797970e-02	1.113991070072022614e-04	-9.964601875161894357e-04	-2.626121291983231137e-04
1.565107913669063280e-02	1.188084596645231381e-04	-9.658563396215149015e-04	-2.513370273332553653e-04
1.568441831900332234e-02	1.084997950993387100e-04	-9.594134242453201868e-04	-2.490820069610998532e-04
1.571775750131602922e-02	1.104326697051684125e-04	-9.961380417442839558e-04	-2.561692138473393521e-04
1.575109668362871876e-02	1.136541273805955258e-04	-9.594134242690477345e-04	-2.381290508630057659e-04
1.578443586594137707e-02	1.033454628158027115e-04	-9.336417628723629649e-04	-2.613235461311327673e-04
1.581777504825406661e-02	1.030233170483037952e-04	-9.288095763562591095e-04	-2.471491323550770408e-04
1.585111423056677349e-02	1.217077715723218677e-04	-9.246216813893743227e-04	-2.532699019390194871e-04
1.588445341287946302e-02	9.335894401902772636e-05	-9.133465795106161366e-04	-2.603571088246711858e-04
1.591779259519212134e-02	1.307278530664723036e-04	-9.027157691785355409e-04	-2.516591731014024042e-04
1.595113177750481087e-02	1.165534392897613801e-04	-8.853198977415989131e-04	-2.603571088268196950e-04
1.598447095981752816e-02	1.236406461787348981e-04	-9.004607487995555182e-04	-2.506927357993004538e-04
1.601781014213020729e-02	1.091440866328990126e-04	-8.820984400682432358e-04	-2.564913596159424064e-04
1.605114932444286560e-02	1.068890662585315248e-04	-9.107694133703423713e-04	-2.506927357985202619e-04
1.608448850675555514e-02	9.658040169445389095e-05	-9.352524917047315336e-04	-2.564913596142497500e-04
1.611782768906827243e-02	1.149427104526671808e-04	-9.175344744902324927e-04	-2.513370273348157491e-04
1.615116687138095156e-02	1.043119001198564697e-04	-9.362189289975619833e-04	-2.497262984962891831e-04
1.618450605369360987e-02	1.091440866338098779e-04	-8.833870231455752094e-04	-2.597128172925412576e-04
1.621784523600629940e-02	1.142984189181311640e-04	-8.917628131121879773e-04	-2.439276746798437693e-04
1.625118441831901669e-02	1.004461509070910430e-04	-9.091586845587247816e-04	-2.661557326435244229e-04
1.628452360063169582e-02	1.052783374216973577e-04	-9.249438271638891519e-04	-2.555249223135808980e-04
1.631786278294435413e-02	1.168755850590191841e-04	-9.052929353441635909e-04	-2.552027765449129001e-04
1.635120196525704367e-02	1.133319816129014666e-04	-8.978835826938580443e-04	-2.552027765442626498e-04
1.638454114756976096e-02	1.268621038554661304e-04	-9.191452033418777423e-04	-2.651892953397973077e-04
1.641788032988244009e-02	1.178420223607277181e-04	-9.117358506919004922e-04	-2.703436276214449784e-04
1.645121951219509840e-02	1.014125882093216068e-04	-9.436282816663433106e-04	-2.552027765435476727e-04
1.648455869450778100e-02	9.980185937157502946e-05	-9.452390105011796318e-04	-2.558470680801673905e-04
1.651789787682050523e-02	1.258956665525839339e-04	-9.069036641794505065e-04	-2.474712781229635459e-04
1.655123705913318435e-02	1.068890662608766947e-04	-9.471718850997997829e-04	-2.532699019395387658e-04
1.658457624144584266e-02	1.171977308271680119e-04	-9.288095763606103381e-04	-2.661557326432013306e-04
1.661791542375853220e-02	1.023790255121372468e-04	-8.888635011946661090e-04	-2.455384035188255647e-04
1.665125460607124949e-02	8.981534057089183426e-05	-9.317088882618062900e-04	-2.783972718101097909e-04
1.668459378838393209e-02	1.210634800351753225e-04	-8.978835826902925371e-04	-2.484377154272752086e-04
1.671793297069659387e-02	1.300835615320648732e-04	-9.191452033401815080e-04	-2.564913596151617266e-04
1.675127215300927647e-02	1.262178123219058414e-04	-9.365410747703050093e-04	-2.648671495714535946e-04
1.678461133532200417e-02	1.059226289586462935e-04	-9.210780779384196947e-04	-2.484377154275361219e-04
1.681795051763467982e-02	1.175198765930356918e-04	-9.297760136516980412e-04	-2.552027765441307024e-04
1.685128969994733814e-02	1.139762731464614168e-04	-8.933735419317821507e-04	-2.552027765446531794e-04
1.688462888226002073e-02	1.130098358452747906e-04	-9.397625324429705919e-04	-2.603571088253230081e-04
1.691796806457274843e-02	1.297614157633300883e-04	-9.513597800596958025e-04	-2.436055289118897998e-04
1.695130724688542409e-02	1.107548154704499999e-04	-9.507154885337827438e-04	-2.639007122700691692e-04
1.698464642919808240e-02	9.529181862349056162e-05	-8.949842707694485649e-04	-2.481155696574354592e-04
1.701798561151076500e-02	1.104326697062113472e-04	-9.117358506630091064e-04	-2.787194175776090189e-04
1.705132479382349270e-02	1.271842496203559006e-04	-9.587691327086578057e-04	-2.542363392435276616e-04
1.708466397613616836e-02	1.159091477539210004e-04	-9.481383223934006666e-04	-2.516591731012080609e-04
1.711800315844882667e-02	1.020568797454238620e-04	-9.429839901189680362e-04	-2.545584850089411557e-04
1.715134234076150926e-02	1.046340458864426911e-04	-9.713328176618974893e-04	-2.671221699460176076e-04
1.718468152307423696e-02	1.162312935229170373e-04	-9.223666610006330110e-04	-2.468269865901813616e-04
1.721802070538691262e-02	1.304057072986512301e-04	-9.491047597054972805e-04	-2.448941119831158720e-04
1.725135988769957093e-02	1.255735207868471850e-04	-9.423396985802446951e-04	-2.684107530160705188e-04
1.728469907001225353e-02	1.268621038529238118e-04	-9.710106718817688781e-04	-2.381290508619004760e-04
1.731803825232498123e-02	1.142984189180639570e-04	-9.919501467639134287e-04	-2.407062170033096721e-04
1.735137743463765689e-02	9.271465248110187019e-05	-9.909837094626411640e-04	-2.452162577488552772e-04
1.738471661695031520e-02	1.249292292511374651e-04	-9.742321295524045089e-04	-2.539141934737526932e-04
1.741805579926299780e-02	9.464752709071102014e-05	-9.793864618233946891e-04	-2.523034646349643466e-04
1.745139498157572550e-02	1.287949784585581546e-04	-9.974266248009484338e-04	-2.610014003609034640e-04
1.748473416388840115e-02	1.213856258056062739e-04	-9.693999430195531994e-04	-2.481155696575018123e-04
1.751807334620105946e-02	1.191306054321495295e-04	-9.507154885141945715e-04	-2.671221699443902201e-04
1.755141252851373512e-02	1.152648562179483074e-04	-1.000648082472118360e-03	-2.622899834325176263e-04
1.758475171082646976e-02	1.084997950981655219e-04	-1.039949866092773536e-03	-2.664778784095915283e-04
1.761809089313914542e-02	1.088219408674894080e-04	-9.587691327184233231e-04	-2.523034646367218383e-04
1.765143007545180373e-02	1.178420223594864151e-04	-9.758428583959661640e-04	-2.571356511513925953e-04
1.768476925776455572e-02	1.213856258067803158e-04	-9.964601875028062609e-04	-2.561692138492261349e-04
1.771810844007722444e-02	1.046340458874193404e-04	-9.884065433286171737e-04	-2.448941119824647543e-04
1.775144762238989316e-02	1.049561916562868181e-04	-9.842186483593256749e-04	-2.590685257553973280e-04
1.778478680470256187e-02	1.336271649756405838e-04	-9.787421703066770742e-04	-2.568135053816826790e-04
1.781812598701523059e-02	1.223520631062066178e-04	-9.249438271520984533e-04	-2.503705900324552707e-04
1.785146516932798258e-02	1.081776493303430526e-04	-9.201116406394468060e-04	-2.452162577515236614e-04
1.788480435164064089e-02	1.123655443094975792e-04	-9.558698208282050265e-04	-2.597128172903273710e-04
1.791814353395331655e-02	1.091440866343973800e-04	-9.706885261252752237e-04	-2.481155696570453632e-04
1.795148271626605119e-02	1.123655443081962520e-04	-9.568362581337232437e-04	-2.616456918965479961e-04
1.798482189857872685e-02	1.010904424428010745e-04	-9.484604681864544857e-04	-2.622899834318680266e-04
1.801816108089138516e-02	1.104326697052975274e-04	-9.864736687375651875e-04	-2.577799426855398443e-04
1.805150026320406081e-02	1.094662324010470543e-04	-9.787421703169709233e-04	-2.761422514375652128e-04
1.808483944551679545e-02	1.152648562179495813e-04	-9.307424509723541059e-04	-2.448941119828550671e-04
1.811817862782947111e-02	1.084997951001862037e-04	-1.003225248653908611e-03	-2.468269865879036697e-04
1.815151781014212942e-02	1.084997950988829792e-04	-9.555476750646514812e-04	-2.474712781223126451e-04
1.818485699245480508e-02	1.101105239364986256e-04	-9.017493318968937323e-04	-2.600349630586708673e-04
1.821819617476753972e-02	1.110769612398376099e-04	-9.333196171105804639e-04	-2.548806307793026233e-04
1.825153535708021538e-02	1.088219408653364400e-04	-9.265545559976164428e-04	-2.494041527272958703e-04
1.828487453939287369e-02	1.068890662586609108e-04	-9.168901829752883073e-04	-2.407062170046111213e-04
1.831821372170554935e-02	1.123655443093678408e-04	-9.442725731980876423e-04	-2.471491323555301831e-04
1.835155290401828398e-02	1.117212527743742366e-04	-9.197894948747905187e-04	-2.497262984964830927e-04
1.838489208633095964e-02	1.323385819065664361e-04	-9.439504274222887924e-04	-2.529477561704796418e-04
1.841823126864361795e-02	1.120433985422633302e-04	-9.300981594249119362e-04	-2.593906715243921588e-04
1.845157045095629361e-02	1.136541273803341788e-04	-9.223666610014709909e-04	-2.548806307787165036e-04
1.848490963326902825e-02	1.236406461774336657e-04	-9.416954070418518188e-04	-2.603571088255183814e-04
1.851824881558170391e-02	1.220299173421635417e-04	-9.262324102056084451e-04	-2.426390916080320653e-04
1.855158799789436222e-02	1.155870019867504347e-04	-9.458833020160131201e-04	-2.622899834320629119e-04
1.858492718020703788e-02	1.207413342683948663e-04	-9.610241530866263761e-04	-2.674443157142963770e-04
1.861826636251977252e-02	1.068890662612016437e-04	-9.413732612647150635e-04	-2.458605492861937669e-04
1.865160554483244817e-02	1.017347339780573810e-04	-9.426618443389581450e-04	-2.516591731016628295e-04
1.868494472714510649e-02	1.194527511983433917e-04	-9.420175528151148283e-04	-2.419948000757071163e-04
1.871828390945778214e-02	1.152648562188618155e-04	-9.452390104921058354e-04	-2.651892953402532147e-04
1.875162309177051678e-02	1.152648562210121678e-04	-9.336417628597307086e-04	-2.619678376639796242e-04
1.878496227408319244e-02	9.915756783794952569e-05	-9.513597800732477875e-04	-2.487598611928221138e-04
1.881830145639585075e-02	1.084997950973206167e-04	-9.507154885353349960e-04	-2.552027765432212736e-04
1.885164063870852641e-02	1.197748969685120745e-04	-9.516819258444385614e-04	-2.442498204474703640e-04
1.888497982102126105e-02	1.155870019875973186e-04	-9.291317221336287515e-04	-2.597128172895481007e-04
1.891831900333393671e-02	1.168755850583688390e-04	-9.391182409148768773e-04	-2.529477561723023483e-04
1.895165818564659502e-02	1.123655443094339772e-04	-9.549033835172621122e-04	-2.574577969189544360e-04
1.898499736795927068e-02	1.049561916539404013e-04	-9.104472676094502170e-04	-2.651892953413593720e-04
