# Time (s)	Generation (V)	PC (V)	PL (V)
1.500263204070890169e-05	9.690254746442932834e-05	2.351278736862766165e-03	-2.519813188690940781e-04
4.834181435339528833e-05	1.065669204955947821e-04	-5.763820903418438810e-04	-2.468269865878390513e-04
8.168099666608183592e-05	1.126876900787561421e-04	-9.149573073549989704e-04	-2.487598611924309879e-04
1.150201789787680921e-04	1.139762731488746340e-04	-9.278431390092154070e-04	-2.603571088258435878e-04
1.483593612914544161e-04	1.126876900762791196e-04	-9.252659729074092431e-04	-2.568135053818787028e-04
1.816985436041414854e-04	1.184863138950707469e-04	-9.323531797981128360e-04	-2.664778784105659008e-04
2.150377259168277959e-04	1.091440866337473195e-04	-9.462054477971119839e-04	-2.484377154248691472e-04
2.483769082295139165e-04	1.049561916534828951e-04	-9.416954070436023717e-04	-2.439276746793884315e-04
2.817160905422001998e-04	9.625825592611059797e-05	-9.436282816574751873e-04	-2.574577969167439646e-04
3.150552728548863747e-04	1.081776493278653796e-04	-9.207559321518873517e-04	-2.542363392413790439e-04
3.483944551675727122e-04	1.146205646832148980e-04	-9.436282816380650411e-04	-2.477934238911753116e-04
3.817336374802589413e-04	1.149427104530597162e-04	-9.532926546743366670e-04	-2.651892953400570825e-04
4.150728197929463088e-04	9.819113053311267537e-05	-9.275209932827320350e-04	-2.629342749673825629e-04
4.484120021056323211e-04	9.947971360420928026e-05	-9.416954070526190306e-04	-2.716322106922147640e-04
4.817511844183182249e-04	9.561396439046509002e-05	-9.623127361662017808e-04	-2.510148815680996945e-04
5.150903667310046709e-04	1.062447747275126734e-04	-9.407289697546603047e-04	-2.587463799888792488e-04
5.484295490436907373e-04	1.184863138965033846e-04	-9.423396985881756340e-04	-2.593906715245885620e-04
5.817687313563794059e-04	1.123655443098891388e-04	-9.407289697509577543e-04	-2.742093768324522086e-04
6.151079136690657976e-04	1.210634800415636721e-04	-9.313867425014400823e-04	-2.516591731011415993e-04
6.484470959817520809e-04	8.756032020238715616e-05	-9.407289697608125015e-04	-2.548806307776111594e-04
6.817862782944378221e-04	9.819113053317904210e-05	-9.146351625961189830e-04	-2.474712781232214233e-04
7.151254606071238886e-04	1.068890662609403510e-04	-8.830648773776142739e-04	-2.471491323544891322e-04
7.484646429198103888e-04	1.036676085859728310e-04	-8.901520842635892274e-04	-2.555249223127339193e-04
7.818038252324961300e-04	1.265399580855586183e-04	-8.998164572982605709e-04	-2.626121292002767918e-04
8.151430075451824133e-04	9.754683899864035549e-05	-9.133465795233400080e-04	-2.574577969200608643e-04
8.484821898578681545e-04	1.004461509073526339e-04	-8.936956877073707738e-04	-2.690550445511301239e-04
8.818213721705542209e-04	9.432538132119401054e-05	-9.120579964503673946e-04	-2.735650852964816569e-04
9.151605544832444074e-04	1.027011712783301874e-04	-8.962728538471565398e-04	-2.613235461289855049e-04
9.484997367959307991e-04	1.188084596628271613e-04	-8.830648773832110339e-04	-2.619678376643048848e-04
9.818389191086165403e-04	1.027011712798957753e-04	-8.956285623211762605e-04	-2.490820069612961481e-04
1.015178101421302607e-03	9.980185937203271186e-05	-9.648899023305583869e-04	-2.671221699441950637e-04
1.048517283733989107e-03	1.033454628143031109e-04	-8.888635012030901431e-04	-2.619678376639147347e-04
1.081856466046675824e-03	9.432538132119406475e-05	-8.753333789788427226e-04	-2.600349630579559443e-04
1.115195648359362541e-03	1.133319816127056597e-04	-8.840313146880309165e-04	-2.680886072480537469e-04
1.148534830672048607e-03	1.191306054319533024e-04	-8.659911517129792935e-04	-2.494041527272945150e-04
1.181874012984734674e-03	9.625825592858751204e-05	-8.376423241817870877e-04	-2.600349630599076709e-04
1.215213195297422692e-03	1.165534392876755107e-04	-8.560046329223133538e-04	-2.600349630592585048e-04
1.248552377610108758e-03	1.075333577960023819e-04	-8.601925278994580542e-04	-2.655114411063834207e-04
1.281891559922794608e-03	9.980185937190149629e-05	-8.853198977639874711e-04	-2.706657733887470984e-04
1.315230742235480241e-03	9.658040169367252000e-05	-8.705011924615886371e-04	-2.896723736756357773e-04
1.348569924548166741e-03	1.101105239367584953e-04	-9.004607488248368360e-04	-2.835516040919521842e-04
1.381909106860852374e-03	9.980185937203405356e-05	-8.605146736549093567e-04	-2.964374347947671740e-04
1.415248289173538223e-03	9.432538132197612688e-05	-9.139908710580199255e-04	-3.170547639173845809e-04
1.448587471486224290e-03	1.039897543511238126e-04	-8.795212739474245027e-04	-3.582894221661990508e-04
1.481926653798910139e-03	7.048659451390322452e-05	-8.927292504059246032e-04	-4.004905177147080001e-04
1.515265836111600543e-03	7.854023870615089152e-05	-9.181787660334869315e-04	-4.768390646239697560e-04
1.548605018424287260e-03	5.470145190094491107e-05	-9.204337864034405374e-04	-5.741270864119694993e-04
1.581944200736973543e-03	4.149347542509481112e-05	-9.594134242608616829e-04	-7.000860815048862195e-04
1.615283383049659826e-03	1.153391903516543689e-05	-9.645677565449037056e-04	-8.479509887748858457e-04
1.648622565362346326e-03	-8.761264326269271622e-06	-1.009668163980054602e-03	-1.047359218821462129e-03
1.681961747675032610e-03	-5.901600407555004295e-05	-1.038339137290819007e-03	-1.246123157306452608e-03
1.715300929987719110e-03	-9.251916390846817804e-05	-1.085050273564549866e-03	-1.475490943663097191e-03
1.748640112300405176e-03	-1.221565745272533280e-04	-1.135305013281669899e-03	-1.743194076296264222e-03
1.781979294613091677e-03	-1.662905446899204279e-04	-1.178794691884908243e-03	-2.041823202535065877e-03
1.815318476925777960e-03	-2.010822875898992659e-04	-1.237425221539700327e-03	-2.354626742474209139e-03
1.848657659238465327e-03	-2.535920477062550914e-04	-1.285424940872101438e-03	-2.688047611449487229e-03
1.881996841551151394e-03	-3.131890147059870921e-04	-1.350498385872374090e-03	-3.044985121345830138e-03
1.915336023863837894e-03	-3.827725005000847096e-04	-1.403008145960732075e-03	-3.415452753374356634e-03
1.948675206176523960e-03	-4.207857010688521859e-04	-1.481933858951479336e-03	-3.775933866544920869e-03
1.982014388489209810e-03	-4.836041257385512984e-04	-1.569879653433818925e-03	-4.140925020369774605e-03
2.015353570801895877e-03	-5.370803231483570325e-04	-1.641396013768913788e-03	-4.514614109817524992e-03
2.048692753114581943e-03	-5.934558324619983172e-04	-1.729019662471168242e-03	-4.903121904444291031e-03
2.082031935427268009e-03	-6.514420706113742930e-04	-1.763489259578864508e-03	-5.234609898296398514e-03
2.115371117739955377e-03	-7.165155156463380538e-04	-1.810844687372824280e-03	-5.604433238289494718e-03
2.148710300052642744e-03	-7.796560860728722359e-04	-1.877528861191113483e-03	-5.951706374549075099e-03
2.182049482365330546e-03	-8.254007850535192677e-04	-1.923595705914702943e-03	-6.310898904095744999e-03
2.215388664678016612e-03	-8.872527724031872495e-04	-2.000266398516842466e-03	-6.656561311376979831e-03
2.248727846990702679e-03	-9.578026954750841005e-04	-2.060185511215519103e-03	-6.989015742168057377e-03
2.282067029303388745e-03	-1.005480269054936752e-03	-2.136211912276280833e-03	-7.329201671274072384e-03
2.315406211616074812e-03	-1.124029911462311139e-03	-2.208694709899184337e-03	-8.050486041517757041e-03
2.348745393928761745e-03	-1.290901418969687617e-03	-2.367190427348509364e-03	-9.125808608159651988e-03
2.382084576241447812e-03	-1.485155316680881760e-03	-2.555967846896198270e-03	-1.007259501366641018e-02
2.415423758554133878e-03	-1.614980060911389665e-03	-2.669363156918587183e-03	-1.085250991206676389e-02
2.448762940866820812e-03	-1.848857887957394220e-03	-2.909361753385258757e-03	-1.216654248891683304e-02
2.482102123179506879e-03	-2.057286199359973592e-03	-3.128420874960043466e-03	-1.364905729987754904e-02
2.515441305492192945e-03	-2.316613541947028405e-03	-3.352312183005585599e-03	-1.514929012647156861e-02
2.548780487804879012e-03	-2.702866316719113558e-03	-3.632256854461888770e-03	-1.744554513512032445e-02
2.582119670117565078e-03	-3.232473957719034317e-03	-4.048147039470947547e-03	-2.071371390988309066e-02
2.615458852430251144e-03	-3.743719289838060623e-03	-4.591284802241980476e-03	-2.374220623097318683e-02
2.648798034742938078e-03	-4.255608913331068895e-03	-5.108973049266620457e-03	-2.700973070267741194e-02
2.682137217055624145e-03	-4.792948052226673507e-03	-5.624728421523268393e-03	-3.020477237202155718e-02
2.715476399368310211e-03	-5.303871238082465134e-03	-6.163033997259034953e-03	-3.331766686655910498e-02
2.748815581680996711e-03	-5.970068683205911365e-03	-6.768668037975369631e-03	-3.735286466869655597e-02
2.782154763993682778e-03	-6.767701600719343291e-03	-7.484153784724826251e-03	-4.188287834959775885e-02
2.815493946306369278e-03	-7.584341118031423697e-03	-8.281786701495760100e-03	-4.655528044537764198e-02
2.848833128619055344e-03	-8.387128367009805130e-03	-9.074265285624213279e-03	-5.137876889083913684e-02
2.882172310931741411e-03	-9.153513144065013665e-03	-9.864488849023802033e-03	-5.591393687155862824e-02
2.915511493244428345e-03	-9.880273991581324175e-03	-1.057578669947224423e-02	-6.020942839924986467e-02
2.948850675557114411e-03	-1.056354516043311702e-02	-1.128708454963014800e-02	-6.421080084265713694e-02
2.982189857869800478e-03	-1.129159459039672485e-02	-1.199097304688605779e-02	-6.823311275273093168e-02
3.015529040182486544e-03	-1.198871802657088849e-02	-1.270968024904620651e-02	-7.240457814007825177e-02
3.048868222495171743e-03	-1.268423073363252919e-02	-1.343128676276740194e-02	-7.657378849949450506e-02
3.082207404807858677e-03	-1.340841441349664362e-02	-1.414934967278468590e-02	-8.063926791887704448e-02
3.115546587120545177e-03	-1.407686687572837388e-02	-1.485581533495343269e-02	-8.449535259138729604e-02
3.148885769433231244e-03	-1.478333253794172734e-02	-1.549366394898358396e-02	-8.833758499048087465e-02
3.182224951745917310e-03	-1.541055034175758780e-02	-1.617017005451034523e-02	-9.245976204264855225e-02
3.215564134058603377e-03	-1.605258685050596143e-02	-1.684860903435543567e-02	-9.626204835621664235e-02
3.248903316371289443e-03	-1.671073064723732973e-02	-1.750481995617222258e-02	-9.998186535203687497e-02
3.282242498683975510e-03	-1.732248545366437895e-02	-1.812269553181675152e-02	-1.036771992657903457e-01
3.315581680996661576e-03	-1.792038799201354712e-02	-1.876698705991247315e-02	-1.071969637404130704e-01
3.348920863309347642e-03	-1.854567292009500976e-02	-1.937970830289629381e-02	-1.108265799113305472e-01
3.382260045622033709e-03	-1.914647476988973543e-02	-1.998469804733271279e-02	-1.142007344980982414e-01
3.415599227934719775e-03	-1.974566589066405545e-02	-2.052107074390484634e-02	-1.178490351141809750e-01
3.448938410247408010e-03	-2.030781024840807789e-02	-2.111671826080472811e-02	-1.211887200980468343e-01
3.482277592560094077e-03	-2.082968638552390797e-02	-2.170882217410139911e-02	-1.245380694509918840e-01
3.515616774872780143e-03	-2.137540130897100377e-02	-2.225453709727914092e-02	-1.279241434158018831e-01
3.548955957185466210e-03	-2.193464635431087786e-02	-2.281249355929521744e-02	-1.313404990776043668e-01
3.582295139498152276e-03	-2.247005261298955225e-02	-2.339106734997440859e-02	-1.345658223072443704e-01
3.615634321810838343e-03	-2.298870729181682476e-02	-2.390488984209620735e-02	-1.377441122548893615e-01
3.648973504123524409e-03	-2.352089209255214461e-02	-2.439326281877553237e-02	-1.408544294470830405e-01
3.682312686436210476e-03	-2.403278171005028552e-02	-2.493640057502455321e-02	-1.440111356245513119e-01
3.715651868748896976e-03	-2.452534258162857375e-02	-2.545054521244849086e-02	-1.470116011120161104e-01
3.748991051061583042e-03	-2.505140661239775579e-02	-2.597016632769442307e-02	-1.500529791071469610e-01
3.782330233374269109e-03	-2.554976610741944640e-02	-2.647110298855353400e-02	-1.528704658059762966e-01
3.815669415686955175e-03	-2.603137402264531219e-02	-2.697526110691166740e-02	-1.557700996684941996e-01
3.849008597999641242e-03	-2.655582732415402714e-02	-2.746975485225391228e-02	-1.589509667653181135e-01
3.882347780312327308e-03	-2.703679094758545953e-02	-2.799775175671971247e-02	-1.620438880713133134e-01
3.915686962625015109e-03	-2.751066736410211211e-02	-2.846711813231974156e-02	-1.648568647223986883e-01
3.949026144937704645e-03	-2.799807390252604875e-02	-2.898996070430413449e-02	-1.677175189421519219e-01
3.982365327250390712e-03	-2.845842019678267512e-02	-2.945191772712683898e-02	-1.704096909357266654e-01
4.015704509563076778e-03	-2.890813568077651649e-02	-2.990485466848724280e-02	-1.732088153151633558e-01
4.049043691875768049e-03	-2.937395845275971376e-02	-3.033330853183277553e-02	-1.757975785217089637e-01
4.082382874188454115e-03	-2.982850612295861667e-02	-3.078205757807599488e-02	-1.782890537122148178e-01
4.115722056501140182e-03	-3.025792642360805584e-02	-3.125142395295487513e-02	-1.808050119783304321e-01
4.149061238813826248e-03	-3.071956130034879037e-02	-3.168245498209177474e-02	-1.833084065593139911e-01
4.182400421126509713e-03	-3.111032410938384049e-02	-3.209447941118934861e-02	-1.857670228809804036e-01
4.215739603439195779e-03	-3.150559695900045920e-02	-3.248717509450665952e-02	-1.883764034099164320e-01
4.249078785751881845e-03	-3.185770227646753799e-02	-3.286923996759607419e-02	-1.906156384778507351e-01
4.282417968064567912e-03	-3.226521666485476086e-02	-3.328802945740296643e-02	-1.929714903044868202e-01
4.315757150377253978e-03	-3.265759020237210541e-02	-3.369651028276705873e-02	-1.952455171114706178e-01
4.349096332689940045e-03	-3.306703746515018277e-02	-3.408501807084703128e-02	-1.975404833910669178e-01
4.382435515002626111e-03	-3.342655213483448906e-02	-3.446869367240930349e-02	-1.997510474851614537e-01
4.415774697315314780e-03	-3.377575814008443311e-02	-3.484173846379851058e-02	-2.017899078973130200e-01
4.449113879628000846e-03	-3.413108491473466899e-02	-3.519867596703709495e-02	-2.039115597651172118e-01
4.482453061940686913e-03	-3.448931100116409132e-02	-3.554079476521883330e-02	-2.058872796107411585e-01
4.515792244253372979e-03	-3.481822182327654752e-02	-3.588484643789777162e-02	-2.080991322859074844e-01
4.549131426566056444e-03	-3.516517280793809291e-02	-3.623630746302035355e-02	-2.104147158900726566e-01
4.582470608878747714e-03	-3.550278156546840536e-02	-3.654556739340509425e-02	-2.120872965898901730e-01
4.615809791191433781e-03	-3.584683323816188760e-02	-3.689541768959408996e-02	-2.142157135163215709e-01
4.649148973504117245e-03	-3.616092535502844069e-02	-3.727136179233927343e-02	-2.160210182619395070e-01
4.682488155816803312e-03	-3.647501747184333371e-02	-3.758319888863995151e-02	-2.176507535772130852e-01
4.715827338129489378e-03	-3.674723063970581488e-02	-3.781417739899833874e-02	-2.193462066239270647e-01
4.749166520442175445e-03	-3.702749745154738925e-02	-3.809798781405573931e-02	-2.211070552563466629e-01
4.782505702754861511e-03	-3.732516013441859043e-02	-3.835409369365817139e-02	-2.226401468481044865e-01
4.815844885067547577e-03	-3.757997743108392602e-02	-3.865884358305357593e-02	-2.245176122392028573e-01
4.849184067380233644e-03	-3.784413695477797934e-02	-3.889787573727088166e-02	-2.259289327398459613e-01
4.882523249692919710e-03	-3.808767914974611757e-02	-3.916718959293558067e-02	-2.274745880152342081e-01
4.915862432005605777e-03	-3.831060401601919102e-02	-3.939043660484520953e-02	-2.289110358836038417e-01
4.949201614318291843e-03	-3.852354236369603252e-02	-3.959789847447817840e-02	-2.299660631921498222e-01
4.982540796630977910e-03	-3.873841358591268574e-02	-3.982662196425543200e-02	-2.311483380691420342e-01
5.015879978943663976e-03	-3.890882869316562853e-02	-4.000315784086375809e-02	-2.321283054194900053e-01
5.049219161256350043e-03	-3.910082756634196410e-02	-4.023606922547145331e-02	-2.331759233758455285e-01
5.082558343569036977e-03	-3.924837032458333014e-02	-4.039069919035081363e-02	-2.341169110912063589e-01
5.115897525881722176e-03	-3.941363109962423700e-02	-4.052020178592376232e-02	-2.352949980734221624e-01
5.149236708194409110e-03	-3.955956312903642635e-02	-4.066838883556605361e-02	-2.360752350629901353e-01
5.182575890507094309e-03	-3.972095815492972248e-02	-4.082430738343176962e-02	-2.371263966224091135e-01
5.215915072819802059e-03	-3.984788358446718359e-02	-4.093190406729015768e-02	-2.378815062440038097e-01
5.249254255132470778e-03	-4.000670144425881591e-02	-4.108492330332238346e-02	-2.383966172870495837e-01
5.282593437445174192e-03	-4.009529152831142057e-02	-4.124245257996876635e-02	-2.391713777989424861e-01
5.315932619757862861e-03	-4.016133140914734945e-02	-4.132266687420216300e-02	-2.397473743874030949e-01
5.349271802070550662e-03	-4.024508930678835639e-02	-4.136003578235903505e-02	-2.401606873756531590e-01
5.382610984383234126e-03	-4.029631048265366194e-02	-4.143767291049860885e-02	-2.403117737291129152e-01
5.415950166695924529e-03	-4.034720951275740097e-02	-4.153238376392644898e-02	-2.405469401214838376e-01
5.449289349008606259e-03	-4.043386672223639455e-02	-4.158199421096326481e-02	-2.408980789813435219e-01
5.482628531321296662e-03	-4.049958445729994611e-02	-4.161581951575184929e-02	-2.411870437128013078e-01
5.515967713633976657e-03	-4.050248376914180465e-02	-4.160808801751647579e-02	-2.415681421267540097e-01
5.549306895946668795e-03	-4.051118170466591617e-02	-4.165576558997771683e-02	-2.416712287645104984e-01
5.582646078259348790e-03	-4.054017482307945702e-02	-4.169249020661189298e-02	-2.416406249189279043e-01
5.615985260572042663e-03	-4.054887275859934970e-02	-4.170505389125355594e-02	-2.418016977904193232e-01
5.649324442884723525e-03	-4.055273850772191102e-02	-4.172051688773457251e-02	-2.415774843532993432e-01
5.682663625197414796e-03	-4.054887275860401263e-02	-4.171697328438247337e-02	-2.412482514039714920e-01
5.716002807510094791e-03	-4.049990660306899276e-02	-4.167541648135128507e-02	-2.408768173623126174e-01
5.749341989822786929e-03	-4.044256465776815967e-02	-4.160615514296466672e-02	-2.409038776047248143e-01
5.782681172135466924e-03	-4.035655173980935012e-02	-4.157200769241965049e-02	-2.405356650204943381e-01
5.816020354448159062e-03	-4.028954542169373848e-02	-4.149565914731292299e-02	-2.401162312631248685e-01
5.849359536760837322e-03	-4.022737128998572775e-02	-4.140964622940875028e-02	-2.396874552792074842e-01
5.882698719073532062e-03	-4.014425768385941617e-02	-4.132234472845153911e-02	-2.390889084887312666e-01
5.916037901386209455e-03	-4.004471464396358593e-02	-4.125662699340148371e-02	-2.383627919840323739e-01
5.949377083698906797e-03	-3.994356087526061694e-02	-4.119090925835473815e-02	-2.376589035355893276e-01
5.982716266011584190e-03	-3.978377657818846225e-02	-4.105947378828057187e-02	-2.368590156557247584e-01
6.016055448324278930e-03	-3.964589819280016358e-02	-4.091128673866968601e-02	-2.360617049417921276e-01
6.049394630636955456e-03	-3.950834195315358621e-02	-4.075407960775120214e-02	-2.350962341499860109e-01
6.082733812949651063e-03	-3.936144348645407437e-02	-4.059429531074316977e-02	-2.341942260695445421e-01
6.116072995262327588e-03	-3.915849165744433175e-02	-4.043064526460071056e-02	-2.334323513872890443e-01
6.149412177575023196e-03	-3.898936513325860359e-02	-4.029695477414173277e-02	-2.319572460299367811e-01
6.182751359887697987e-03	-3.878866832452546737e-02	-4.009432509098966035e-02	-2.306016567431949937e-01
6.216090542200395329e-03	-3.853352888226535544e-02	-3.985497079115737917e-02	-2.292624968892840454e-01
6.249429724513070120e-03	-3.831608049394754495e-02	-3.959789847447836575e-02	-2.279397664682220048e-01
6.282768906825767462e-03	-3.806448465499005784e-02	-3.937819506595247043e-02	-2.266975724828636518e-01
6.316108089138442253e-03	-3.781160023294970890e-02	-3.914367295242358186e-02	-2.249241601669760837e-01
6.349447271451139595e-03	-3.755195074990431980e-02	-3.890367436096451442e-02	-2.231935932347894613e-01
6.382786453763814385e-03	-3.725332162977881834e-02	-3.862405184091265847e-02	-2.214272681249437047e-01
6.416125636076511728e-03	-3.698239704503464287e-02	-3.831221474477766037e-02	-2.194992258518590200e-01
6.449464818389189988e-03	-3.671179460601236427e-02	-3.803420295345520674e-02	-2.178121485945193891e-01
6.482804000701888197e-03	-3.639802463500318302e-02	-3.772462087755272531e-02	-2.162771241277876288e-01
6.516143183014561253e-03	-3.609037543339038007e-02	-3.746754856058000238e-02	-2.147089186493712221e-01
6.549482365327260330e-03	-3.579239060455738364e-02	-3.719501324706069034e-02	-2.128159902613971921e-01
6.582821547639933386e-03	-3.546573480295333453e-02	-3.687834396427663863e-02	-2.107465260057385104e-01
6.616160729952632463e-03	-3.513746827248418608e-02	-3.659227852872458386e-02	-2.088242823545213289e-01
6.649499912265305519e-03	-3.476893352181982533e-02	-3.623211956812315282e-02	-2.067815561948549430e-01
6.682839094578004596e-03	-3.440104306261221323e-02	-3.586970558713689639e-02	-2.046872867158389675e-01
6.716178276890677652e-03	-3.407148794891028121e-02	-3.553048610087175541e-02	-2.028059555729520291e-01
6.749517459203376729e-03	-3.370617465565153847e-02	-3.518063580442993415e-02	-2.006343711145093522e-01
6.782856641516048918e-03	-3.334569354873712088e-02	-3.485655716881704003e-02	-1.983329619209156514e-01
6.816195823828748862e-03	-3.294784353343101213e-02	-3.445290853012922261e-02	-1.959622913916701237e-01
6.849535006141421051e-03	-3.258381882298802545e-02	-3.403637406090018191e-02	-1.936753787551044326e-01
6.882874188454121862e-03	-3.217662658042786533e-02	-3.365946352023297533e-02	-1.914184256721107591e-01
6.916213370766793184e-03	-3.180487037155368263e-02	-3.324582836269045216e-02	-1.891592175682624832e-01
6.949552553079493995e-03	-3.144503355579611470e-02	-3.287632717435746976e-02	-1.866580780096671055e-01
6.982891735392165317e-03	-3.103719702145723083e-02	-3.248234290809046826e-02	-1.843634338724003952e-01
7.016230917704866128e-03	-3.067059514454825372e-02	-3.208288216378756691e-02	-1.816268057727686847e-01
7.049570100017535715e-03	-3.025824856937034402e-02	-3.164927396866550058e-02	-1.792422829709144350e-01
7.082909282330238261e-03	-2.981497600095633221e-02	-3.124626962080468903e-02	-1.769869406117828281e-01
7.116248464642907848e-03	-2.937589132733809880e-02	-3.079719842891277121e-02	-1.745176934771686950e-01
7.149587646955610394e-03	-2.893648450785185275e-02	-3.036197950466388434e-02	-1.719550240753219272e-01
7.182926829268279981e-03	-2.851350712212579602e-02	-2.989808960750655123e-02	-1.696069037386476464e-01
7.216266011580984262e-03	-2.807120099057104287e-02	-2.946254853729200068e-02	-1.670748381802571458e-01
7.249605193893653848e-03	-2.762760627585775924e-02	-2.903151750763915614e-02	-1.644271222978408997e-01
7.282944376206356395e-03	-2.718562228984253148e-02	-2.857954700333905501e-02	-1.617130443904553627e-01
7.316283558519025981e-03	-2.674879263591824555e-02	-2.816333467853806422e-02	-1.591442542129304361e-01
7.349622740831728528e-03	-2.630841937849808312e-02	-2.773552510619584077e-02	-1.566469803895558788e-01
7.382961923144396379e-03	-2.587545547351827527e-02	-2.728484318462539790e-02	-1.539341910606224773e-01
7.416301105457100661e-03	-2.539288112096378322e-02	-2.682514118158684999e-02	-1.512874416080485784e-01
7.449640287769768512e-03	-2.497699094118941560e-02	-2.638895581909552618e-02	-1.487434566468571751e-01
7.482979470082472793e-03	-2.452920833077825227e-02	-2.593376385651706417e-02	-1.462017267043320412e-01
7.516318652395140645e-03	-2.408625790670734096e-02	-2.550305497177737801e-02	-1.433594347781269596e-01
7.549657834707844926e-03	-2.363589812997484926e-02	-2.502563495132636984e-02	-1.406511554805842668e-01
7.582997017020511911e-03	-2.317651827176068699e-02	-2.457269800873019758e-02	-1.380153589742807718e-01
7.616336199333217059e-03	-2.269813181339300559e-02	-2.414070054062029264e-02	-1.350835105240410505e-01
7.649675381645884044e-03	-2.222167822947195004e-02	-2.362784448586302891e-02	-1.321352326381172726e-01
7.683014563958589192e-03	-2.178517072009080249e-02	-2.319713560057341112e-02	-1.293354639399279526e-01
7.716353746271256177e-03	-2.133545523429712307e-02	-2.273807788800161211e-02	-1.268491430528472241e-01
7.749692928583962193e-03	-2.093406161293093551e-02	-2.226613434478975917e-02	-1.242793864148663552e-01
7.783032110896668208e-03	-2.051108422530150549e-02	-2.180933165232241608e-02	-1.216845024063802211e-01
7.816371293209334326e-03	-2.004397286792468022e-02	-2.137862276658535066e-02	-1.190313100152853437e-01
7.849710475522003045e-03	-1.960778750376439630e-02	-2.094243740274430443e-02	-1.163845605367017505e-01
7.883049657834708193e-03	-1.916354849539045682e-02	-2.053395657447554604e-02	-1.139281991940681443e-01
7.916388840147409872e-03	-1.870223576141246541e-02	-2.010582485452749868e-02	-1.114367239627790523e-01
7.949728022460080326e-03	-1.828505699699220152e-02	-1.966577374120174332e-02	-1.088444171094218177e-01
7.983067204772782005e-03	-1.785853600530609014e-02	-1.925536003805421864e-02	-1.061474128846322390e-01
8.016406387085452459e-03	-1.742363922364747325e-02	-1.879179228374687483e-02	-1.035483409657351750e-01
8.049745569398154138e-03	-1.695169567897976057e-02	-1.836011695996910692e-02	-1.009695642266739135e-01
8.083084751710824592e-03	-1.654869132776354626e-02	-1.792199872079526177e-02	-9.844812942897468444e-02
8.116423934023526271e-03	-1.610896235930530176e-02	-1.754605461400465458e-02	-9.591477523602598421e-02
8.149763116336196725e-03	-1.570789088248298118e-02	-1.712758726625319278e-02	-9.365009059812873238e-02
8.183102298648898404e-03	-1.530198721909336451e-02	-1.670235485734032632e-02	-9.135351352864018448e-02
8.216441480961568858e-03	-1.491412371842303075e-02	-1.625006220410372265e-02	-8.905242641671963499e-02
8.249780663274270537e-03	-1.451659584473004479e-02	-1.587282951388687205e-02	-8.671912472733440957e-02
8.283119845586940991e-03	-1.409909493352349934e-02	-1.546628155900865720e-02	-8.444928574910007257e-02
8.316459027899642670e-03	-1.372508370047323227e-02	-1.509388105507684062e-02	-8.216978239608094259e-02
8.349798210212313124e-03	-1.332916655531871282e-02	-1.471697051037024716e-02	-7.987288317010937666e-02
8.383137392525014803e-03	-1.294581309491453502e-02	-1.430977826368622606e-02	-7.760852066330181653e-02
8.416476574837685257e-03	-1.257147971585178409e-02	-1.395477363081953914e-02	-7.538217135334089603e-02
8.449815757150386936e-03	-1.225062253372933598e-02	-1.363874863541916088e-02	-7.338905556803011765e-02
8.483154939463059124e-03	-1.190302725302290476e-02	-1.328793189734952043e-02	-7.154122751653872736e-02
8.516494121775762538e-03	-1.160278739975562252e-02	-1.297480621372559123e-02	-6.972142614412840667e-02
8.549833304088432992e-03	-1.131382264821759361e-02	-1.263977461800823085e-02	-6.786490015404723908e-02
8.583172486401134671e-03	-1.100005267269237377e-02	-1.234533338863711902e-02	-6.606249464951488570e-02
8.616511668713805125e-03	-1.073299383310731547e-02	-1.209212681716326232e-02	-6.424816975055151758e-02
8.649850851026506804e-03	-1.044402908142012115e-02	-1.179736344193197534e-02	-6.288098316014152644e-02
8.683190033339177258e-03	-1.018985607236774955e-02	-1.151806306339706563e-02	-6.136142162606837702e-02
8.716529215651878937e-03	-9.930850876796168403e-03	-1.124262843400576813e-02	-5.963600895189504619e-02
8.749868397964549391e-03	-9.673778555778561258e-03	-1.097750246905492347e-02	-5.826012442295398774e-02
8.783207580277251070e-03	-9.433135668772470173e-03	-1.075715476546047072e-02	-5.688617276803257378e-02
8.816546762589921524e-03	-9.197002822459054983e-03	-1.048945163431313013e-02	-5.548838232604100945e-02
8.849885944902623203e-03	-8.974722244034956387e-03	-1.026491603568879980e-02	-5.421397370813849093e-02
8.883225127215293657e-03	-8.758884580896920610e-03	-1.003683683363242041e-02	-5.286257225334467513e-02
8.916564309527995336e-03	-8.554966311077452645e-03	-9.831952126679898915e-03	-5.173409566233187762e-02
8.949903491840665790e-03	-8.354591644652529028e-03	-9.602584341498588902e-03	-5.061979348419456265e-02
8.983242674153367469e-03	-8.171290703806765796e-03	-9.371605827455014096e-03	-4.942463272002758923e-02
9.016581856466037923e-03	-7.992177657907205759e-03	-9.184761283300984722e-03	-4.842275941042648024e-02
9.049921038778739601e-03	-7.806943842420446117e-03	-9.037540668320581325e-03	-4.723146439401015168e-02
9.083260221091410055e-03	-7.263483934937380385e-03	-8.691878261529029440e-03	-4.391916169642164774e-02
9.116599403404122143e-03	-5.759385351853042040e-03	-7.661011810276407291e-03	-3.471996736182737103e-02
9.149938585716785658e-03	-3.347157850614694476e-03	-5.636325668960415029e-03	-2.006265731743249806e-02
9.183277768029494276e-03	-1.777019381831555431e-03	-3.668659326063967822e-03	-1.130512471170280232e-02
9.216616950342157791e-03	-1.000325936773555253e-03	-2.496370879952055158e-03	-7.239000856662760469e-03
9.249956132654866409e-03	-7.361664074623040354e-04	-2.008642188451259959e-03	-5.713318507329991601e-03
9.283295314967529924e-03	-5.547983403601203060e-04	-1.720321726760062854e-03	-4.607392090612645943e-03
9.316634497280238542e-03	-4.211078468381061952e-04	-1.517047747598128469e-03	-3.671880783833038168e-03
9.349973679592902057e-03	-3.038467874471375294e-04	-1.394632356001838068e-03	-2.979589530629860733e-03
9.383312861905610675e-03	-2.384511966294615036e-04	-1.293478585050695856e-03	-2.421310916273248116e-03
9.416652044218274190e-03	-1.546932970555986702e-04	-1.191358376804520962e-03	-2.000266398561935301e-03
9.449991226530982807e-03	-1.163579507099617893e-04	-1.138848616713704224e-03	-1.671677715957841292e-03
9.483330408843646323e-03	-7.931118743529178841e-05	-1.042849178020512167e-03	-1.402363854478061228e-03
9.516669591156354940e-03	-4.000940378364752537e-05	-1.056057154495444218e-03	-1.205854936384803374e-03
9.550008773469018455e-03	-2.519069847415709437e-05	-1.044137761100064803e-03	-1.052191405332492460e-03
9.583347955781727073e-03	-2.390211540521217340e-05	-1.005158123249820859e-03	-9.123801422660207574e-04
9.616687138094390588e-03	1.475537671117861904e-05	-1.001936665583992581e-03	-8.357094496138850947e-04
9.650026320407099206e-03	3.021837355944457512e-05	-9.697220888324432561e-04	-7.448643431842763823e-04
9.683365502719762721e-03	2.538618704496577272e-05	-9.703663803643914178e-04	-6.920324373194054919e-04
9.716704685032471339e-03	3.859416351638461304e-05	-9.487826139475266174e-04	-6.314690330281025592e-04
9.750043867345134854e-03	5.405716036386492234e-05	-9.529705089227195371e-04	-5.870129171135488782e-04
9.783383049657843472e-03	5.276857729446378603e-05	-9.484604681862633408e-04	-5.750935237160854094e-04
9.816722231970506987e-03	5.244643152846740450e-05	-9.297760136698654749e-04	-5.225837636109814882e-04
9.850061414283215605e-03	5.212428575901280429e-05	-9.333196171111091208e-04	-5.071207667696189456e-04
9.883400596595879120e-03	6.275509609312758693e-05	-9.300981594369044049e-04	-4.790940849969034542e-04
9.916739778908587738e-03	7.467448949299318689e-05	-9.043264980366685479e-04	-4.768390646235783591e-04
9.950078961221251253e-03	8.111740484775729041e-05	-8.946621250115466403e-04	-4.565438812689781578e-04
9.983418143533959871e-03	6.919801144352365674e-05	-8.969171453900727075e-04	-4.346379690761760549e-04
1.001675732584662339e-02	7.564092679756921882e-05	-8.882192096633615298e-04	-4.417251759607243610e-04
1.005009650815933200e-02	7.113088605111215199e-05	-9.023936234318079459e-04	-4.472016540086965809e-04
1.008343569047199552e-02	7.982882177594375684e-05	-9.017493318982456240e-04	-4.240071587463619296e-04
1.011677487278470414e-02	7.499663526270546130e-05	-9.239773898510819520e-04	-4.217521383718012234e-04
1.015011405509736939e-02	8.594959136138523466e-05	-9.185009117996760638e-04	-4.046784126948375091e-04
1.018345323741007627e-02	9.239250671608061332e-05	-9.217223694791156332e-04	-4.050005584609051024e-04
1.021679241972273978e-02	8.852675750298770333e-05	-9.426618443614476423e-04	-3.982354973422935263e-04
1.025013160203545014e-02	8.305027945319342752e-05	-9.310645967322743813e-04	-3.940476023651528917e-04
1.028347078434811365e-02	8.756032020128026705e-05	-9.117358506857518733e-04	-3.808396258965968703e-04
1.031680996666082747e-02	9.915756783377910138e-05	-9.226888067807813548e-04	-3.737524190091860536e-04
1.035014914897348579e-02	8.562744559603802596e-05	-9.333196170902573110e-04	-3.863161039433347802e-04
1.038348833128620134e-02	7.854023870758560270e-05	-9.584469869529112750e-04	-3.785846055226197359e-04
1.041682751359887006e-02	8.079525907967224083e-05	-9.484604681650472390e-04	-3.692423782661122126e-04
1.045016669591158041e-02	8.272813368661044518e-05	-9.101251218436366523e-04	-3.698866697988303204e-04
1.048350587822423699e-02	7.821809293806681771e-05	-9.133465795150512824e-04	-3.483029033732662613e-04
1.051684506053694734e-02	8.498315405961057785e-05	-9.197894948694006244e-04	-3.473364660691494838e-04
1.055018424284961606e-02	1.136541273785748575e-04	-9.539369462155602867e-04	-3.309070319249048531e-04
1.058352342516232468e-02	9.947971360492561263e-05	-9.342860544020041612e-04	-3.528129441186830632e-04
1.061686260747498126e-02	9.658040169601840824e-05	-9.358967832414173335e-04	-3.309070319219769652e-04
1.065020178978768987e-02	9.915756783632131153e-05	-9.249438271491087658e-04	-3.344506353648356929e-04
1.068354097210036033e-02	1.039897543522955099e-04	-9.239773898532944833e-04	-3.238198250376889760e-04
1.071688015441306895e-02	1.094662324006566602e-04	-9.471718851074511060e-04	-3.202762215946984635e-04
1.075021933672572552e-02	9.851327630158841721e-05	-9.323531798070014507e-04	-3.099675570317964707e-04
1.078355851903843414e-02	9.690254746077991738e-05	-9.416954070548831700e-04	-3.276855742479798739e-04
1.081689770135110633e-02	9.529181862544434814e-05	-9.668227769164877347e-04	-3.028803501458176683e-04
1.085023688366381321e-02	9.496967285762285456e-05	-9.771314414718150574e-04	-3.164104723840180117e-04
1.088357606597646979e-02	9.013748634053869062e-05	-9.748764210999723376e-04	-3.189876385247104960e-04
1.091691524828917667e-02	9.819113053285191120e-05	-9.510376343100368501e-04	-2.887059363724915292e-04
1.095025443060185580e-02	1.059226289563632213e-04	-9.542590919890225724e-04	-2.848401871614844615e-04
1.098359361291455748e-02	1.104326697041910720e-04	-9.797086076109328464e-04	-3.006253297720999835e-04
1.101693279522721926e-02	1.017347339790331494e-04	-9.532926546808932712e-04	-2.916052482813334917e-04
1.105027197753992094e-02	9.625825592702342843e-05	-9.268767017551872520e-04	-2.916052482825697532e-04
1.108361115985260180e-02	1.039897543500143215e-04	-9.413732612928333047e-04	-2.970817263288509972e-04
1.111695034216530174e-02	1.126876900783626987e-04	-9.578026954306533870e-04	-2.916052482820487399e-04
1.115028952447795832e-02	9.786898476450848268e-05	-9.661784853791089128e-04	-2.864509159998172264e-04
1.118362870679066173e-02	1.072112120284383593e-04	-9.896951264027737359e-04	-2.777529802770025628e-04
1.121696788910334260e-02	1.072112120249850127e-04	-9.906615637038332801e-04	-2.945045601895248787e-04
1.125030707141604601e-02	1.165534392899569702e-04	-9.732656922690313380e-04	-2.680886072498102628e-04
1.128364625372870259e-02	1.062447747251667174e-04	-9.790643160838513430e-04	-2.896723736764816176e-04
1.131698543604140600e-02	9.980185937046738142e-05	-9.629570277134030408e-04	-3.019139128423513037e-04
1.135032461835408686e-02	1.139762731496551782e-04	-9.726214007255517104e-04	-2.925716855829799687e-04
1.138366380066679028e-02	8.691602866530632717e-05	-9.391182409137947351e-04	-2.874173533022422690e-04
1.141700298297944685e-02	1.049561916551130066e-04	-9.474940308676939316e-04	-2.761422514358742369e-04
1.145034216529214853e-02	1.039897543528826461e-04	-9.526483631465995465e-04	-2.912831025140970743e-04
1.148368134760483286e-02	9.883542206908371502e-05	-9.771314414675042696e-04	-2.783972718112155144e-04
1.151702052991753454e-02	9.658040169276047558e-05	-1.009346018208351868e-03	-2.816187294874246492e-04
1.155035971223019112e-02	1.075333577946966231e-04	-9.751985668582477699e-04	-2.664778784098507068e-04
1.158369889454289800e-02	1.152648562194491007e-04	-9.594134242506957696e-04	-2.738872310649541190e-04
1.161703807685558060e-02	1.033454628179521559e-04	-9.665006311330981686e-04	-2.745315225992975001e-04
1.165037725916828228e-02	1.107548154712957589e-04	-9.722992549480374358e-04	-2.758201056704578154e-04
1.168371644148094059e-02	9.754683899688160339e-05	-9.436282816595397251e-04	-2.761422514358076127e-04
1.171705562379363880e-02	9.464752709084210019e-05	-9.333196170965723550e-04	-2.696993360866454192e-04
1.175039480610632833e-02	1.046340458872253902e-04	-9.352524917026740431e-04	-2.687328987835676327e-04
1.178373398841902654e-02	1.117212527740479730e-04	-9.323531798011530473e-04	-2.777529802747891641e-04
1.181707317073168312e-02	1.088219408667704194e-04	-9.639234650132117409e-04	-2.735650852962862294e-04
1.185041235304438306e-02	1.101105239366277405e-04	-9.062593726496380063e-04	-2.677664614812072085e-04
1.188375153535707260e-02	1.017347339781873904e-04	-9.584469869708202349e-04	-2.812965837184303606e-04
1.191709071766977081e-02	1.104326697028878068e-04	-9.291317221305158986e-04	-2.519813188675324475e-04
1.195042989998242912e-02	9.722469323036154543e-05	-9.152794541141700581e-04	-2.690550445505449258e-04
1.198376908229512559e-02	9.271465248227524799e-05	-9.310645967166020220e-04	-2.764643972044769659e-04
1.201710826460781860e-02	1.091440866342031723e-04	-9.181787660154129560e-04	-2.767865429724276558e-04
1.205044744692051507e-02	9.593611016043928057e-05	-8.988500199766736101e-04	-2.635785665010105332e-04
1.208378662923317338e-02	1.088219408676840088e-04	-9.574805496577500075e-04	-2.742093768308264475e-04
1.211712581154586986e-02	9.754683899831632812e-05	-9.668227769142685897e-04	-2.790415633451710222e-04
1.215046499385856286e-02	1.165534392902828678e-04	-9.262324102139700291e-04	-2.725986479948359930e-04
1.218380417617125934e-02	1.088219408691169581e-04	-9.484604681646722135e-04	-2.684107530147691509e-04
1.221714335848391765e-02	1.023790255142885750e-04	-9.168901829628830829e-04	-2.629342749670564349e-04
1.225048254079661413e-02	1.049561916562859236e-04	-9.629570277142208545e-04	-2.539141934751842737e-04
1.228382172310930887e-02	1.004461509075480071e-04	-9.429839901262959418e-04	-2.722765022277925636e-04
1.231716090542200708e-02	1.136541273787686451e-04	-9.023936234342838300e-04	-2.716322106914321327e-04
1.235050008773466192e-02	1.068890662612673734e-04	-8.888635011953602153e-04	-2.574577969183687500e-04
1.238383927004735839e-02	1.027011712817200268e-04	-9.020714776631448811e-04	-2.655114411070999699e-04
1.241717845236005660e-02	1.155870019875954212e-04	-8.930513961671310676e-04	-2.642228580358750361e-04
1.245051763467275134e-02	9.980185937281409636e-05	-8.888635011997264058e-04	-2.581020884543384344e-04
1.248385681698540618e-02	1.146205646849103463e-04	-9.165680371947552887e-04	-2.487598611953594180e-04
1.251719599929810092e-02	1.236406461776273856e-04	-8.543939040919128289e-04	-2.516591731016628295e-04
1.255053518161080087e-02	1.017347339781883526e-04	-8.659911517100082542e-04	-2.581020884529744539e-04
1.258387436392349561e-02	1.001240051377676990e-04	-8.669575890145037435e-04	-2.532699019410358321e-04
1.261721354623615045e-02	1.030233170501292664e-04	-8.885413554359264214e-04	-2.568135053841547684e-04
1.265055272854884519e-02	1.059226289551912529e-04	-9.069036641688238073e-04	-2.587463799888788693e-04
1.268389191086154513e-02	1.200970427353574880e-04	-9.027157691847642823e-04	-2.635785664996429748e-04
1.271723109317423987e-02	9.754683899805439843e-05	-9.478161766234888177e-04	-2.619678376660623223e-04
1.275057027548689298e-02	1.072112120258961898e-04	-9.201116406224682000e-04	-2.619678376631979686e-04
1.278390945779958945e-02	1.065669204935748186e-04	-9.246216813569635082e-04	-2.713100649225714178e-04
1.281724864011228940e-02	1.014125882114060126e-04	-9.384739493574808644e-04	-2.516591731029651732e-04
1.285058782242498587e-02	1.065669204915534321e-04	-9.133465794952398730e-04	-2.545584850107000027e-04
1.288392700473764245e-02	9.593611015854940777e-05	-9.433061358715627912e-04	-2.706657733889409538e-04
1.291726618705038403e-02	1.181641681276388885e-04	-9.571584038809923976e-04	-2.674443157126034495e-04
1.295060536936307877e-02	1.207413342708732169e-04	-9.503933427646000208e-04	-2.671221699464727014e-04
1.298394455167573187e-02	1.139762731499162677e-04	-9.271988475154254155e-04	-2.600349630589317805e-04
1.301728373398842488e-02	1.110769612387934419e-04	-9.204337863973993629e-04	-2.671221699449093361e-04
1.305062291630112829e-02	8.433886252611664202e-05	-9.194673490925219092e-04	-2.629342749667331258e-04
1.308396209861382303e-02	1.056004831911490713e-04	-9.713328176513469012e-04	-2.639007122692878932e-04
1.311730128092647614e-02	1.068890662604195544e-04	-9.726214007162643262e-04	-2.716322106924729668e-04
1.315064046323916915e-02	1.110769612388580875e-04	-9.739099837865801022e-04	-2.564913596160725649e-04
1.318397964555187603e-02	1.175198765940126800e-04	-9.726214007233889439e-04	-2.639007122714996656e-04
1.321731882786456730e-02	1.165534392901535225e-04	-9.590912784995349804e-04	-2.574577969179778409e-04
1.325065801017722041e-02	1.036676085822573650e-04	-9.371853663098407431e-04	-2.639007122686371008e-04
1.328399719248991341e-02	9.593611015991760315e-05	-9.626348819319999498e-04	-2.626121291991033598e-04
1.331733637480262029e-02	1.097883781706951033e-04	-9.484604681520090574e-04	-2.539141934755751828e-04
1.335067555711531156e-02	1.036676085849286223e-04	-9.429839900967229181e-04	-2.506927357984543967e-04
1.338401473942796467e-02	1.162312935223299418e-04	-9.452390104825588932e-04	-2.523034646380224472e-04
1.341735392174065594e-02	9.561396439241986588e-05	-9.188230575529637324e-04	-2.574577969185001011e-04
1.345069310405336456e-02	1.152648562184704591e-04	-9.101251218357704403e-04	-2.564913596162031570e-04
1.348403228636605583e-02	1.188084596647836176e-04	-9.268767017342834005e-04	-2.474712781243293695e-04
1.351737146867870894e-02	1.217077715706262704e-04	-9.181787660113988059e-04	-2.610014003620739144e-04
1.355071065099140194e-02	1.152648562197731958e-04	-9.342860543897789144e-04	-2.593906715235464811e-04
1.358404983330411056e-02	1.223520631080962737e-04	-9.433061358842287662e-04	-2.581020884530361450e-04
1.361738901561680357e-02	1.136541273840491705e-04	-9.188230575673646478e-04	-2.677664614817918645e-04
1.365072819792945320e-02	1.107548154738394327e-04	-9.326753255692879973e-04	-2.745315226000802941e-04
1.368406738024214621e-02	1.081776493307332705e-04	-9.252659729295746724e-04	-2.561692138463629738e-04
1.371740656255485483e-02	1.107548154710346830e-04	-9.565141123675375808e-04	-2.619678376633300786e-04
1.375074574486754783e-02	1.052783374202627008e-04	-9.123801422244254495e-04	-2.632564207355960633e-04
1.378408492718019747e-02	1.020568797462712067e-04	-9.181787660468461454e-04	-2.510148815670605409e-04
1.381742410949288874e-02	9.625825592956431043e-05	-8.801655654815870389e-04	-2.407062170033746971e-04
1.385076329180559909e-02	1.056004831916712095e-04	-8.827427316171526563e-04	-2.635785665017258898e-04
1.388410247411829210e-02	1.059226289567559599e-04	-8.811320027813355658e-04	-2.613235461298961263e-04
1.391744165643094173e-02	9.786898476815618603e-05	-9.130244337596303376e-04	-2.503705900299174245e-04
1.395078083874363301e-02	1.039897543494931726e-04	-8.811320027752500474e-04	-2.619678376620276808e-04
1.398412002105634509e-02	1.136541273801379247e-04	-8.885413554248360090e-04	-2.548806307766343475e-04
1.401745920336903636e-02	1.133319816130974768e-04	-8.914406673320470062e-04	-2.732429395291121536e-04
1.405079838568168600e-02	1.223520631103794138e-04	-9.156015998812390205e-04	-2.622899834317365128e-04
1.408413756799437727e-02	1.120433985413487514e-04	-9.081922472310717098e-04	-2.545584850099171545e-04
1.411747675030708936e-02	1.049561916553074989e-04	-8.969171453728106910e-04	-2.564913596147050607e-04
1.415081593261978063e-02	1.059226289579292293e-04	-9.223666609984806529e-04	-2.581020884533630861e-04
1.418415511493243027e-02	1.175198765907539748e-04	-9.320310340137547521e-04	-2.716322106917579355e-04
1.421749429724511980e-02	1.072112120267434396e-04	-9.268767017403330317e-04	-2.629342749662758635e-04
1.425083347955783362e-02	1.014125882094515756e-04	-8.898299384841012712e-04	-2.526256104040884684e-04
1.428417266187052663e-02	9.593611015985130418e-05	-9.268767017309488283e-04	-2.490820069621410126e-04
1.431751184418317800e-02	1.094662324020248149e-04	-8.730783585762094201e-04	-2.725986479928185638e-04
1.435085102649586580e-02	1.168755850586294134e-04	-9.027157691844704636e-04	-2.465048408215780363e-04
1.438419020880858309e-02	1.059226289558435632e-04	-9.307424509535541486e-04	-2.606792545947065253e-04
1.441752939112127090e-02	1.139762731510905942e-04	-9.049707895652325893e-04	-2.561692138477940123e-04
1.445086857343392227e-02	9.529181862322779167e-05	-9.294538678873836028e-04	-2.645450038046080320e-04
1.448420775574661007e-02	9.851327629956784383e-05	-9.214002237057100511e-04	-2.648671495721047122e-04
1.451754693805932910e-02	1.101105239353250445e-04	-9.075479557022253421e-04	-2.426390916094631309e-04
1.455088612037201516e-02	1.036676085832353967e-04	-8.853198977349728115e-04	-2.783972718103710294e-04
1.458422530268466653e-02	1.200970427350329592e-04	-9.326753255539725574e-04	-2.564913596157481716e-04
1.461756448499735260e-02	1.033454628168458225e-04	-9.191452033223952798e-04	-2.535920477087278855e-04
1.465090366731007336e-02	9.464752708855963777e-05	-8.885413554202711926e-04	-2.584242342204034256e-04
1.468424284962275943e-02	1.249292292497040957e-04	-9.175344744865379654e-04	-2.671221699456291379e-04
1.471758203193541080e-02	1.104326697045807614e-04	-9.127022879842683128e-04	-2.548806307763079484e-04
1.475092121424809687e-02	1.081776493315153597e-04	-9.098029760734259973e-04	-2.593906715240025507e-04
1.478426039656081763e-02	1.072112120280466777e-04	-8.949842707624579546e-04	-2.616456918973940533e-04
1.481759957887350369e-02	1.249292292490493189e-04	-9.004607488229539021e-04	-2.471491323546853728e-04
1.485093876118615507e-02	1.117212527749611965e-04	-9.036822064984371093e-04	-2.700214818530357794e-04
1.488427794349884113e-02	1.197748969671431066e-04	-9.246216813794029153e-04	-2.574577969184336395e-04
1.491761712581156189e-02	1.210634800356322189e-04	-9.069036641731514003e-04	-2.487598611929524349e-04
1.495095630812424796e-02	1.068890662595079301e-04	-9.127022879919368748e-04	-2.613235461293753840e-04
1.498429549043689933e-02	1.072112120288307456e-04	-8.656690059458216433e-04	-2.616456918974588886e-04
1.501763467274958540e-02	1.084997950999922400e-04	-9.143130168285032574e-04	-2.503705900315438362e-04
1.505097385506230789e-02	1.239627919481245681e-04	-9.175344744986171702e-04	-2.677664614813381801e-04
1.508431303737499223e-02	9.400323555382668925e-05	-9.339639086383133559e-04	-2.648671495716509736e-04
1.511765221968764360e-02	1.117212527767208160e-04	-9.098029760718826355e-04	-2.587463799886833876e-04
1.515099140200033834e-02	1.059226289574716960e-04	-9.503933427660342034e-04	-2.545584850098529697e-04
1.518433058431305216e-02	1.072112120302000523e-04	-9.629570277035506788e-04	-2.400619254689659657e-04
1.521766976662574690e-02	1.097883781687401648e-04	-9.619905903981965014e-04	-2.513370273351420397e-04
1.525100894893838786e-02	1.046340458862463557e-04	-9.545812377515348500e-04	-2.658335868755076509e-04
1.528434813125108260e-02	1.146205646824332831e-04	-9.458833020201737459e-04	-2.564913596147717391e-04
1.531768731356379643e-02	1.191306054309766260e-04	-9.284874305716696568e-04	-2.445719662160735809e-04
1.535102649587649117e-02	1.188084596631534926e-04	-9.371853663067399249e-04	-2.693771903175215142e-04
1.538436567818913213e-02	9.786898476489810429e-05	-9.336417628647277964e-04	-2.651892953375216216e-04
1.541770486050182340e-02	1.191306054320832983e-04	-9.146351625769341340e-04	-2.442498204479261084e-04
1.545104404281455283e-02	1.084997950976438039e-04	-9.178566202568991077e-04	-2.635785665037426143e-04
1.548438322512723543e-02	1.152648562190572429e-04	-9.339639086388340982e-04	-2.700214818522553707e-04
1.551772240743988507e-02	1.056004831895200982e-04	-9.310645967269454192e-04	-2.648671495732105984e-04
1.555106158975256767e-02	1.007682966739368766e-04	-9.110915591340026020e-04	-2.545584850081617770e-04
1.558440077206529710e-02	1.088219408674217267e-04	-9.365410747546238680e-04	-2.506927357997561982e-04
1.561773995437797970e-02	1.046340458877450212e-04	-9.246216813700098213e-04	-2.555249223116936273e-04
1.565107913669063280e-02	1.149427104499958421e-04	-9.346082001648966684e-04	-2.587463799882926412e-04
1.568441831900332234e-02	1.171977308248219068e-04	-9.339639086217798149e-04	-2.481155696584130300e-04
1.571775750131602922e-02	9.754683899890067243e-05	-9.648899022859616821e-04	-2.484377154259103607e-04
1.575109668362871876e-02	1.181641681272466377e-04	-9.639234649933221604e-04	-2.671221699449108540e-04
1.578443586594137707e-02	1.065669204910327033e-04	-9.990373536507845837e-04	-2.461826950523241897e-04
1.581777504825406661e-02	9.722469323023028920e-05	-9.880843975601518673e-04	-2.725986479924931948e-04
1.585111423056677349e-02	9.432538132282503008e-05	-9.900172721652763640e-04	-2.706657733882918962e-04
1.588445341287946302e-02	1.284728326942557780e-04	-9.687556515175237051e-04	-2.468269865884239783e-04
1.591779259519212134e-02	1.175198765936206189e-04	-9.626348819294857934e-04	-2.680886072481838511e-04
1.595113177750481087e-02	1.178420223591640818e-04	-9.677892142216321190e-04	-2.494041527282714354e-04
1.598447095981752816e-02	1.046340458893733167e-04	-9.842186483579574117e-04	-2.635785665018569156e-04
1.601781014213020729e-02	1.149427104497352542e-04	-9.371853663160700267e-04	-2.539141934740137148e-04
1.605114932444286560e-02	1.081776493305374907e-04	-9.532926546782201707e-04	-2.577799426863864435e-04
1.608448850675555514e-02	9.980185937216238244e-05	-9.452390104972232697e-04	-2.610014003620086454e-04
1.611782768906827243e-02	1.001240051388131003e-04	-9.526483631582805239e-04	-2.590685257561149615e-04
1.615116687138095156e-02	1.049561916539405775e-04	-9.674670684470614533e-04	-2.619678376635893114e-04
1.618450605369360987e-02	9.561396439320310708e-05	-9.526483631501047721e-04	-2.574577969180421341e-04
1.621784523600629940e-02	9.722469322853623686e-05	-9.426618443565891155e-04	-2.619678376646956855e-04
1.625118441831901669e-02	1.046340458838353746e-04	-9.288095763593977663e-04	-2.616456918960251396e-04
1.628452360063169582e-02	1.004461509072214319e-04	-9.139908710610774841e-04	-2.448941119844168061e-04
1.631786278294435413e-02	1.171977308240375272e-04	-9.271988475259462965e-04	-2.571356511500907938e-04
1.635120196525704367e-02	1.181641681287468889e-04	-9.510376343241024218e-04	-2.555249223123443113e-04
1.638454114756976096e-02	1.107548154722101614e-04	-9.568362581321115772e-04	-2.548806307783258113e-04
1.641788032988244009e-02	1.007682966743913064e-04	-9.307424509725493707e-04	-2.587463799875766341e-04
1.645121951219509840e-02	9.883542206836739620e-05	-9.117358506947437040e-04	-2.655114411108081040e-04
1.648455869450778100e-02	1.126876900785611754e-04	-8.846756062293814962e-04	-2.535920477055399517e-04
1.651789787682050523e-02	1.339493107449640904e-04	-9.146351626049435213e-04	-2.468269865877091638e-04
1.655123705913318435e-02	9.786898476600878810e-05	-9.268767017599110125e-04	-2.561692138481853009e-04
1.658457624144584266e-02	1.242849377142523075e-04	-9.259102644557300503e-04	-2.671221699459522302e-04
1.661791542375853220e-02	1.072112120298735448e-04	-8.994943115313387347e-04	-2.716322106901323911e-04
1.665125460607124949e-02	1.104326697032133520e-04	-8.750112331988693691e-04	-2.606792545934704265e-04
1.668459378838393209e-02	1.165534392913912477e-04	-8.495617175621769743e-04	-2.436055289114997309e-04
1.671793297069659387e-02	1.126876900792121846e-04	-8.263672223100343656e-04	-2.706657733885498279e-04
1.675127215300927647e-02	1.110769612402945198e-04	-8.270115138438579802e-04	-2.571356511489201265e-04
1.678461133532200417e-02	1.191306054322149340e-04	-8.283000969072154551e-04	-2.648671495730806568e-04
1.681795051763467982e-02	1.110769612384665414e-04	-8.440852395201133311e-04	-2.613235461290523459e-04
1.685128969994733814e-02	9.593611016030759067e-05	-8.350651580401964504e-04	-2.639007122694832664e-04
1.688462888226002073e-02	1.046340458857891612e-04	-8.163807035245006054e-04	-2.603571088259075015e-04
1.691796806457274843e-02	9.561396439372349702e-05	-8.531053210100994141e-04	-2.735650852955065254e-04
1.695130724688542409e-02	1.194527511976249180e-04	-8.772662535672915395e-04	-2.610014003602514790e-04
1.698464642919808240e-02	9.271465248207984766e-05	-8.853198977689892210e-04	-2.690550445513916877e-04
1.701798561151076500e-02	1.027011712791131576e-04	-8.766219620363037640e-04	-2.639007122698096112e-04
1.705132479382349270e-02	1.072112120268742757e-04	-8.647025686387834831e-04	-2.593906715245227509e-04
1.708466397613616836e-02	1.120433985453914838e-04	-8.991721657579476810e-04	-2.526256104043496527e-04
1.711800315844882667e-02	1.065669204927270131e-04	-8.779105451012438489e-04	-2.709879191547475254e-04
1.715134234076150926e-02	1.142984189150021294e-04	-8.953064165496188095e-04	-2.597128172914348835e-04
1.718468152307423696e-02	1.246070834835107349e-04	-8.943399792338376430e-04	-2.529477561739287058e-04
1.721802070538691262e-02	1.265399580903185640e-04	-9.078701014752041821e-04	-2.519813188714372016e-04
1.725135988769957093e-02	1.155870019881818526e-04	-9.349303459346633427e-04	-2.661557326412481946e-04
1.728469907001225353e-02	1.146205646825653390e-04	-9.281652848168866566e-04	-2.590685257583271676e-04
1.731803825232498123e-02	1.104326697024296907e-04	-9.404068239738026759e-04	-2.564913596156813305e-04
1.735137743463765689e-02	1.014125882059314693e-04	-9.214002236957424385e-04	-2.674443157125393189e-04
1.738471661695031520e-02	1.104326697046468570e-04	-9.304203051799045127e-04	-2.700214818535578770e-04
1.741805579926299780e-02	1.246070834807719860e-04	-9.452390104786199867e-04	-2.448941119821391142e-04
1.745139498157572550e-02	8.433886252331189231e-05	-9.207559321525662791e-04	-2.651892953396010129e-04
1.748473416388840115e-02	1.020568797437286713e-04	-9.120579964226987720e-04	-2.671221699471240901e-04
1.751807334620105946e-02	9.335894401779006892e-05	-9.416954070310154350e-04	-2.751758141352038129e-04
1.755141252851373512e-02	1.101105239364325570e-04	-9.433061358729054671e-04	-2.587463799868605727e-04
1.758475171082646976e-02	1.200970427322284263e-04	-9.445947189377798493e-04	-2.693771903200585472e-04
1.761809089313914542e-02	9.851327630074017809e-05	-9.236552440666625022e-04	-2.684107530147040988e-04
1.765143007545180373e-02	1.188084596647830620e-04	-9.404068239717948419e-04	-2.642228580381530533e-04
1.768476925776455572e-02	1.039897543506631351e-04	-9.578026954231291324e-04	-2.561692138470142541e-04
1.771810844007722444e-02	1.046340458845520865e-04	-9.397625324541185755e-04	-2.471491323555301831e-04
1.775144762238989316e-02	1.165534392898912269e-04	-9.465275935647962310e-04	-2.593906715234170816e-04
1.778478680470256187e-02	1.265399580865357284e-04	-9.565141123592968853e-04	-2.429612373756594732e-04
1.781812598701523059e-02	9.690254746175659380e-05	-9.545812377544410539e-04	-2.555249223115629810e-04
1.785146516932798258e-02	1.133319816127053886e-04	-9.365410747821137057e-04	-2.574577969188244944e-04
1.788480435164064089e-02	1.017347339779255014e-04	-9.826079195204698909e-04	-2.535920477074917324e-04
1.791814353395331655e-02	1.043119001194684473e-04	-9.426618443516644524e-04	-2.661557326430697085e-04
1.795148271626605119e-02	1.123655443108014543e-04	-9.133465795075217152e-04	-2.642228580380878928e-04
1.798482189857872685e-02	1.094662324016335399e-04	-9.165680371701462846e-04	-2.642228580382173465e-04
1.801816108089138516e-02	1.133319816133579699e-04	-9.413732612666222835e-04	-2.700214818511495929e-04
1.805150026320406081e-02	1.197748969664267607e-04	-9.329974713240727323e-04	-2.558470680814044652e-04
1.808483944551679545e-02	9.754683899818528874e-05	-9.542590919687189352e-04	-2.564913596136655818e-04
1.811817862782947111e-02	9.980185937366237614e-05	-9.162458914198630486e-04	-2.390954881656940528e-04
1.815151781014212942e-02	9.819113053285195185e-05	-9.233330983147839711e-04	-2.658335868738805345e-04
1.818485699245480508e-02	8.498315405824020052e-05	-9.381518036164181173e-04	-2.497262984974602841e-04
1.821819617476753972e-02	1.142984189189777226e-04	-9.159237456662521794e-04	-2.506927357990407332e-04
1.825153535708021538e-02	1.081776493295597165e-04	-9.214002237090804020e-04	-2.513370273329292915e-04
1.828487453939287369e-02	9.851327629969847664e-05	-9.491047597095646649e-04	-2.542363392429420840e-04
1.831821372170554935e-02	1.249292292500927550e-04	-9.023936234312203084e-04	-2.745315226013152546e-04
1.835155290401828398e-02	1.200970427376395709e-04	-9.484604681645340861e-04	-2.800080006494181750e-04
1.838489208633095964e-02	9.690254746130028021e-05	-9.249438271544789276e-04	-2.545584850091376673e-04
1.841823126864361795e-02	1.084997950980343470e-04	-9.294538678979496951e-04	-2.590685257569615607e-04
1.845157045095629361e-02	1.039897543502095592e-04	-9.149573083662164473e-04	-2.680886072462310946e-04
1.848490963326902825e-02	1.052783374222819053e-04	-8.804877112500377086e-04	-2.474712781221812940e-04
1.851824881558170391e-02	1.043119001205108535e-04	-9.152794541294245658e-04	-2.535920477078827499e-04
1.855158799789436222e-02	9.786898476678823459e-05	-8.817762943163806426e-04	-2.523034646367866736e-04
1.858492718020703788e-02	1.088219408664436950e-04	-8.801655654776785985e-04	-2.577799426841097816e-04
1.861826636251977252e-02	9.819113053533043802e-05	-8.717897755196883820e-04	-2.477934238913068253e-04
1.865160554483244817e-02	1.333050192071677422e-04	-8.798434196949058350e-04	-2.632564207339031358e-04
1.868494472714510649e-02	1.194527511969079486e-04	-9.075479556970371094e-04	-2.461826950537552281e-04
1.871828390945778214e-02	9.947971360512127047e-05	-8.666354432277235519e-04	-2.581020884543401691e-04
1.875162309177051678e-02	1.068890662585953301e-04	-8.537496125284062525e-04	-2.661557326413785157e-04
1.878496227408319244e-02	1.168755850566073628e-04	-8.727562127987403568e-04	-2.593906715234810495e-04
1.881830145639585075e-02	1.175198765914695754e-04	-8.392530529983176311e-04	-2.564913596136632508e-04
1.885164063870852641e-02	1.030233170481764421e-04	-8.698569009063571254e-04	-2.648671495715192430e-04
1.888497982102126105e-02	1.162312935236974325e-04	-8.824205858268773222e-04	-2.606792545921692754e-04
1.891831900333393671e-02	9.110392364192169295e-05	-8.949842707585564531e-04	-2.658335868752485266e-04
1.895165818564659502e-02	1.171977308259308288e-04	-8.859641892792667834e-04	-2.664778784102418327e-04
1.898499736795927068e-02	8.820461173653494722e-05	-9.172123287233964169e-04	-2.671221699438714836e-04
