# Time (s)	Generation (V)	PC (V)	PL (V)
1.500263204070890169e-05	1.223520631106396494e-04	2.739142207454807638e-03	-2.532699019380409405e-04
4.834181435339528833e-05	1.226742088735083855e-04	-4.781276343456245426e-04	-2.590685257569613981e-04
8.168099666608183592e-05	8.594959136464228641e-05	-8.869306257514867264e-04	-2.542363392424863938e-04
1.150201789787680921e-04	1.220299173400133112e-04	-9.513597800312756109e-04	-2.590685257537719464e-04
1.483593612914544161e-04	9.496967285612260335e-05	-9.838965025747792650e-04	-2.603571088266239965e-04
1.816985436041414854e-04	1.104326697055589557e-04	-9.423396985749439222e-04	-2.442498204479914858e-04
2.150377259168277959e-04	1.110769612402910775e-04	-9.346082001705862362e-04	-2.577799426855411995e-04
2.483769082295139165e-04	1.239627919439518534e-04	-9.561919665937441797e-04	-2.487598611907383315e-04
2.817160905422001998e-04	1.197748969663611665e-04	-9.626348819321454498e-04	-2.481155696586734554e-04
3.150552728548863747e-04	1.149427104472580961e-04	-9.603798615523756943e-04	-2.497262984962883700e-04
3.483944551675727122e-04	1.200970427336643979e-04	-9.555476750394950635e-04	-2.445719662134710078e-04
3.817336374802589413e-04	1.146205646841292599e-04	-9.774535872163817290e-04	-2.384511966322614286e-04
4.150728197929463088e-04	1.255735207847630502e-04	-9.616684446202372703e-04	-2.368404677928889410e-04
4.484120021056323211e-04	1.229963546432217712e-04	-9.091586845167805775e-04	-2.587463799889432167e-04
4.817511844183182249e-04	1.068890662602923369e-04	-9.561919665637388845e-04	-2.564913596148362491e-04
5.150903667310046709e-04	1.068890662596392677e-04	-9.468497393129381677e-04	-2.539141934744043529e-04
5.484295490436907373e-04	1.130098358443606049e-04	-9.397625324351804909e-04	-2.684107530167865801e-04
5.817687313563794059e-04	1.178420223607926076e-04	-9.397625324302566951e-04	-2.442498204459082455e-04
6.151079136690657976e-04	1.249292292476173859e-04	-9.281652848023454454e-04	-2.622899834310208310e-04
6.484470959817520809e-04	1.339493107428757544e-04	-9.207559321608022040e-04	-2.545584850105039247e-04
6.817862782944378221e-04	9.690254746292951082e-05	-9.143130168202589841e-04	-2.687328987844130393e-04
7.151254606071238886e-04	1.236406461797801232e-04	-9.310645967310851199e-04	-2.552027765451072433e-04
7.484646429198103888e-04	1.107548154714914303e-04	-9.127022879836119368e-04	-2.613235461301574732e-04
7.818038252324961300e-04	9.819113053435140346e-05	-9.497490512430900155e-04	-2.626121291994301925e-04
8.151430075451824133e-04	1.184863138945486087e-04	-9.565141123510545636e-04	-2.577799426860603155e-04
8.484821898578681545e-04	1.162312935242873604e-04	-9.339639086333276522e-04	-2.516591731015328337e-04
8.818213721705542209e-04	1.197748969689053011e-04	-9.307424509580162911e-04	-2.516591730998387678e-04
9.151605544832444074e-04	1.197748969644709142e-04	-9.581248411911450370e-04	-2.597128172887664451e-04
9.484997367959307991e-04	1.197748969672748101e-04	-9.903394179373162850e-04	-2.448941119826595855e-04
9.818389191086165403e-04	1.059226289564303063e-04	-9.871179602524767383e-04	-2.320082812803005027e-04
1.015178101421302607e-03	1.194527511976262190e-04	-1.010956747047264247e-03	-2.448941119838968770e-04
1.048517283733989107e-03	1.133319816140081253e-04	-9.671449226751050159e-04	-2.339411558844362341e-04
1.081856466046675824e-03	1.171977308246255985e-04	-9.545812377487475830e-04	-2.632564207363114741e-04
1.115195648359362541e-03	1.210634800377181019e-04	-9.352524917136213409e-04	-2.342633016532359085e-04
1.148534830672048607e-03	1.126876900768658492e-04	-9.036822064949407741e-04	-2.552027765459536257e-04
1.181874012984734674e-03	1.197748969655784809e-04	-9.149573083673295977e-04	-2.481155696587380196e-04
1.215213195297422692e-03	1.014125882112112763e-04	-9.030379149642740310e-04	-2.677664614800357823e-04
1.248552377610108758e-03	1.059226289562331441e-04	-9.478161766408802879e-04	-2.500484442628094850e-04
1.281891559922794608e-03	1.246070834806414752e-04	-9.233330983280827950e-04	-2.593906715238722838e-04
1.315230742235480241e-03	1.075333577950228324e-04	-9.239773898604235463e-04	-2.619678376647606292e-04
1.348569924548166741e-03	1.027011712793738811e-04	-9.465275935797809893e-04	-2.803301464144429284e-04
1.381909106860852374e-03	1.181641681260079909e-04	-9.819636280007234489e-04	-2.932159771190805705e-04
1.415248289173538223e-03	1.030233170486956394e-04	-1.018688245479779748e-03	-3.222090961994227270e-04
1.448587471486224290e-03	9.529181862544433459e-05	-9.851850856661690040e-04	-3.615108798440986194e-04
1.481926653798910139e-03	8.594959135962462586e-05	-9.771314414747757967e-04	-4.033898296238081112e-04
1.515265836111600543e-03	6.629869953468258868e-05	-9.909837094685426933e-04	-5.042214548635728152e-04
1.548605018424287260e-03	3.794987198301819970e-05	-1.042204886492054160e-03	-6.379119483783088395e-04
1.581944200736973543e-03	1.797683438842859804e-05	-1.065399381743346429e-03	-8.270115138921090969e-04
1.615283383049659826e-03	-1.029765901714822059e-06	-1.082795253180799137e-03	-1.058634320679972731e-03
1.648622565362346326e-03	-6.127102444802982634e-05	-1.141103637078940466e-03	-1.356619155512977810e-03
1.681961747675032610e-03	-1.002506623302877939e-04	-1.189747647962245171e-03	-1.713878811469969621e-03
1.715300929987719110e-03	-1.691898565973315146e-04	-1.239358096138939774e-03	-2.136211912323609293e-03
1.748640112300405176e-03	-2.513370273316265684e-04	-1.300565791927044395e-03	-2.632960685274366927e-03
1.781979294613091677e-03	-3.251084081055310906e-04	-1.370471423449814768e-03	-3.200259381035465769e-03
1.815318476925777960e-03	-4.178863891612481654e-04	-1.479678838579632279e-03	-3.826832897704697100e-03
1.848657659238465327e-03	-5.125972448157698142e-04	-1.551839490456562685e-03	-4.541996499980677920e-03
1.881996841551151394e-03	-6.446770094964643458e-04	-1.704214438388073575e-03	-5.311280590725188204e-03
1.915336023863837894e-03	-7.954412286782903095e-04	-1.862065864350672621e-03	-6.202657926569109942e-03
1.948675206176523960e-03	-1.000648082541118504e-03	-2.014118666487745273e-03	-7.395885844771863185e-03
1.982014388489209810e-03	-1.585664796069499900e-03	-2.363968969641345660e-03	-1.096783809550931632e-02
2.015353570801895877e-03	-3.116823627208882824e-03	-3.408687692125774316e-03	-2.080874690413795497e-02
2.048692753114581943e-03	-7.141712834483778666e-03	-6.178819139351080479e-03	-4.602535064433091461e-02
2.082031935427268009e-03	-1.412712161354403098e-02	-1.175677307439326746e-02	-8.817554564155670460e-02
2.115371117739955377e-03	-2.210796077349469133e-02	-1.916032703621203120e-02	-1.354343272174446389e-01
2.148710300052642744e-03	-3.003757872104360557e-02	-2.702036151218307342e-02	-1.826096724246608349e-01
2.182049482365330546e-03	-3.789986816996274155e-02	-3.491518769589001259e-02	-2.293150066420663880e-01
2.215388664678016612e-03	-4.569740628854827152e-02	-4.279519514120468798e-02	-2.760670519103410325e-01
2.248727846990702679e-03	-5.356323927677654473e-02	-5.064910874786093808e-02	-3.225687901160229631e-01
2.282067029303388745e-03	-6.132598559261639298e-02	-5.851880746598645683e-02	-3.687538594877834419e-01
2.315406211616074812e-03	-6.902849062370294830e-02	-6.623419833739480067e-02	-4.152604310097004481e-01
2.348745393928761745e-03	-7.684825668276526467e-02	-7.399597817030026392e-02	-4.615708167176038046e-01
2.382084576241447812e-03	-8.460037210740393998e-02	-8.181348919231781758e-02	-5.078924787269398777e-01
2.415423758554133878e-03	-9.246362779193439962e-02	-8.961489290110796757e-02	-5.546596698191833541e-01
2.448762940866820812e-03	-1.004132185137854572e-01	-9.755224209306730121e-02	-6.016162843849398589e-01
2.482102123179506879e-03	-1.083959902245718587e-01	-1.055279266056724924e-01	-6.491656492824452451e-01
2.515441305492192945e-03	-1.165630292820096225e-01	-1.136199057113422145e-01	-6.977323530585596290e-01
2.548780487804879012e-03	-1.247954639046286590e-01	-1.218478303012639347e-01	-7.476755888101795922e-01
2.582119670117565078e-03	-1.331309851458428728e-01	-1.301308417928378203e-01	-7.975041438566446983e-01
2.615458852430251144e-03	-1.415786130873273874e-01	-1.385497987698303124e-01	-8.485488032052765917e-01
2.648798034742938078e-03	-1.501377034383725717e-01	-1.470206211928913043e-01	-8.999861624791694048e-01
2.682137217055624145e-03	-1.587824845401707985e-01	-1.556389863498078840e-01	-9.521924886065474825e-01
2.715476399368310211e-03	-1.674862182970476288e-01	-1.643607602742344076e-01	-1.004040271242488291e+00
2.748815581680996711e-03	-1.763110788390727379e-01	-1.731073394054168102e-01	-1.056908939852792217e+00
2.782154763993682778e-03	-1.852718848717274380e-01	-1.820420516375399755e-01	-1.110092351032546443e+00
2.815493946306369278e-03	-1.943435090282158717e-01	-1.911127093609870653e-01	-1.164866525912528816e+00
2.848833128619055344e-03	-2.034856830920840354e-01	-2.002419975986407252e-01	-1.219980572086978077e+00
2.882172310931741411e-03	-2.126623267418120411e-01	-2.094006010896120040e-01	-1.275352664981036277e+00
2.915511493244428345e-03	-2.220667274252204060e-01	-2.187563577680001758e-01	-1.330567236531003061e+00
2.948850675557114411e-03	-2.314550208165296330e-01	-2.281594698649972441e-01	-1.386648390092297900e+00
2.982189857869800478e-03	-2.410797691803855392e-01	-2.376853194864981256e-01	-1.443738193127833247e+00
3.015529040182486544e-03	-2.507083832925070532e-01	-2.473773963099584472e-01	-1.501534151121779459e+00
3.048868222495171743e-03	-2.604349297121795193e-01	-2.570665738225958452e-01	-1.559710252759429094e+00
3.082207404807858677e-03	-2.702268717217808369e-01	-2.668362877742355144e-01	-1.618035519690726343e+00
3.115546587120545177e-03	-2.801074038173878566e-01	-2.766617329451475094e-01	-1.677039239414467309e+00
3.148885769433231244e-03	-2.900488214676704146e-01	-2.866350430206024424e-01	-1.736194703041853638e+00
3.182224951745917310e-03	-2.999921720042290629e-01	-2.965445682496855029e-01	-1.795936487190445296e+00
3.215564134058603377e-03	-3.100131596795452360e-01	-3.065813410612036605e-01	-1.855838070439052689e+00
3.248903316371289443e-03	-3.200554089912154287e-01	-3.166206910549971276e-01	-1.915835024047576773e+00
3.282242498683975510e-03	-3.301414701441086619e-01	-3.267157722816725340e-01	-1.975505013953007261e+00
3.315581680996661576e-03	-3.402793967848930512e-01	-3.368192293195560461e-01	-2.036284172140109039e+00
3.348920863309347642e-03	-3.504959270135891147e-01	-3.470763499033697186e-01	-2.097289494675196320e+00
3.382260045622033709e-03	-3.607704435057615400e-01	-3.573209068309641800e-01	-2.157623802180900885e+00
3.415599227934719775e-03	-3.710494700701427728e-01	-3.676366579998324169e-01	-2.218148838926026212e+00
3.448938410247408010e-03	-3.813349395842567380e-01	-3.779040873400459910e-01	-2.279055638992131261e+00
3.482277592560094077e-03	-3.916481136703855448e-01	-3.882849120212302774e-01	-2.339727935014633609e+00
3.515616774872780143e-03	-4.019480798212082262e-01	-3.985339791295927636e-01	-2.399491794566332103e+00
3.548955957185466210e-03	-4.122393480796873177e-01	-4.089180253507479490e-01	-2.460767513417284391e+00
3.582295139498152276e-03	-4.223672884858388765e-01	-4.190994419374027280e-01	-2.520602286146462756e+00
3.615634321810838343e-03	-4.326611340043646781e-01	-4.293742808405393574e-01	-2.580771791731668152e+00
3.648973504123524409e-03	-4.429404830152365857e-01	-4.396848779732662194e-01	-2.642252139751875006e+00
3.682312686436210476e-03	-4.531805302973285765e-01	-4.500466963355357342e-01	-2.703436134725370366e+00
3.715651868748896976e-03	-4.633029944325209315e-01	-4.602165158803142586e-01	-2.763205277691560990e+00
3.748991051061583042e-03	-4.733980762355410876e-01	-4.703486444283988543e-01	-2.822743463449313150e+00
3.782330233374269109e-03	-4.833810513719825619e-01	-4.803763978080606845e-01	-2.882481726957104140e+00
3.815669415686955175e-03	-4.933753016717936091e-01	-4.904202585374595191e-01	-2.941346025149899290e+00
3.849008597999641242e-03	-5.032677539722467674e-01	-5.003742406608835402e-01	-3.000604013367569767e+00
3.882347780312327308e-03	-5.131982195392056356e-01	-5.103192027681917597e-01	-3.059923879107008915e+00
3.915686962625015109e-03	-5.229911289285115172e-01	-5.202180980975359414e-01	-3.117556352998973157e+00
3.949026144937704645e-03	-5.327399044152109076e-01	-5.300573965278982946e-01	-3.175422731851807789e+00
3.982365327250390712e-03	-5.423472579751694722e-01	-5.397201591424177769e-01	-3.232230875060025710e+00
4.015704509563076778e-03	-5.519404371916856178e-01	-5.493445864802183332e-01	-3.288243333564519144e+00
4.049043691875768049e-03	-5.613409733017526992e-01	-5.588221154131027824e-01	-3.344095386179189333e+00
4.082382874188454115e-03	-5.707411873384280465e-01	-5.682874028792125332e-01	-3.399420104314012647e+00
4.115722056501140182e-03	-5.799442482258667653e-01	-5.776557245372783145e-01	-3.454499691120377136e+00
4.149061238813826248e-03	-5.890165179950603846e-01	-5.867856583850490360e-01	-3.507657999421618378e+00
4.182400421126509713e-03	-5.979435000837264313e-01	-5.958289350876183610e-01	-3.560612088226204897e+00
4.215739603439195779e-03	-6.067384024681468091e-01	-6.047150047154035146e-01	-3.612299183178040440e+00
4.249078785751881845e-03	-6.155226741134316448e-01	-6.135472760681360826e-01	-3.663437678910691275e+00
4.282417968064567912e-03	-6.241584366173984488e-01	-6.222899909619252767e-01	-3.714577164114400087e+00
4.315757150377253978e-03	-6.327758368833936720e-01	-6.309495923125516548e-01	-3.765503730924602888e+00
4.349096332689940045e-03	-6.410720578524450319e-01	-6.394213827316294063e-01	-3.814822787569133400e+00
4.382435515002626111e-03	-6.491624277188828840e-01	-6.476019534112026355e-01	-3.863210205466556246e+00
4.415774697315314780e-03	-6.571384358895531186e-01	-6.556755717503125469e-01	-3.910625070234280631e+00
4.449113879628000846e-03	-6.648567274747562150e-01	-6.635372182115024664e-01	-3.956009757729824550e+00
4.482453061940686913e-03	-6.724348856931663398e-01	-6.712245838514816487e-01	-4.000110046496534011e+00
4.515792244253372979e-03	-6.798223336483466550e-01	-6.787080312515213487e-01	-4.044095345966930211e+00
4.549131426566056444e-03	-6.869549643176920961e-01	-6.859534129503289668e-01	-4.087533650414397535e+00
4.582470608878747714e-03	-6.939732332765418121e-01	-6.931011845234219537e-01	-4.128021383304191438e+00
4.615809791191433781e-03	-7.007221883787413397e-01	-6.999802865337926283e-01	-4.168038146293985946e+00
4.649148973504117245e-03	-7.072501514939524281e-01	-7.066441951842767910e-01	-4.207358110046053312e+00
4.682488155816803312e-03	-7.136569878260555777e-01	-7.131731247829256048e-01	-4.245175892942195439e+00
4.715827338129489378e-03	-7.199262679354795358e-01	-7.195229413478547720e-01	-4.281351035022175289e+00
4.749166520442175445e-03	-7.258830666288357270e-01	-7.256140748532581286e-01	-4.317040706706665176e+00
4.782505702754861511e-03	-7.316462557152684232e-01	-7.315428469003577572e-01	-4.351534882877931665e+00
4.815844885067547577e-03	-7.372238888374477161e-01	-7.372445061717337600e-01	-4.384068127215239308e+00
4.849184067380233644e-03	-7.425070806956530767e-01	-7.426671871813694814e-01	-4.415453873999482859e+00
4.882523249692919710e-03	-7.476101930606365853e-01	-7.479136544498871109e-01	-4.445714995030652261e+00
4.915862432005605777e-03	-7.525248501368159149e-01	-7.529639349310653929e-01	-4.475269966221317119e+00
4.949201614318291843e-03	-7.572475083167405918e-01	-7.578167400381374819e-01	-4.503499608378716879e+00
4.982540796630977910e-03	-7.617150270094832365e-01	-7.624124727843063498e-01	-4.530773752355166550e+00
5.015879978943663976e-03	-7.658819836452031016e-01	-7.667205293090074703e-01	-4.556008028857885250e+00
5.049219161256350043e-03	-7.698988203345474846e-01	-7.708536606576577022e-01	-4.579979792709568898e+00
5.082558343569036977e-03	-7.736370008772458506e-01	-7.746784984415653330e-01	-4.602317277624457859e+00
5.115897525881722176e-03	-7.771500014822856350e-01	-7.783722228798586329e-01	-4.623425751819698171e+00
5.149236708194409110e-03	-7.804835668588039344e-01	-7.818062977712840755e-01	-4.644171485886237072e+00
5.182575890507094309e-03	-7.834734026139257290e-01	-7.849101731678641558e-01	-4.662587408195355998e+00
5.215915072819802059e-03	-7.862035888143461548e-01	-7.878272039758307255e-01	-4.679935072035848798e+00
5.249254255132470778e-03	-7.886786354991608405e-01	-7.904462498687381267e-01	-4.695620746979669136e+00
5.282593437445174192e-03	-7.908718045588473133e-01	-7.927863174496405652e-01	-4.708602263956954914e+00
5.315932619757862861e-03	-7.928713639586462136e-01	-7.949292317665042074e-01	-4.720723953721837951e+00
5.349271802070550662e-03	-7.946299582541747064e-01	-7.967983221004595329e-01	-4.731002279423850432e+00
5.382610984383234126e-03	-7.960802589568496401e-01	-7.984248365988306784e-01	-4.739729112067802674e+00
5.415950166695924529e-03	-7.973224534305538569e-01	-7.997926679663969196e-01	-4.748020393199625211e+00
5.449289349008606259e-03	-7.982305826386968395e-01	-8.008821653034793320e-01	-4.754702514975691408e+00
5.482628531321296662e-03	-7.988368611670579877e-01	-8.016311544554245438e-01	-4.758580929174818230e+00
5.515967713633976657e-03	-7.991954095212682185e-01	-8.021005209910943012e-01	-4.760722610270411437e+00
5.549306895946668795e-03	-7.993223349944095224e-01	-8.023569491053487157e-01	-4.761292501059357640e+00
5.582646078259348790e-03	-7.991496648075587794e-01	-8.023778885870962441e-01	-4.760403033305434128e+00
5.615985260572042663e-03	-7.987598683039368597e-01	-8.020879573019997766e-01	-4.759354099221184242e+00
5.649324442884723525e-03	-7.981387710655386547e-01	-8.015747789277822832e-01	-4.756854504855265731e+00
5.682663625197414796e-03	-7.972612457151151411e-01	-8.008331991308204056e-01	-4.752988010380457595e+00
5.716002807510094791e-03	-7.960886347493090209e-01	-7.998316476166174027e-01	-4.746697628177455108e+00
5.749341989822786929e-03	-7.946650721536046014e-01	-7.985353326321882328e-01	-4.739230417440143839e+00
5.782681172135466924e-03	-7.929647862601553188e-01	-7.970044954569027729e-01	-4.729673393765885692e+00
5.816020354448159062e-03	-7.909442873787572159e-01	-7.951415258938806518e-01	-4.719483338441404996e+00
5.849359536760837322e-03	-7.886734811651249233e-01	-7.930037659103659209e-01	-4.707293352239878992e+00
5.882698719073532062e-03	-7.861733071028288444e-01	-7.905767189446796239e-01	-4.693154014099011562e+00
5.916037901386209455e-03	-7.834714697385397608e-01	-7.879351228406555885e-01	-4.677942227973153067e+00
5.949377083698906797e-03	-7.804790568165757003e-01	-7.850696353705491903e-01	-4.660787856880411084e+00
5.982716266011584190e-03	-7.771673973585696560e-01	-7.820214912075362790e-01	-4.642611295179634112e+00
6.016055448324278930e-03	-7.736489202739300630e-01	-7.786283288396090851e-01	-4.622322697584987594e+00
6.049394630636955456e-03	-7.698372904756108914e-01	-7.748753295618836523e-01	-4.600120189987670472e+00
6.082733812949651063e-03	-7.657940378264789238e-01	-7.709503044150629592e-01	-4.576802714582457909e+00
6.116072995262327588e-03	-7.615339810394682329e-01	-7.667517774570491440e-01	-4.552052628873593854e+00
6.149412177575023196e-03	-7.569295503606454645e-01	-7.623992648043084186e-01	-4.525607701241231240e+00
6.182751359887697987e-03	-7.521202349490481165e-01	-7.576891702805810258e-01	-4.497452147527936539e+00
6.216090542200395329e-03	-7.470767195362013613e-01	-7.527577615868744632e-01	-4.467719662861369123e+00
6.249429724513070120e-03	-7.418769634210200525e-01	-7.476114816442437361e-01	-4.436336475632144172e+00
6.282768906825767462e-03	-7.363798667269989551e-01	-7.422696592073841915e-01	-4.403999404241582205e+00
6.316108089138442253e-03	-7.306672545032486532e-01	-7.366788180700489796e-01	-4.370089594087966489e+00
6.349447271451139595e-03	-7.247578112128959527e-01	-7.308866358213456094e-01	-4.334822889036594518e+00
6.382786453763814385e-03	-7.186747313599201048e-01	-7.248489784855035589e-01	-4.298134215648483192e+00
6.416125636076511728e-03	-7.122617742181127642e-01	-7.186373624430875129e-01	-4.260361191199920405e+00
6.449464818389189988e-03	-7.057070729600920522e-01	-7.121335601763705281e-01	-4.221223866472882946e+00
6.482804000701888197e-03	-6.989548963599411247e-01	-7.054155309828246123e-01	-4.180733518312894859e+00
6.516143183014561253e-03	-6.919028020490824993e-01	-6.985634891781066225e-01	-4.139182662275483260e+00
6.549482365327260330e-03	-6.846490445098447619e-01	-6.913696507069455599e-01	-4.096421820994475382e+00
6.582821547639933386e-03	-6.772735159100256030e-01	-6.839931556134288826e-01	-4.052156227023775870e+00
6.616160729952632463e-03	-6.696344720916717064e-01	-6.765364462723166827e-01	-4.006314364390489047e+00
6.649499912265305519e-03	-6.618939524053156775e-01	-6.688097787976607922e-01	-3.959428751324969742e+00
6.682839094578004596e-03	-6.539772190240360494e-01	-6.609487765833239603e-01	-3.911509053539508063e+00
6.716178276890677652e-03	-6.458755740138384382e-01	-6.529759898386844341e-01	-3.862892564449633692e+00
6.749517459203376729e-03	-6.376434600195690638e-01	-6.447654595533026667e-01	-3.813635339007413805e+00
6.782856641516048918e-03	-6.292290115686571816e-01	-6.364408897218362116e-01	-3.763483522840147089e+00
6.816195823828748862e-03	-6.207085772191809347e-01	-6.279326968519602925e-01	-3.712747025896199649e+00
6.849535006141421051e-03	-6.120264257490221071e-01	-6.193417125827965775e-01	-3.660210696652620666e+00
6.882874188454121862e-03	-6.030849469839473231e-01	-6.104962332040682060e-01	-3.605921248996036166e+00
6.916213370766793184e-03	-5.940535896164642615e-01	-6.014690636700634752e-01	-3.550782960851505354e+00
6.949552553079493995e-03	-5.848218576402525182e-01	-5.923330089329507109e-01	-3.495082868761424599e+00
6.982891735392165317e-03	-5.755569447226237534e-01	-5.830784046197414749e-01	-3.438702099720787775e+00
7.016230917704866128e-03	-5.660958450946604881e-01	-5.737532504537086187e-01	-3.381181268661783257e+00
7.049570100017535715e-03	-5.566215375636633933e-01	-5.642196680381972307e-01	-3.322929506661290500e+00
7.082909282330238261e-03	-5.470257811457039931e-01	-5.547369847314377322e-01	-3.263962921717935561e+00
7.116248464642907848e-03	-5.373301596080301001e-01	-5.450017392046544451e-01	-3.204570160220165054e+00
7.149587646955610394e-03	-5.275598003213975984e-01	-5.352703595006498283e-01	-3.144627839021331361e+00
7.182926829268279981e-03	-5.177082603693924368e-01	-5.254117322862976724e-01	-3.084481302039891570e+00
7.216266011580984262e-03	-5.077597546084514635e-01	-5.155125147749162196e-01	-3.025212969648019445e+00
7.249605193893653848e-03	-4.977825779411867435e-01	-5.054873383354634431e-01	-2.965906648863133821e+00
7.282944376206356395e-03	-4.877458043720879211e-01	-4.954789135435984093e-01	-2.904644588052381682e+00
7.316283558519025981e-03	-4.776433131300298340e-01	-4.853748115239612804e-01	-2.843865775747815405e+00
7.349622740831728528e-03	-4.674773592339528938e-01	-4.752117568926477742e-01	-2.782829591597953289e+00
7.382961923144396379e-03	-4.572208824382892889e-01	-4.649813738584769873e-01	-2.721570505208171120e+00
7.416301105457100661e-03	-4.469251039177051243e-01	-4.546814073992633265e-01	-2.659530555593048184e+00
7.449640287769768512e-03	-4.366521978012632976e-01	-4.443875617672132239e-01	-2.598401342365178390e+00
7.482979470082472793e-03	-4.264176270824260317e-01	-4.341249643282269477e-01	-2.537919991361321070e+00
7.516318652395140645e-03	-4.162049623240905438e-01	-4.238543132970654659e-01	-2.476965104618925828e+00
7.549657834707844926e-03	-4.059085397161637521e-01	-4.135839844604756177e-01	-2.415914883541715685e+00
7.582997017020511911e-03	-3.955789361397965553e-01	-4.032379514180406410e-01	-2.354727448435084636e+00
7.616336199333217059e-03	-3.853372783954080449e-01	-3.928935291481272518e-01	-2.293867657691662121e+00
7.649675381645884044e-03	-3.749670845347738424e-01	-3.825494290651937357e-01	-2.232504692229187349e+00
7.683014563958589192e-03	-3.646916015607741257e-01	-3.722185369960885892e-01	-2.171301531152749487e+00
7.716353746271256177e-03	-3.543278506846099241e-01	-3.618792691728674460e-01	-2.109765610616400000e+00
7.749692928583962193e-03	-3.439966365594793185e-01	-3.515226055117503523e-01	-2.048808284390395418e+00
7.783032110896668208e-03	-3.336921605587918060e-01	-3.411540224877405159e-01	-1.988314222846041757e+00
7.816371293209334326e-03	-3.235419923948507637e-01	-3.309581096105269071e-01	-1.927940338569230194e+00
7.849710475522003045e-03	-3.134063208105672405e-01	-3.207795926269697007e-01	-1.866779143258727069e+00
7.883049657834708193e-03	-3.033531185552842957e-01	-3.106616390639208580e-01	-1.806496779864136037e+00
7.916388840147409872e-03	-2.933604797153444577e-01	-3.005862087567690022e-01	-1.746939905424928829e+00
7.949728022460080326e-03	-2.834992763515580272e-01	-2.906547776119547954e-01	-1.687977727341235745e+00
7.983067204772782005e-03	-2.736747976124409565e-01	-2.808080708096025169e-01	-1.629911129543484050e+00
8.016406387085452459e-03	-2.640829081073097218e-01	-2.710834572531708453e-01	-1.573076754076666139e+00
8.049745569398154138e-03	-2.545287096589153863e-01	-2.614632189241738458e-01	-1.516465959291825705e+00
8.083084751710824592e-03	-2.451053023846916645e-01	-2.518996782501428111e-01	-1.459440894754773455e+00
8.116423934023526271e-03	-2.357253847860742713e-01	-2.424878682229653359e-01	-1.404246919969083018e+00
8.149763116336196725e-03	-2.265084729316448886e-01	-2.330969976687861100e-01	-1.349341275205696578e+00
8.183102298648898404e-03	-2.173759632581563350e-01	-2.239770516821666391e-01	-1.295448144512848732e+00
8.216441480961568858e-03	-2.083987278273833899e-01	-2.148564613998121264e-01	-1.242021811479016469e+00
8.249780663274270537e-03	-1.995645250994868558e-01	-2.059426886786451527e-01	-1.188736907933875209e+00
8.283119845586940991e-03	-1.908575699316566454e-01	-1.971394119398695577e-01	-1.136353053847981798e+00
8.316459027899642670e-03	-1.823145869374670214e-01	-1.884904430033028100e-01	-1.085049683887125305e+00
8.349798210212313124e-03	-1.739091601648548313e-01	-1.800250971305386027e-01	-1.034949534933203852e+00
8.383137392525014803e-03	-1.657701479110920417e-01	-1.716783008802260369e-01	-9.859160164100295720e-01
8.416476574837685257e-03	-1.577667590030693845e-01	-1.636517174881774173e-01	-9.379774765342020482e-01
8.449815757150386936e-03	-1.499109128328488250e-01	-1.556715230702748476e-01	-8.910991229845443007e-01
8.483154939463059124e-03	-1.422805686708037143e-01	-1.479171528064382457e-01	-8.448586219635226824e-01
8.516494121775762538e-03	-1.347655526712880358e-01	-1.403515599357284538e-01	-8.001505721553915373e-01
8.549833304088432992e-03	-1.274824815949038015e-01	-1.329167582235291911e-01	-7.570722610834456079e-01
8.583172486401134671e-03	-1.204951403005068700e-01	-1.257055256452189740e-01	-7.148366859670938211e-01
8.616511668713805125e-03	-1.135545101243703170e-01	-1.187040099339674026e-01	-6.740047023513904279e-01
8.649850851026506804e-03	-1.068522677876514448e-01	-1.118857951388333438e-01	-6.346062694217465827e-01
8.683190033339177258e-03	-1.004228828866434858e-01	-1.052856730012995679e-01	-5.962399931775708151e-01
8.716529215651878937e-03	-9.414394003668480337e-02	-9.893392522275280820e-02	-5.592612001639013508e-01
8.749868397964549391e-03	-8.812303591971999694e-02	-9.272746516355825919e-02	-5.235323338700458295e-01
8.783207580277251070e-03	-8.235888195405832723e-02	-8.680191618618700311e-02	-4.890669241969584635e-01
8.816546762589921524e-03	-7.681571996213272524e-02	-8.116984197650946309e-02	-4.557918438629032787e-01
8.849885944902623203e-03	-7.142525504506078149e-02	-7.564375370678343147e-02	-4.241655061169216645e-01
8.883225127215293657e-03	-6.630378182141100085e-02	-7.034767749330365916e-02	-3.935842096555763892e-01
8.916564309527995336e-03	-6.147674980749591456e-02	-6.532929090913656978e-02	-3.646149308833951386e-01
8.949903491840665790e-03	-5.683881734223304033e-02	-6.065012379545287047e-02	-3.370746909041058559e-01
8.983242674153367469e-03	-5.241736681617076288e-02	-5.608725128989704156e-02	-3.108797317380757597e-01
9.016581856466037923e-03	-4.826684086366119647e-02	-5.172733060201623045e-02	-2.860181339241200105e-01
9.049921038778739601e-03	-4.431217952423772977e-02	-4.765411963025242836e-02	-2.622647175342451287e-01
9.083260221091410055e-03	-4.013845905969417455e-02	-4.359572735491847734e-02	-2.365075546493996539e-01
9.116599403404122143e-03	-3.426155394685848760e-02	-3.864112556546113464e-02	-2.005196872205232128e-01
9.149938585716785658e-03	-2.526015706387738785e-02	-3.121341075126277814e-02	-1.453921743953811574e-01
9.183277768029494276e-03	-1.232503820041470910e-02	-2.026979704440250857e-02	-6.803595942147411257e-02
9.216616950342157791e-03	-2.607189023521588964e-03	-8.603288174023964244e-03	-1.530907441762316065e-02
9.249956132654866409e-03	-9.687556515630446922e-04	-3.545921788784397663e-03	-7.309550779355209436e-03
9.283295314967529924e-03	-6.137510158153659974e-04	-2.172614383950446752e-03	-5.169214307616438499e-03
9.316634497280238542e-03	-4.204635552979105076e-04	-1.706147312998887097e-03	-3.835208687621498042e-03
9.349973679592902057e-03	-2.742093768315403946e-04	-1.492564669279257059e-03	-2.935455560547135627e-03
9.383312861905610675e-03	-1.798206669287734068e-04	-1.370471423451113209e-03	-2.305660585863127283e-03
9.416652044218274190e-03	-1.369752798380471123e-04	-1.270928381337958985e-03	-1.836616348800732337e-03
9.449991226530982807e-03	-7.802260436224184423e-05	-1.215841455116630204e-03	-1.511893415370632902e-03
9.483330408843646323e-03	-3.904296648030831739e-05	-1.114365538387334471e-03	-1.278015588276740873e-03
9.516669591156354940e-03	-2.905644768483768163e-05	-1.097291812723288429e-03	-1.095036792397424772e-03
9.550008773469018455e-03	1.185606480396568044e-05	-1.080540232820041517e-03	-9.455611563124611662e-04
9.583347955781727073e-03	3.343983123408648207e-05	-1.023520431989962884e-03	-8.234679104495097645e-04
9.616687138094390588e-03	2.603047857774630353e-05	-1.027064035433204823e-03	-7.413207397434282532e-04
9.650026320407099206e-03	4.149347542744090942e-05	-1.011923184362586037e-03	-6.920324373185591637e-04
9.683365502719762721e-03	6.082222148612515715e-05	-1.032540513477036258e-03	-6.060195173978353634e-04
9.716704685032471339e-03	7.080874028387657481e-05	-1.033184805004906410e-03	-5.683284625981884853e-04
9.750043867345134854e-03	7.757380140379031830e-05	-1.027386181199413905e-03	-5.399796350563517994e-04
9.783383049657843472e-03	6.307724185912560154e-05	-9.774535872487564395e-04	-5.029328717936494119e-04
9.816722231970506987e-03	8.176169638268447376e-05	-1.001292374031634205e-03	-4.913356241627740619e-04
9.850061414283215605e-03	7.499663526114059165e-05	-9.938830213723904954e-04	-4.845705630433176756e-04
9.883400596595879120e-03	7.435234372784064669e-05	-9.983930621217493480e-04	-4.671746915960624789e-04
9.916739778908587738e-03	8.627173712920693154e-05	-9.777757330059503801e-04	-4.497788201500415380e-04
9.950078961221251253e-03	8.530529982704147406e-05	-9.916280010085244678e-04	-4.433359047982760666e-04
9.983418143533959871e-03	8.015096754304970410e-05	-9.977487705948517253e-04	-4.375372809830664535e-04
1.001675732584662339e-02	7.982882177692214088e-05	-1.011923184356429070e-03	-4.304500740965664751e-04
1.005009650815933200e-02	1.065669204910997070e-04	-9.474940308706052312e-04	-4.201414095369148663e-04
1.008343569047199552e-02	8.917104903967844993e-05	-9.494269054810365724e-04	-4.059669957650871488e-04
1.011677487278470414e-02	9.625825592774065527e-05	-9.587691327321652603e-04	-4.021012465539501395e-04
1.015011405509736939e-02	8.917104903863449876e-05	-9.758428584057601959e-04	-3.937254565973960030e-04
1.018345323741007627e-02	7.950667600636008236e-05	-9.320310340272356135e-04	-3.988797888785223893e-04
1.021679241972273978e-02	9.529181862283844112e-05	-9.310645967305833512e-04	-3.917925819918938245e-04
1.025013160203545014e-02	8.079525907954126921e-05	-9.478161766414752980e-04	-3.772960224518517934e-04
1.028347078434811365e-02	7.982882177731185735e-05	-9.771314414763259890e-04	-3.766517309179637772e-04
1.031680996666082747e-02	8.691602866667900843e-05	-9.636013192465059862e-04	-3.760074393817337216e-04
1.035014914897348579e-02	8.433886252174782226e-05	-9.391182409161262035e-04	-3.579672763972064969e-04
1.038348833128620134e-02	7.950667600844680562e-05	-9.642456107779944462e-04	-3.650544832860468341e-04
1.041682751359887006e-02	9.722469323049215113e-05	-9.491047597023167734e-04	-3.563565475642733299e-04
1.045016669591158041e-02	1.094662324019609283e-04	-9.252659729003913109e-04	-3.502357779784443176e-04
1.048350587822423699e-02	8.884890327276493500e-05	-9.375075120631307969e-04	-3.305848861568875933e-04
1.051684506053694734e-02	1.075333577963270598e-04	-9.465275935538932772e-04	-3.357392184359960082e-04
1.055018424284961606e-02	9.593611015887557644e-05	-9.362189289996310747e-04	-3.267191369466597418e-04
1.058352342516232468e-02	1.059226289576027896e-04	-9.271988475039982499e-04	-3.257526996439085712e-04
1.061686260747498126e-02	1.049561916553079326e-04	-9.439504274150915331e-04	-3.199540758277230135e-04
1.065020178978768987e-02	9.303679825088072817e-05	-9.214002237026802482e-04	-3.334841980643609674e-04
1.068354097210036033e-02	1.117212527766560349e-04	-9.404068239828189011e-04	-3.247862623402444481e-04
1.071688015441306895e-02	9.174821517900185787e-05	-9.835743568144734474e-04	-3.170547639191422895e-04
1.075021933672572552e-02	1.059226289572760517e-04	-9.397625324519720720e-04	-3.025582043789058610e-04
1.078355851903843414e-02	1.065669204912937656e-04	-9.268767017522799639e-04	-3.028803501466638339e-04
1.081689770135110633e-02	1.059226289560393430e-04	-9.397625324491806851e-04	-2.964374347957433897e-04
1.085023688366381321e-02	1.027011712819802218e-04	-9.565141123607304174e-04	-2.974038720986898251e-04
1.088357606597646979e-02	9.851327630080527087e-05	-9.323531797958364451e-04	-2.996588924698711273e-04
1.091691524828917667e-02	1.136541273809208542e-04	-9.149573083496252267e-04	-2.957931432594478483e-04
1.095025443060185580e-02	1.178420223594882040e-04	-8.769441077940188806e-04	-2.796858548796436945e-04
1.098359361291455748e-02	1.039897543504698083e-04	-8.808098570015826306e-04	-2.922495398151572147e-04
1.101693279522721926e-02	1.001240051408337821e-04	-8.904742300222136643e-04	-2.832294583245196888e-04
1.105027197753992094e-02	1.072112120273948960e-04	-9.091586845466007993e-04	-3.099675570332923987e-04
1.108361115985260180e-02	1.159091477545723213e-04	-9.558698208284446352e-04	-2.758201056705238434e-04
1.111695034216530174e-02	1.039897543519690973e-04	-9.246216813840051367e-04	-2.800080006487033605e-04
1.115028952447795832e-02	1.084997950980362715e-04	-9.294538678947683206e-04	-2.780751260432620057e-04
1.118362870679066173e-02	9.883542206810461269e-05	-9.387960951450734486e-04	-2.735650852954394133e-04
1.121696788910334260e-02	1.268621038535754986e-04	-9.819636279847089155e-04	-2.706657733879004450e-04
1.125030707141604601e-02	1.149427104518856879e-04	-9.919501467786204143e-04	-2.716322106920185235e-04
1.128364625372870259e-02	1.223520631096615093e-04	-9.510376343121709937e-04	-2.887059363737937102e-04
1.131698543604140600e-02	9.883542206980065726e-05	-9.433061358862033152e-04	-2.639007122690939836e-04
1.135032461835408686e-02	1.117212527746348652e-04	-9.491047597127621940e-04	-2.780751260434582463e-04
1.138366380066679028e-02	1.184863138961115945e-04	-9.726214007341150644e-04	-2.803301464146372175e-04
1.141700298297944685e-02	1.052783374220894052e-04	-1.003225248643169155e-03	-2.783972718093297074e-04
1.145034216529214853e-02	1.049561916546575333e-04	-9.809971906958952180e-04	-2.806522921847382597e-04
1.148368134760483286e-02	1.062447747245148815e-04	-9.391182409331207473e-04	-2.639007122691577347e-04
1.151702052991753454e-02	1.036676085819957877e-04	-9.491047597137758146e-04	-2.825851667882237680e-04
1.155035971223019112e-02	1.088219408661186241e-04	-9.268767017638796261e-04	-2.632564207340987259e-04
1.158369889454289800e-02	1.033454628150177221e-04	-9.458833020322621665e-04	-2.748536683684224351e-04
1.161703807685558060e-02	1.030233170474569520e-04	-9.384739493786472013e-04	-2.812965837186243785e-04
1.165037725916828228e-02	1.213856258043676136e-04	-9.133465795172260836e-04	-2.732429395289197619e-04
1.168371644148094059e-02	1.171977308276247456e-04	-9.069036641655324948e-04	-2.651892953387583710e-04
1.171705562379363880e-02	1.188084596651096372e-04	-8.927292504081210884e-04	-2.639007122706546926e-04
1.175039480610632833e-02	1.223520631056849539e-04	-9.052929353369531043e-04	-2.584242342219661404e-04
1.178373398841902654e-02	1.133319816107508703e-04	-8.898299384944818565e-04	-2.642228580362637768e-04
1.181707317073168312e-02	1.223520631081632232e-04	-8.817762943146395223e-04	-2.754979599021147529e-04
1.185041235304438306e-02	1.007682966753040013e-04	-9.043264980385448681e-04	-2.542363392439822675e-04
1.188375153535707260e-02	1.204191885012918599e-04	-9.181787660324246302e-04	-2.539141934738823637e-04
1.191709071766977081e-02	1.097883781694575272e-04	-9.584469869555842670e-04	-2.674443157126019316e-04
1.195042989998242912e-02	1.194527512003614307e-04	-9.081922472398414959e-04	-2.606792545947723906e-04
1.198376908229512559e-02	1.049561916545917764e-04	-9.300981594190729654e-04	-2.474712781232886439e-04
1.201710826460781860e-02	1.084997950992739831e-04	-9.320310340241339279e-04	-2.513370273339709388e-04
1.205044744692051507e-02	1.107548154718847653e-04	-9.178566202522379057e-04	-2.590685257543573613e-04
1.208378662923317338e-02	1.046340458883976025e-04	-9.333196170760934022e-04	-2.729207937605758862e-04
1.211712581154586986e-02	1.097883781687406527e-04	-8.933735419123957485e-04	-2.610014003625295504e-04
1.215046499385856286e-02	9.883542206875913199e-05	-9.033600607068723335e-04	-2.648671495745773437e-04
1.218380417617125934e-02	1.097883781678925491e-04	-9.098029760622048301e-04	-2.548806307769591203e-04
1.221714335848391765e-02	1.155870019859020465e-04	-9.275209932692919396e-04	-2.613235461300269895e-04
1.225048254079661413e-02	1.123655443121068337e-04	-9.284874305784219595e-04	-2.539141934730367403e-04
1.228382172310930887e-02	1.265399580883609285e-04	-9.336417628490350541e-04	-2.574577969166113667e-04
1.231716090542200708e-02	1.133319816143992783e-04	-9.358967832163806117e-04	-2.506927357975438837e-04
1.235050008773466192e-02	1.210634800388914526e-04	-9.465275935527397945e-04	-2.597128172911098939e-04
1.238383927004735839e-02	1.149427104518205951e-04	-9.539369462132928947e-04	-2.674443157153363979e-04
1.241717845236005660e-02	1.130098358447524084e-04	-9.487826139338703321e-04	-2.574577969173921007e-04
1.245051763467275134e-02	1.101105239374108191e-04	-9.294538678932214894e-04	-2.561692138483151341e-04
1.248385681698540618e-02	1.191306054358655104e-04	-9.429839901176527905e-04	-2.597128172893532153e-04
1.251719599929810092e-02	1.117212527745058180e-04	-9.452390105051330666e-04	-2.600349630595170328e-04
1.255053518161080087e-02	1.168755850578455082e-04	-9.465275935790079531e-04	-2.581020884526475127e-04
1.258387436392349561e-02	1.120433985442818029e-04	-9.703663803675800564e-04	-2.561692138480546003e-04
1.261721354623615045e-02	1.088219408670972114e-04	-9.813193364632602760e-04	-2.725986479938592353e-04
1.265055272854884519e-02	1.078555035627821199e-04	-9.494269054803749922e-04	-2.642228580379571922e-04
1.268389191086154513e-02	1.049561916547201730e-04	-9.288095763667178657e-04	-2.555249223125389798e-04
1.271723109317423987e-02	1.056004831888675846e-04	-9.581248411956079384e-04	-2.519813188683798599e-04
1.275057027548689298e-02	1.084997950975784942e-04	-1.019332537010495497e-03	-2.635785665021815800e-04
1.278390945779958945e-02	1.271842496213350978e-04	-1.012567475892986067e-03	-2.529477561717164455e-04
1.281724864011228940e-02	1.175198765920568199e-04	-1.004835977464294114e-03	-2.581020884554450254e-04
1.285058782242498587e-02	1.052783374229363840e-04	-1.013533913181991451e-03	-2.584242342174762966e-04
1.288392700473764245e-02	1.278285411579577430e-04	-9.974266248030643628e-04	-2.587463799895927622e-04
1.291726618705038403e-02	9.851327630100103713e-05	-9.974266248171238629e-04	-2.503705900325857003e-04
1.295060536936307877e-02	1.075333577949586612e-04	-9.893729806412366982e-04	-2.439276746811449475e-04
1.298394455167573187e-02	9.368108978711330449e-05	-9.526483631446123123e-04	-2.600349630580857233e-04
1.301728373398842488e-02	1.065669204929881161e-04	-9.558698208093883725e-04	-2.474712781224419362e-04
1.305062291630112829e-02	1.126876900776472066e-04	-9.574805496525275140e-04	-2.468269865885538115e-04
1.308396209861382303e-02	1.155870019882471351e-04	-9.578026954281756598e-04	-2.577799426854105532e-04
1.311730128092647614e-02	1.336271649776631901e-04	-9.368632205447958777e-04	-2.510148815673834163e-04
1.315064046323916915e-02	1.023790255114220257e-04	-9.191452033173264178e-04	-2.481155696600395501e-04
1.318397964555187603e-02	1.036676085845372795e-04	-8.930513961628320976e-04	-2.642228580371756993e-04
1.321731882786456730e-02	1.149427104517548518e-04	-9.871179602585517399e-04	-2.748536683663395201e-04
1.325065801017722041e-02	1.268621038533802609e-04	-9.487826139362424581e-04	-2.442498204465596342e-04
1.328399719248991341e-02	1.152648562184053121e-04	-9.626348819368043749e-04	-2.642228580379571922e-04
1.331733637480262029e-02	1.146205646829542829e-04	-9.223666610027156550e-04	-2.494041527302888104e-04
1.335067555711531156e-02	1.056004831888688857e-04	-9.661784853710489538e-04	-2.513370273357288642e-04
1.338401473942796467e-02	1.139762731476356484e-04	-9.951716044493727053e-04	-2.568135053843496537e-04
1.341735392174065594e-02	1.300835615314153005e-04	-9.806750449045211534e-04	-2.468269865890090680e-04
1.345069310405336456e-02	1.062447747275767227e-04	-9.478161766207082728e-04	-2.603571088253878434e-04
1.348403228636605583e-02	1.149427104533857493e-04	-9.462054477876373580e-04	-2.465048408211871814e-04
1.351737146867870894e-02	1.113991070089628160e-04	-9.404068239719143209e-04	-2.481155696575668645e-04
1.355071065099140194e-02	1.204191885016171341e-04	-9.532926546598034789e-04	-2.610014003613582326e-04
1.358404983330411056e-02	1.104326697034084136e-04	-9.175344744884795546e-04	-2.503705900293308169e-04
1.361738901561680357e-02	1.171977308269723270e-04	-9.217223694719886302e-04	-2.703436276207941860e-04
1.365072819792945320e-02	1.052783374222836401e-04	-9.433061358792541214e-04	-2.680886072506556694e-04
1.368406738024214621e-02	1.300835615321318498e-04	-9.349303459199840042e-04	-2.629342749669914912e-04
1.371740656255485483e-02	1.320164361386135237e-04	-9.449168647053397384e-04	-2.284646778362043479e-04
1.375074574486754783e-02	1.117212527754171306e-04	-9.442725731833922576e-04	-2.648671495713246287e-04
1.378408492718019747e-02	1.168755850584319938e-04	-9.565141123327964906e-04	-2.506927357969579266e-04
1.381742410949288874e-02	1.249292292504841249e-04	-9.291317221107812507e-04	-2.632564207340338906e-04
1.385076329180559909e-02	1.094662324019610638e-04	-9.246216813813595749e-04	-2.468269865876429733e-04
1.388410247411829210e-02	1.139762731515457422e-04	-9.271988475098500142e-04	-2.490820069600588565e-04
1.391744165643094173e-02	1.159091477541164143e-04	-9.291317221206765471e-04	-2.629342749682284032e-04
1.395078083874363301e-02	1.104326697044532321e-04	-9.410511155157500005e-04	-2.600349630590619390e-04
1.398412002105634509e-02	1.007682966741971800e-04	-9.539369462234753962e-04	-2.552027765470605961e-04
1.401745920336903636e-02	1.072112120283737679e-04	-9.568362581296417646e-04	-2.494041527287920693e-04
1.405079838568168600e-02	1.056004831925843246e-04	-9.139908710640616421e-04	-2.407062170045458252e-04
1.408413756799437727e-02	1.294392699966174490e-04	-9.587691327358050354e-04	-2.548806307797577171e-04
1.411747675030708936e-02	1.152648562195118760e-04	-9.275209932772857623e-04	-2.610014003626605220e-04
1.415081593261978063e-02	1.220299173385146592e-04	-9.516819258489597928e-04	-2.639007122712396739e-04
1.418415511493243027e-02	9.883542206947516621e-05	-9.275209932861454287e-04	-2.477934238904588708e-04
1.421749429724511980e-02	1.075333577945670473e-04	-9.581248411887303019e-04	-2.535920477085324581e-04
1.425083347955783362e-02	1.188084596658903712e-04	-8.946621250138815781e-04	-2.490820069613604412e-04
1.428417266187052663e-02	1.081776493327560529e-04	-9.188230575815616247e-04	-2.606792545932747280e-04
1.431751184418317800e-02	1.249292292487244648e-04	-9.288095763630117374e-04	-2.481155696607552862e-04
1.435085102649586580e-02	1.033454628148258860e-04	-9.368632205608290594e-04	-2.526256104038943420e-04
1.438419020880858309e-02	1.178420223594229892e-04	-9.358967832567840562e-04	-2.526256104060416586e-04
1.441752939112127090e-02	1.072112120295482841e-04	-9.310645967415269626e-04	-2.645450038042181529e-04
1.445086857343392227e-02	9.690254746468978081e-05	-8.820984400901815247e-04	-2.629342749675778277e-04
1.448420775574661007e-02	1.252513750159596083e-04	-9.185009118079670663e-04	-2.529477561722358867e-04
1.451754693805932910e-02	9.690254746325512383e-05	-8.830648773955428578e-04	-2.552027765453017492e-04
1.455088612037201516e-02	1.207413342702866907e-04	-8.930513961826336408e-04	-2.613235461305472439e-04
1.458422530268466653e-02	1.110769612378148139e-04	-9.056150811138496005e-04	-2.519813188696148746e-04
1.461756448499735260e-02	1.171977308263854077e-04	-8.972392911506979311e-04	-2.661557326437858240e-04
1.465090366731007336e-02	1.291171242299009607e-04	-9.120579964410234150e-04	-2.461826950531035684e-04
1.468424284962275943e-02	1.123655443108676990e-04	-9.088365387673048553e-04	-2.484377154263643162e-04
1.471758203193541080e-02	1.168755850593450275e-04	-8.914406673257479000e-04	-2.503705900315436736e-04
1.475092121424809687e-02	1.068890662606820804e-04	-9.210780779316214218e-04	-2.581020884512800085e-04
1.478426039656081763e-02	9.947971360531675212e-05	-9.259102644465966227e-04	-2.574577969195407184e-04
1.481759957887350369e-02	1.104326697019743258e-04	-9.230109525413342621e-04	-2.490820069609709958e-04
1.485093876118615507e-02	1.223520631077065031e-04	-8.940178334610734750e-04	-2.529477561712596711e-04
1.488427794349884113e-02	1.126876900777783815e-04	-8.953064165342325713e-04	-2.558470680802333642e-04
1.491761712581156189e-02	1.194527512017308865e-04	-8.882192096439184238e-04	-2.603571088253228455e-04
1.495095630812424796e-02	1.142984189177402956e-04	-8.740447958800446303e-04	-2.610014003620744023e-04
1.498429549043689933e-02	1.165534392910017074e-04	-8.717897755093753425e-04	-2.593906715248477405e-04
1.501763467274958540e-02	1.130098358451438732e-04	-8.608368194105728375e-04	-2.722765022264920089e-04
1.505097385506230789e-02	1.252513750153743559e-04	-8.695347551311482983e-04	-2.532699019394735510e-04
1.508431303737499223e-02	1.323385819041546555e-04	-8.746890874136279857e-04	-2.700214818523198807e-04
1.511765221968764360e-02	1.126876900784943208e-04	-8.531053209986287720e-04	-2.561692138492271107e-04
1.515099140200033834e-02	1.175198765921881168e-04	-8.569710702089196157e-04	-2.461826950532985622e-04
1.518433058431305216e-02	1.275063953901344469e-04	-8.698569009005011326e-04	-2.545584850103075215e-04
1.521766976662574690e-02	1.239627919449291262e-04	-8.820984400655577755e-04	-2.645450038076008637e-04
1.525100894893838786e-02	1.020568797441217623e-04	-9.030379149512466914e-04	-2.703436276219655038e-04
1.528434813125108260e-02	1.110769612399664945e-04	-9.011050403561955170e-04	-2.758201056694177945e-04
1.531768731356379643e-02	1.094662324013749441e-04	-9.201116406274470732e-04	-2.513370273337745897e-04
1.535102649587649117e-02	1.281506869259759786e-04	-9.484604681573435489e-04	-2.577799426859963476e-04
1.538436567818913213e-02	9.883542207019326042e-05	-9.091586845269665484e-04	-2.468269865865365992e-04
1.541770486050182340e-02	1.175198765930351769e-04	-9.339639086308033043e-04	-2.516591731013375689e-04
1.545104404281455283e-02	1.252513750188301420e-04	-9.394403866887498589e-04	-2.668000241791061255e-04
1.548438322512723543e-02	1.226742088755288233e-04	-9.230109525463934747e-04	-2.555249223124744697e-04
1.551772240743988507e-02	1.117212527780882660e-04	-9.320310340413691646e-04	-2.481155696565254341e-04
1.555106158975256767e-02	1.255735207841760361e-04	-9.149573083740758289e-04	-2.529477561718459534e-04
1.558440077206529710e-02	1.291171242315315465e-04	-9.178566202729936552e-04	-2.471491323551406835e-04
1.561773995437797970e-02	1.117212527728085809e-04	-9.542590919956344710e-04	-2.474712781217917401e-04
1.565107913669063280e-02	1.017347339777310633e-04	-9.871179602680259322e-04	-2.568135053825281399e-04
1.568441831900332234e-02	1.094662324014389121e-04	-9.503933427904044662e-04	-2.487598611932752561e-04
1.571775750131602922e-02	1.059226289567548351e-04	-9.362189290226615888e-04	-2.616456918975242660e-04
1.575109668362871876e-02	1.130098358467082956e-04	-9.600577157940454014e-04	-2.696993360844335383e-04
1.578443586594137707e-02	1.052783374227389237e-04	-9.462054478017208189e-04	-2.561692138488351174e-04
1.581777504825406661e-02	1.062447747249690403e-04	-9.616684446266992236e-04	-2.474712781221166213e-04
1.585111423056677349e-02	1.094662324007869000e-04	-9.242995356095756341e-04	-2.616456918975233986e-04
1.588445341287946302e-02	1.046340458840956103e-04	-8.882192096583128339e-04	-2.516591731020533049e-04
1.591779259519212134e-02	1.146205646838666662e-04	-9.175344744970454023e-04	-2.516591731015983737e-04
1.595113177750481087e-02	1.094662324008503936e-04	-9.294538678888121476e-04	-2.542363392407294442e-04
1.598447095981752816e-02	1.200970427332724588e-04	-9.307424509590665578e-04	-2.545584850095279801e-04
1.601781014213020729e-02	1.171977308245583373e-04	-9.590912784885161253e-04	-2.577799426865819794e-04
1.605114932444286560e-02	1.084997950970573318e-04	-9.578026954134749625e-04	-2.587463799895289569e-04
1.608448850675555514e-02	1.184863138965670408e-04	-9.510376342912278940e-04	-2.471491323557901748e-04
1.611782768906827243e-02	1.229963546415275698e-04	-9.416954070423638875e-04	-2.468269865873833611e-04
1.615116687138095156e-02	1.239627919463648809e-04	-9.555476750317777124e-04	-2.597128172907835490e-04
1.618450605369360987e-02	1.268621038531192393e-04	-9.832522110233810585e-04	-2.526256104039580389e-04
1.621784523600629940e-02	1.136541273814418675e-04	-9.816414821940003341e-04	-2.555249223131893926e-04
1.625118441831901669e-02	1.333050192066441539e-04	-9.520040715828775391e-04	-2.494041527285972381e-04
1.628452360063169582e-02	1.068890662578788351e-04	-9.661784853641001937e-04	-2.494041527282707307e-04
1.631786278294435413e-02	1.278285411563286750e-04	-9.690777972661159109e-04	-2.622899834325181684e-04
1.635120196525704367e-02	1.168755850575193937e-04	-9.333196170852755104e-04	-2.632564207326671996e-04
1.638454114756976096e-02	1.191306054298683545e-04	-9.455611562519280989e-04	-2.458605492848925616e-04
1.641788032988244009e-02	1.133319816136853177e-04	-9.207559321575653185e-04	-2.503705900302424683e-04
1.645121951219509840e-02	1.184863138943534388e-04	-9.375075120705260315e-04	-2.593906715235475653e-04
1.648455869450778100e-02	1.059226289565606003e-04	-9.014271861153672592e-04	-2.613235461278127234e-04
1.651789787682050523e-02	1.130098358445564795e-04	-9.139908710344039422e-04	-2.481155696581513579e-04
1.655123705913318435e-02	1.223520631056848184e-04	-8.969171453714712677e-04	-2.458605492858029120e-04
1.658457624144584266e-02	9.851327630015331300e-05	-9.226888067652798658e-04	-2.400619254675993288e-04
1.661791542375853220e-02	1.104326697049733239e-04	-9.033600607270451076e-04	-2.816187294863179498e-04
1.665125460607124949e-02	1.043119001177074048e-04	-9.098029760786230120e-04	-2.577799426856066311e-04
1.668459378838393209e-02	1.107548154715564146e-04	-9.426618443504326903e-04	-2.529477561726280427e-04
1.671793297069659387e-02	1.101105239369538414e-04	-9.271988475084443461e-04	-2.336190101172002504e-04
1.675127215300927647e-02	1.139762731493936551e-04	-9.574805496499877704e-04	-2.545584850106987558e-04
1.678461133532200417e-02	1.159091477540509827e-04	-9.307424509567926605e-04	-2.368404677932149335e-04
1.681795051763467982e-02	1.181641681275723591e-04	-9.416954070618814782e-04	-2.413505085389553969e-04
1.685128969994733814e-02	1.110769612410757146e-04	-9.252659729199620275e-04	-2.574577969185002637e-04
1.688462888226002073e-02	1.020568797457494480e-04	-9.516819258480167538e-04	-2.690550445526914292e-04
1.691796806457274843e-02	1.110769612430323743e-04	-9.471718851062274755e-04	-2.600349630597775666e-04
1.695130724688542409e-02	1.278285411554156412e-04	-9.500711970065066261e-04	-2.651892953412299182e-04
1.698464642919808240e-02	1.297614157637877843e-04	-9.416954070531381466e-04	-2.545584850089424025e-04
1.701798561151076500e-02	1.165534392908061445e-04	-9.600577157996880232e-04	-2.439276746793225933e-04
1.705132479382349270e-02	1.084997950987520347e-04	-9.636013192457835823e-04	-2.535920477055395180e-04
1.708466397613616836e-02	1.210634800377176817e-04	-9.665006311507919144e-04	-2.465048408230100505e-04
1.711800315844882667e-02	1.142984189165656303e-04	-9.085143930029769728e-04	-2.439276746795166926e-04
1.715134234076150926e-02	1.297614157626787810e-04	-9.065815184065009399e-04	-2.542363392428123050e-04
1.718468152307423696e-02	1.149427104516248153e-04	-8.978835826824533217e-04	-2.510148815684247383e-04
1.721802070538691262e-02	1.200970427340518646e-04	-9.471718851079630663e-04	-2.503705900309580418e-04
1.725135988769957093e-02	1.188084596643930745e-04	-9.194673491063914570e-04	-2.642228580365901217e-04
1.728469907001225353e-02	1.091440866355076301e-04	-8.959507080871881258e-04	-2.461826950505658848e-04
1.731803825232498123e-02	1.152648562206237524e-04	-9.139908710668376334e-04	-2.655114411078818423e-04
1.735137743463765689e-02	1.242849377137305352e-04	-9.130244337650112330e-04	-2.526256104056504243e-04
1.738471661695031520e-02	1.136541273820940287e-04	-9.284874306062327210e-04	-2.368404677947100211e-04
1.741805579926299780e-02	9.368108978698282076e-05	-9.394403866930163029e-04	-2.500484442623558548e-04
1.745139498157572550e-02	1.191306054319538581e-04	-9.410511155338841492e-04	-2.532699019407755694e-04
1.748473416388840115e-02	1.004461509075477361e-04	-9.127022879930936101e-04	-2.722765022270794296e-04
1.751807334620105946e-02	1.091440866347241179e-04	-9.455611562634663953e-04	-2.619678376624828288e-04
1.755141252851373512e-02	1.126876900773201570e-04	-9.114137049129242794e-04	-2.535920477086625081e-04
1.758475171082646976e-02	1.130098358470999501e-04	-9.127022879899050799e-04	-2.655114411089865901e-04
1.761809089313914542e-02	1.123655443100834820e-04	-9.107694133764979291e-04	-2.642228580382827781e-04
1.765143007545180373e-02	1.162312935227858624e-04	-9.323531797902426125e-04	-2.465048408207951881e-04
1.768476925776455572e-02	1.113991070068759436e-04	-9.342860543857522959e-04	-2.523034646368514005e-04
1.771810844007722444e-02	1.094662324016992968e-04	-9.413732612707835599e-04	-2.568135053810962883e-04
1.775144762238989316e-02	1.155870019869457266e-04	-9.681113599713042986e-04	-2.387733423993041804e-04
1.778478680470256187e-02	1.294392699978554452e-04	-9.236552440479862524e-04	-2.542363392430708872e-04
1.781812598701523059e-02	1.291171242308783147e-04	-9.568362580943712585e-04	-2.461826950537557160e-04
1.785146516932798258e-02	1.271842496234189886e-04	-9.713328176315616210e-04	-2.410283627708725157e-04
1.788480435164064089e-02	1.149427104507125269e-04	-9.729435464633636940e-04	-2.552027765455631503e-04
1.791814353395331655e-02	1.030233170504557603e-04	-9.284874305553904696e-04	-2.555249223129305936e-04
1.795148271626605119e-02	1.075333577952847892e-04	-8.994943114900957925e-04	-2.535920477072957629e-04
1.798482189857872685e-02	1.084997950979706502e-04	-8.985278742027182292e-04	-2.552027765453663676e-04
1.801816108089138516e-02	9.400323555486910898e-05	-8.998164572690235414e-04	-2.355518847219230773e-04
1.805150026320406081e-02	1.275063953920271386e-04	-9.075479556914637681e-04	-2.606792545947076638e-04
1.808483944551679545e-02	9.690254746208203063e-05	-8.956285623119028625e-04	-2.542363392431351262e-04
1.811817862782947111e-02	1.123655443100185112e-04	-8.830648773807498950e-04	-2.539141934742741944e-04
1.815151781014212942e-02	1.049561916530919995e-04	-8.940178334781890158e-04	-2.513370273324734929e-04
1.818485699245480508e-02	1.242849377110591695e-04	-9.023936234278676300e-04	-2.429612373761163831e-04
1.821819617476753972e-02	1.213856258075613072e-04	-9.365410747795833947e-04	-2.468269865890744454e-04
1.825153535708021538e-02	1.207413342676113405e-04	-9.265545559932642384e-04	-2.497262984956376860e-04
1.828487453939287369e-02	1.133319816153798308e-04	-9.381518036139043946e-04	-2.587463799875771762e-04
1.831821372170554935e-02	1.146205646832815629e-04	-9.507154885484214247e-04	-2.345854474193674697e-04
1.835155290401828398e-02	1.178420223613799877e-04	-9.368632205474713634e-04	-2.610014003606429302e-04
1.838489208633095964e-02	1.255735207853485736e-04	-9.494269054811671103e-04	-2.336190101182427379e-04
1.841823126864361795e-02	1.258956665517382020e-04	-9.375075120855155602e-04	-2.635785665015300829e-04
1.845157045095629361e-02	1.094662324028712787e-04	-9.194673491169566820e-04	-2.545584850117387225e-04
1.848490963326902825e-02	1.081776493308643099e-04	-9.323531798071782841e-04	-2.448941119844171856e-04
1.851824881558170391e-02	1.275063953908515111e-04	-9.368632205547337832e-04	-2.529477561731504655e-04
1.855158799789436222e-02	1.023790255122686928e-04	-9.139908710615907454e-04	-2.542363392402726156e-04
1.858492718020703788e-02	1.088219408679424690e-04	-8.907963758021615391e-04	-2.442498204472757497e-04
1.861826636251977252e-02	1.155870019871403409e-04	-9.210780779556812774e-04	-2.613235461289208864e-04
1.865160554483244817e-02	1.081776493304724657e-04	-8.895077927411396525e-04	-2.584242342225524227e-04
1.868494472714510649e-02	1.194527511974961012e-04	-9.214002237253112338e-04	-2.494041527276210225e-04
1.871828390945778214e-02	8.788246596688696600e-05	-9.059372268894652202e-04	-2.426390916107665587e-04
1.875162309177051678e-02	1.146205646838026983e-04	-9.362189290179800038e-04	-2.542363392418996236e-04
1.878496227408319244e-02	1.101105239394960109e-04	-9.081922472482596752e-04	-2.494041527283369212e-04
1.881830145639585075e-02	1.213856258056073039e-04	-9.252659729334655487e-04	-2.606792545931444611e-04
1.885164063870852641e-02	1.294392699947247572e-04	-9.075479557019771682e-04	-2.539141934743383250e-04
1.888497982102126105e-02	1.275063953888969656e-04	-9.255881186806475328e-04	-2.471491323567675830e-04
1.891831900333393671e-02	1.152648562204912900e-04	-9.204337863955197900e-04	-2.439276746806903686e-04
1.895165818564659502e-02	1.097883781693910520e-04	-9.404068239772275621e-04	-2.465048408195611492e-04
1.898499736795927068e-02	1.204191885015508758e-04	-9.600577157889080178e-04	-2.487598611943837986e-04
