# Time (s)	Generation (V)	PC (V)	PL (V)
1.500263204070890169e-05	1.155870019864224771e-04	2.812591456945753941e-03	-2.532699019394101794e-04
4.834181435339528833e-05	1.104326697039946552e-04	-4.803826554036446685e-04	-2.552027765466691992e-04
8.168099666608183592e-05	1.123655443103451678e-04	-8.614811101576719254e-04	-2.558470680801023926e-04
1.150201789787680921e-04	1.175198765945338424e-04	-9.242995355895647315e-04	-2.639007122675967546e-04
1.483593612914544161e-04	1.255735207833929981e-04	-9.468497393450135300e-04	-2.471491323536430208e-04
1.816985436041414854e-04	1.352378938143641764e-04	-9.362189290184415487e-04	-2.539141934762909189e-04
2.150377259168277959e-04	1.126876900788872086e-04	-8.959507080899820064e-04	-2.535920477072314697e-04
2.483769082295139165e-04	1.142984189160437496e-04	-8.985278742249500116e-04	-2.510148815657569504e-04
2.817160905422001998e-04	1.268621038547479549e-04	-9.281652848319215049e-04	-2.539141934728414212e-04
3.150552728548863747e-04	1.210634800356323815e-04	-9.578026954213705564e-04	-2.571356511519775224e-04
3.483944551675727122e-04	1.184863138941564257e-04	-9.697220888198168545e-04	-2.558470680801665773e-04
3.817336374802589413e-04	1.323385819051956522e-04	-9.761650041663309926e-04	-2.629342749656241496e-04
4.150728197929463088e-04	1.217077715738215497e-04	-9.632791734598259749e-04	-2.706657733874457306e-04
4.484120021056323211e-04	1.271842496228982192e-04	-9.607020073118660835e-04	-2.410283627720432372e-04
4.817511844183182249e-04	1.165534392908057108e-04	-9.578026954039490538e-04	-2.523034646374371949e-04
5.150903667310046709e-04	1.265399580879706428e-04	-9.616684446230469802e-04	-2.477934238901345859e-04
5.484295490436907373e-04	1.133319816113368544e-04	-9.594134242465612731e-04	-2.374847593274907959e-04
5.817687313563794059e-04	1.242849377130786316e-04	-9.555476750416475300e-04	-2.651892953416844700e-04
6.151079136690657976e-04	1.078555035634341048e-04	-9.526483631365480166e-04	-2.600349630582174539e-04
6.484470959817520809e-04	1.188084596632834884e-04	-9.523262173713929963e-04	-2.506927357994311544e-04
6.817862782944378221e-04	1.181641681271817753e-04	-9.793864618459497805e-04	-2.548806307769588492e-04
7.151254606071238886e-04	1.007682966753713574e-04	-9.442725731966115010e-04	-2.403840712363332734e-04
7.484646429198103888e-04	1.165534392886529461e-04	-9.123801422184696017e-04	-2.477934238911101510e-04
7.818038252324961300e-04	1.072112120279833603e-04	-9.590912784983723904e-04	-2.552027765456933630e-04
8.151430075451824133e-04	1.242849377137969426e-04	-9.552255292844441569e-04	-2.481155696578274525e-04
8.484821898578681545e-04	1.046340458872260272e-04	-9.478161766304542745e-04	-2.668000241789112402e-04
8.818213721705542209e-04	1.171977308257336260e-04	-9.822857737494734062e-04	-2.487598611945131440e-04
9.151605544832444074e-04	1.262178123178648030e-04	-9.590912784973955243e-04	-2.432833831438709407e-04
9.484997367959307991e-04	1.197748969675365230e-04	-9.075479557066449838e-04	-2.368404677919760156e-04
9.818389191086165403e-04	1.020568797447724734e-04	-9.532926546814587910e-04	-2.584242342205335299e-04
1.015178101421302607e-03	1.146205646841252891e-04	-9.706885261204085654e-04	-2.613235461297016204e-04
1.048517283733989107e-03	1.084997950989472317e-04	-9.771314414622630194e-04	-2.648671495736677523e-04
1.081856466046675824e-03	1.233185004090888142e-04	-9.346082001745995189e-04	-2.600349630575655773e-04
1.115195648359362541e-03	1.313721446041391438e-04	-9.706885261272808893e-04	-2.352297389536446332e-04
1.148534830672048607e-03	1.088219408659230340e-04	-9.832522110547465936e-04	-2.568135053827898663e-04
1.181874012984734674e-03	1.075333577965220265e-04	-9.565141123393824767e-04	-2.407062170052619407e-04
1.215213195297422692e-03	1.155870019857071883e-04	-9.516819258489664065e-04	-2.545584850084209555e-04
1.248552377610108758e-03	1.081776493304731297e-04	-9.300981594274858322e-04	-2.561692138482488351e-04
1.281891559922794608e-03	1.165534392886537321e-04	-9.542590919879796784e-04	-2.532699019384330422e-04
1.315230742235480241e-03	1.133319816135545358e-04	-9.052929353486954475e-04	-2.713100649253027399e-04
1.348569924548166741e-03	1.258956665516726078e-04	-9.745542753476860382e-04	-2.851623329289828222e-04
1.381909106860852374e-03	1.188084596614585729e-04	-9.552255292965553457e-04	-2.899945194432629412e-04
1.415248289173538223e-03	9.786898476652981500e-05	-9.468497393351471818e-04	-3.096454112646246175e-04
1.448587471486224290e-03	8.723817443169724309e-05	-9.275209932881720194e-04	-3.299405946215021855e-04
1.481926653798910139e-03	7.789594717180677854e-05	-9.336417628787352548e-04	-4.098327449757687389e-04
1.515265836111600543e-03	7.628521833302028866e-05	-9.623127361740516214e-04	-5.148522651907236521e-04
1.548605018424287260e-03	4.245991272804355723e-05	-9.842186483572427057e-04	-6.433884264271245686e-04
1.581944200736973543e-03	3.802420613346171279e-06	-1.003869540163300272e-03	-8.292665342634868023e-04
1.615283383049659826e-03	-2.229138656603237901e-05	-1.038661283048400224e-03	-1.068298693699569653e-03
1.648622565362346326e-03	-5.708312946952422183e-05	-1.119197724899430139e-03	-1.364028508161459945e-03
1.681961747675032610e-03	-1.192572626208227531e-04	-1.142714365911152909e-03	-1.753502740845035374e-03
1.715300929987719110e-03	-1.833642703733247368e-04	-1.221640078931393722e-03	-2.214493333751998364e-03
1.748640112300405176e-03	-2.513370273322765476e-04	-1.333746805969205024e-03	-2.746033849517833837e-03
1.781979294613091677e-03	-3.695645240289929020e-04	-1.412672518956463973e-03	-3.384526759738085058e-03
1.815318476925777960e-03	-4.607317762437133273e-04	-1.508349811864241824e-03	-4.089059551908869224e-03
1.848657659238465327e-03	-5.876572086469841315e-04	-1.676832048170022287e-03	-4.905699070562126798e-03
1.881996841551151394e-03	-7.435757601134408397e-04	-1.787005900586814472e-03	-5.831546003639628481e-03
1.915336023863837894e-03	-9.188230576116169016e-04	-1.947756638436264065e-03	-6.999968698163655870e-03
1.948675206176523960e-03	-1.499329730423364353e-03	-2.316613541870283371e-03	-1.063409508223495635e-02
1.982014388489209810e-03	-3.453465953581588872e-03	-3.521760856277355526e-03	-2.310951194228846525e-02
2.015353570801895877e-03	-8.934776167475108610e-03	-7.203242675799088890e-03	-5.758619545329163314e-02
2.048692753114581943e-03	-1.783630794539648942e-02	-1.451176365637378909e-02	-1.105817490969537992e-01
2.082031935427268009e-03	-2.722524621660966579e-02	-2.352991217192080056e-02	-1.666367199407832456e-01
2.115371117739955377e-03	-3.650723204597636912e-02	-3.278419348462297683e-02	-2.216592130529336790e-01
2.148710300052642744e-03	-4.573090944697911359e-02	-4.203364256454193704e-02	-2.767812490266419179e-01
2.182049482365330546e-03	-5.502545887129899060e-02	-5.127471581017979674e-02	-3.315395827107808779e-01
2.215388664678016612e-03	-6.419469355447834924e-02	-6.056604375168289645e-02	-3.864889495035447320e-01
2.248727846990702679e-03	-7.335265309718716487e-02	-6.972174828926552825e-02	-4.412727344831929854e-01
2.282067029303388745e-03	-8.254669292766109168e-02	-7.902177408724353480e-02	-4.957147243257610247e-01
2.315406211616074812e-03	-9.168854511096721782e-02	-8.811466012929973501e-02	-5.503860838942592482e-01
2.348745393928761745e-03	-1.009631213111864267e-01	-9.735605532977296972e-02	-6.056972273716765276e-01
2.382084576241447812e-03	-1.102885965082983921e-01	-1.066763762070823407e-01	-6.617312689103788115e-01
2.415423758554133878e-03	-1.198495602183088093e-01	-1.161606692402332164e-01	-7.187185433626074316e-01
2.448762940866820812e-03	-1.294820402553460703e-01	-1.257921828511008311e-01	-7.763671872346279423e-01
2.482102123179506879e-03	-1.393596731788731002e-01	-1.355941115343340109e-01	-8.351034001928324679e-01
2.515441305492192945e-03	-1.493030238085312211e-01	-1.455110462225084889e-01	-8.952122821498861294e-01
2.548780487804879012e-03	-1.594270981775866569e-01	-1.555694028683659857e-01	-9.561751790981598553e-01
2.582119670117565078e-03	-1.696152795276997804e-01	-1.657366447532490350e-01	-1.017428336400240330e+00
2.615458852430251144e-03	-1.800540902473278804e-01	-1.760807446312689650e-01	-1.080128903301256216e+00
2.648798034742938078e-03	-1.906807119179387278e-01	-1.866171655000255503e-01	-1.143139383209544890e+00
2.682137217055624145e-03	-2.013785277824452213e-01	-1.972953304797344376e-01	-1.207588254744385026e+00
2.715476399368310211e-03	-2.121552693416091651e-01	-2.080933336624099239e-01	-1.272792569414342934e+00
2.748815581680996711e-03	-2.232232306431195246e-01	-2.190446782081102717e-01	-1.338603818825436553e+00
2.782154763993682778e-03	-2.343163193060956162e-01	-2.300768813277037639e-01	-1.405273278229358658e+00
2.815493946306369278e-03	-2.456732453295766005e-01	-2.413761432639211779e-01	-1.471486269490902776e+00
2.848833128619055344e-03	-2.570726945917639616e-01	-2.527327471416052074e-01	-1.539785817159119219e+00
2.882172310931741411e-03	-2.687008673360873900e-01	-2.642768398447706835e-01	-1.609420355490444710e+00
2.915511493244428345e-03	-2.804279388323552280e-01	-2.759543008927383134e-01	-1.679617056698474720e+00
2.948850675557114411e-03	-2.922735599753522040e-01	-2.878247272524968592e-01	-1.750517988792651414e+00
2.982189857869800478e-03	-3.042296771262233968e-01	-2.997141602271679584e-01	-1.822179206771202820e+00
3.015529040182486544e-03	-3.162118881046984131e-01	-3.116883175530691386e-01	-1.893886512580342574e+00
3.048868222495171743e-03	-3.283265010115183347e-01	-3.237829574129386656e-01	-1.965614457668657389e+00
3.082207404807858677e-03	-3.405851130991377484e-01	-3.359764960470670303e-01	-2.038531470435020587e+00
3.115546587120545177e-03	-3.529867579362553354e-01	-3.483539799383138513e-01	-2.111928184998668190e+00
3.148885769433231244e-03	-3.654248052862673068e-01	-3.607917051257957253e-01	-2.186557783144588818e+00
3.182224951745917310e-03	-3.779372683530903276e-01	-3.732919266353529331e-01	-2.261333019737969519e+00
3.215564134058603377e-03	-3.906011399772723602e-01	-3.859438788459430003e-01	-2.335852178210698682e+00
3.248903316371289443e-03	-4.032762867635966142e-01	-3.985942203862996025e-01	-2.410743124863790943e+00
3.282242498683975510e-03	-4.159285612670157728e-01	-4.113428164454724367e-01	-2.485085162917770152e+00
3.315581680996661576e-03	-4.285669835740166800e-01	-4.239963795766768517e-01	-2.559531608950913917e+00
3.348920863309347642e-03	-4.413126804947763437e-01	-4.367291906387697487e-01	-2.635383620110291591e+00
3.382260045622033709e-03	-4.541327931688488029e-01	-4.495837728788678600e-01	-2.709920657567642888e+00
3.415599227934719775e-03	-4.668939532573754825e-01	-4.623172283996790366e-01	-2.786199586700464081e+00
3.448938410247408010e-03	-4.797398377758178012e-01	-4.752053139788376956e-01	-2.863336435815027503e+00
3.482277592560094077e-03	-4.925744472925039918e-01	-4.880573193311860125e-01	-2.938632888921540953e+00
3.515616774872780143e-03	-5.054177548506839646e-01	-5.009189891603607059e-01	-3.014917734470418331e+00
3.548955957185466210e-03	-5.183261359662418855e-01	-5.138657055832571707e-01	-3.090854056187089860e+00
3.582295139498152276e-03	-5.311816852920206999e-01	-5.267512144250655615e-01	-3.166858715686594827e+00
3.615634321810838343e-03	-5.440063087452337021e-01	-5.396083745592760161e-01	-3.243235501516054331e+00
3.648973504123524409e-03	-5.568122478699784050e-01	-5.525273868097619889e-01	-3.318210014714779277e+00
3.682312686436210476e-03	-5.695898382978906715e-01	-5.652792055299177276e-01	-3.393399768441155206e+00
3.715651868748896976e-03	-5.823039661417075408e-01	-5.781067286450560783e-01	-3.467534848943661707e+00
3.748991051061583042e-03	-5.950738253490253094e-01	-5.908472725379283474e-01	-3.541674162889154154e+00
3.782330233374269109e-03	-6.077612153794561545e-01	-6.036187425722421285e-01	-3.615833174671737815e+00
3.815669415686955175e-03	-6.203835321084889554e-01	-6.162945354546467414e-01	-3.689365006924284263e+00
3.849008597999641242e-03	-6.328666820042131436e-01	-6.288405037321956881e-01	-3.761766459656184391e+00
3.882347780312327308e-03	-6.453511206393119926e-01	-6.413787406661799473e-01	-3.835422738524446373e+00
3.915686962625015109e-03	-6.579041764934803194e-01	-6.540000913809964622e-01	-3.908362280600674588e+00
3.949026144937704645e-03	-6.702584685460641900e-01	-6.664101146077670013e-01	-3.979805801246937502e+00
3.982365327250390712e-03	-6.824449227920942329e-01	-6.787631181915684264e-01	-4.050381816318724404e+00
4.015704509563076778e-03	-6.945083175003050613e-01	-6.908580831399920852e-01	-4.120489149161497444e+00
4.049043691875768049e-03	-7.063600625654015142e-01	-7.028953841526813795e-01	-4.191074604860613562e+00
4.082382874188454115e-03	-7.180591106715696892e-01	-7.146820558773616661e-01	-4.260136652291057757e+00
4.115722056501140182e-03	-7.295349118771210506e-01	-7.263034669545266331e-01	-4.327247470261566420e+00
4.149061238813826248e-03	-7.409469283699577913e-01	-7.377940869870009966e-01	-4.393743023799189018e+00
4.182400421126509713e-03	-7.521327986428160139e-01	-7.491220235335489530e-01	-4.459299870244894493e+00
4.215739603439195779e-03	-7.631949650707468003e-01	-7.603056389043849617e-01	-4.523555263852138353e+00
4.249078785751881845e-03	-7.740918708367372503e-01	-7.712991883854590780e-01	-4.586389039253473854e+00
4.282417968064567912e-03	-7.847693954307602970e-01	-7.821384301617594348e-01	-4.647278016322207606e+00
4.315757150377253978e-03	-7.952845586660198807e-01	-7.927515257020146811e-01	-4.707998871183106893e+00
4.349096332689940045e-03	-8.056189982223623813e-01	-8.032338301766727140e-01	-4.767859616501540998e+00
4.382435515002626111e-03	-8.156051982387485522e-01	-8.133885124522470811e-01	-4.825478852788137374e+00
4.415774697315314780e-03	-8.254757480296760486e-01	-8.233656924977917901e-01	-4.882108791449749852e+00
4.449113879628000846e-03	-8.351591312058066485e-01	-8.331711689342818916e-01	-4.938038081450423888e+00
4.482453061940686913e-03	-8.446234553173583848e-01	-8.427984988383717679e-01	-4.992769636588787918e+00
4.515792244253372979e-03	-8.538081569287158112e-01	-8.521091594689350623e-01	-5.044887904444944837e+00
4.549131426566056444e-03	-8.628556245181415729e-01	-8.613112570667589285e-01	-5.095528800735273478e+00
4.582470608878747714e-03	-8.715000877091444442e-01	-8.701022966231853895e-01	-5.144709397295752495e+00
4.615809791191433781e-03	-8.799622164353951836e-01	-8.787151896163116760e-01	-5.192484458137931469e+00
4.649148973504117245e-03	-8.881769372158622167e-01	-8.870768089168543646e-01	-5.239201909642693167e+00
4.682488155816803312e-03	-8.961587466085860765e-01	-8.952026175207460357e-01	-5.284147207459646722e+00
4.715827338129489378e-03	-9.038686649487819302e-01	-9.030517028871669627e-01	-5.327964339605606447e+00
4.749166520442175445e-03	-9.111855653578987413e-01	-9.106005483537038536e-01	-5.370409109568775818e+00
4.782505702754861511e-03	-9.184193522088470729e-01	-9.179354890198357930e-01	-5.411854572840289812e+00
4.815844885067547577e-03	-9.254247376819835225e-01	-9.250797193854061184e-01	-5.452191838914313138e+00
4.849184067380233644e-03	-9.320490245950702191e-01	-9.319018039009320242e-01	-5.491072654250082508e+00
4.882523249692919710e-03	-9.384871112306140128e-01	-9.384655274527223812e-01	-5.528285359372111962e+00
4.915862432005605777e-03	-9.446011191179845001e-01	-9.448369299511897301e-01	-5.563630536386762415e+00
4.949201614318291843e-03	-9.504371151177625210e-01	-9.507773012413208713e-01	-5.597350767442210717e+00
4.982540796630977910e-03	-9.560221594819267033e-01	-9.565440359267529669e-01	-5.629808155713797113e+00
5.015879978943663976e-03	-9.613298362346773818e-01	-9.619879804243418597e-01	-5.661107078710561957e+00
5.049219161256350043e-03	-9.663562796166406121e-01	-9.671986913015152565e-01	-5.690681503314152678e+00
5.082558343569036977e-03	-9.709455709746380725e-01	-9.719658072382396652e-01	-5.718529494544655201e+00
5.115897525881722176e-03	-9.752919643146900075e-01	-9.764897030136612255e-01	-5.744954201338004829e+00
5.149236708194409110e-03	-9.793671107857874203e-01	-9.807761772490128926e-01	-5.769710137487860102e+00
5.182575890507094309e-03	-9.831639231703336312e-01	-9.847485591976888886e-01	-5.793055350191082198e+00
5.215915072819802059e-03	-9.866211937280471300e-01	-9.883504733075301196e-01	-5.814680243672139426e+00
5.249254255132470778e-03	-9.897154057960594331e-01	-9.915777316735677749e-01	-5.835054845925990108e+00
5.282593437445174192e-03	-9.925035792059198059e-01	-9.945769107079827087e-01	-5.854307375059427443e+00
5.315932619757862861e-03	-9.949950561857098252e-01	-9.972429908181026370e-01	-5.871719093702792769e+00
5.349271802070550662e-03	-9.971585885714873143e-01	-9.995646968894685847e-01	-5.887553526479473831e+00
5.382610984383234126e-03	-9.989967535270379839e-01	-1.001556847632576908e+00	-5.901370925254890487e+00
5.415950166695924529e-03	-1.000517282552333409e+00	-1.003292892327452446e+00	-5.913550792243230880e+00
5.449289349008606259e-03	-1.001651880696519115e+00	-1.004676187176610558e+00	-5.924294153852084577e+00
5.482628531321296662e-03	-1.002536171415453925e+00	-1.005758597680704192e+00	-5.933562994629153486e+00
5.515967713633976657e-03	-1.003054504300207039e+00	-1.006454433005964155e+00	-5.940858611518462062e+00
5.549306895946668795e-03	-1.003187872736735820e+00	-1.006740498639936865e+00	-5.946136545902229287e+00
5.582646078259348790e-03	-1.002885699805601050e+00	-1.006675103005079785e+00	-5.949286941031608933e+00
5.615985260572042663e-03	-1.002306481330430099e+00	-1.006265655459192443e+00	-5.950316884128251438e+00
5.649324442884723525e-03	-1.001398996101230399e+00	-1.005560155754586349e+00	-5.949594925247729371e+00
5.682663625197414796e-03	-1.000194492279760761e+00	-1.004516080622898988e+00	-5.947011208152938266e+00
5.716002807510094791e-03	-9.986530237667398113e-01	-1.003097994007995819e+00	-5.942453943826888185e+00
5.749341989822786929e-03	-9.967658926238003314e-01	-1.001376768028854114e+00	-5.935977577559586216e+00
5.782681172135466924e-03	-9.945044278627200862e-01	-9.993317853457963640e-01	-5.927484817821951246e+00
5.816020354448159062e-03	-9.919578639234961637e-01	-9.969462943718724324e-01	-5.917321664242273016e+00
5.849359536760837322e-03	-9.891590596995486484e-01	-9.942280266151570789e-01	-5.905141474444793204e+00
5.882698719073532062e-03	-9.859617609240167724e-01	-9.912004987369601450e-01	-5.891021567632641620e+00
5.916037901386209455e-03	-9.823891621137549324e-01	-9.879001132376171723e-01	-5.874932306379192504e+00
5.949377083698906797e-03	-9.784625249101597255e-01	-9.841561327579532170e-01	-5.856542834969635791e+00
5.982716266011584190e-03	-9.742639965417945191e-01	-9.800819526878974397e-01	-5.835989106195460074e+00
6.016055448324278930e-03	-9.697784361547292509e-01	-9.756849823921966980e-01	-5.813505331277666777e+00
6.049394630636955456e-03	-9.650222732001106918e-01	-9.710618656672120874e-01	-5.788804468824428007e+00
6.082733812949651063e-03	-9.598643942806391882e-01	-9.661784550472367616e-01	-5.762035680487988643e+00
6.116072995262327588e-03	-9.543927452525404753e-01	-9.608633688901063730e-01	-5.732973779971115569e+00
6.149412177575023196e-03	-9.486417957411805713e-01	-9.551781370852328035e-01	-5.701772117276572516e+00
6.182751359887697987e-03	-9.425606466959824958e-01	-9.492335778500335941e-01	-5.668473864314998778e+00
6.216090542200395329e-03	-9.362008414773780318e-01	-9.430432213228173710e-01	-5.632788437641425006e+00
6.249429724513070120e-03	-9.295089038688437721e-01	-9.365245981492165139e-01	-5.594411079537455755e+00
6.282768906825767462e-03	-9.225502295060339364e-01	-9.296831848215971750e-01	-5.553767686272845339e+00
6.316108089138442253e-03	-9.152291410564014074e-01	-9.225673032409739127e-01	-5.510812515166026770e+00
6.349447271451139595e-03	-9.076786848000431007e-01	-9.150561486923747267e-01	-5.465841632375056491e+00
6.382786453763814385e-03	-8.998086598876439135e-01	-9.073546059992820823e-01	-5.418943312344532970e+00
6.416125636076511728e-03	-8.915842745705410133e-01	-8.992800184310343337e-01	-5.370084698413055690e+00
6.449464818389189988e-03	-8.832336081686226192e-01	-8.909792845389458149e-01	-5.319581829537050055e+00
6.482804000701888197e-03	-8.745537087633524775e-01	-8.824939611540415507e-01	-5.267103209994010271e+00
6.516143183014561253e-03	-8.657291659696848551e-01	-8.737457668269805744e-01	-5.212860499843435136e+00
6.549482365327260330e-03	-8.565995511349584479e-01	-8.647653054279267337e-01	-5.157147830610830042e+00
6.582821547639933386e-03	-8.472202733636023941e-01	-8.554981343084758771e-01	-5.100073449219070909e+00
6.616160729952632463e-03	-8.375993863119373106e-01	-8.460222127853828100e-01	-5.041847403381911619e+00
6.649499912265305519e-03	-8.278196814807088355e-01	-8.362476621625494211e-01	-4.982609510330949121e+00
6.682839094578004596e-03	-8.178112532190560113e-01	-8.263320117883581339e-01	-4.922030851778119498e+00
6.716178276890677652e-03	-8.075560613647806418e-01	-8.161911815925314562e-01	-4.860149766452555475e+00
6.749517459203376729e-03	-7.971855414420346841e-01	-8.058670505455413080e-01	-4.797034553279281077e+00
6.782856641516048918e-03	-7.865598821470095592e-01	-7.953390013181035334e-01	-4.733094994506508613e+00
6.816195823828748862e-03	-7.757625192665321689e-01	-7.845754636208255306e-01	-4.668063381434225612e+00
6.849535006141421051e-03	-7.647203256952677108e-01	-7.736067191727349357e-01	-4.601348885981608738e+00
6.882874188454121862e-03	-7.534229927738930188e-01	-7.624495195634591882e-01	-4.532976317011084610e+00
6.916213370766793184e-03	-7.419987345562510939e-01	-7.510333148573968831e-01	-4.463488183352692928e+00
6.949552553079493995e-03	-7.305264767759526157e-01	-7.396003587372819155e-01	-4.392909614613389913e+00
6.982891735392165317e-03	-7.189292265758716605e-01	-7.280253364687638840e-01	-4.321187779392832162e+00
7.016230917704866128e-03	-7.070919778953569379e-01	-7.162869864286867116e-01	-4.248484077618944532e+00
7.049570100017535715e-03	-6.951819244252361862e-01	-7.044081809735776023e-01	-4.174659663038426061e+00
7.082909282330238261e-03	-6.830656977927179740e-01	-6.923960073139105997e-01	-4.099740631410945468e+00
7.116248464642907848e-03	-6.708814985590645374e-01	-6.802124522433197207e-01	-4.024114854737510960e+00
7.149587646955610394e-03	-6.585632868293354036e-01	-6.679109919706537335e-01	-3.947669258324261854e+00
7.182926829268279981e-03	-6.460962438976634026e-01	-6.554739084754719336e-01	-3.871238214449038928e+00
7.216266011580984262e-03	-6.335480203837665636e-01	-6.429807717734326022e-01	-3.794480563973099851e+00
7.249605193893653848e-03	-6.209189384312816529e-01	-6.303204415591188159e-01	-3.718046728917932864e+00
7.282944376206356395e-03	-6.082302596614762580e-01	-6.176836281474725743e-01	-3.641009558179610917e+00
7.316283558519025981e-03	-5.954893934236191733e-01	-6.049008828439452756e-01	-3.563120029624981200e+00
7.349622740831728528e-03	-5.826699237599630710e-01	-5.921245806078255791e-01	-3.484410036730142934e+00
7.382961923144396379e-03	-5.698047095380927018e-01	-5.792622655921898511e-01	-3.404289078823030223e+00
7.416301105457100661e-03	-5.568747441523576036e-01	-5.662894547151230418e-01	-3.325080178860058133e+00
7.449640287769768512e-03	-5.438864705152258727e-01	-5.533549793255420068e-01	-3.246622581263998164e+00
7.482979470082472793e-03	-5.309159150261912874e-01	-5.403196724404526474e-01	-3.167683418234734205e+00
7.516318652395140645e-03	-5.179379503085522751e-01	-5.273555599016518380e-01	-3.088831604304883349e+00
7.549657834707844926e-03	-5.050028310974263857e-01	-5.143911253397029926e-01	-3.011406311397091251e+00
7.582997017020511911e-03	-4.921285975490071740e-01	-5.013577517000268324e-01	-2.934572204108810478e+00
7.616336199333217059e-03	-4.792530755235277495e-01	-4.884709544972090089e-01	-2.857209814152541494e+00
7.649675381645884044e-03	-4.664020366765718184e-01	-4.755822245244108459e-01	-2.778709958376801570e+00
7.683014563958589192e-03	-4.536189706797671972e-01	-4.627266756643683698e-01	-2.701789635668726319e+00
7.716353746271256177e-03	-4.407827507211923845e-01	-4.499175158869946345e-01	-2.625512680199215243e+00
7.749692928583962193e-03	-4.280380202410579149e-01	-4.370494035228275620e-01	-2.546909530064979332e+00
7.783032110896668208e-03	-4.153161621865086306e-01	-4.242953308388685008e-01	-2.470724457861401380e+00
7.816371293209334326e-03	-4.026394046090580048e-01	-4.116024659238769479e-01	-2.396371150538628925e+00
7.849710475522003045e-03	-3.901150220377859190e-01	-3.989182990138401275e-01	-2.322810679037691450e+00
7.883049657834708193e-03	-3.775197674606187714e-01	-3.863352859339828638e-01	-2.248395579448031256e+00
7.916388840147409872e-03	-3.650813979178202384e-01	-3.737712795113935504e-01	-2.173573314175219373e+00
7.949728022460080326e-03	-3.527068132813646062e-01	-3.613528830200894437e-01	-2.099939477676883381e+00
7.983067204772782005e-03	-3.404517447599800239e-01	-3.490569019595243239e-01	-2.026761505159642152e+00
8.016406387085452459e-03	-3.283451854647995716e-01	-3.367976455550500403e-01	-1.954162133163332093e+00
8.049745569398154138e-03	-3.163681287911149220e-01	-3.247397302775953953e-01	-1.882214165295704067e+00
8.083084751710824592e-03	-3.045830710079435732e-01	-3.128296799273524997e-01	-1.811736174928883170e+00
8.116423934023526271e-03	-2.929039991962884559e-01	-3.010713602479469508e-01	-1.742206604460737607e+00
8.149763116336196725e-03	-2.813792352130604080e-01	-2.894389995747511657e-01	-1.673038823256043806e+00
8.183102298648898404e-03	-2.699871952888823756e-01	-2.779541816679959587e-01	-1.604922223732121456e+00
8.216441480961568858e-03	-2.588203352478865571e-01	-2.666478325145407724e-01	-1.537636778279623417e+00
8.249780663274270537e-03	-2.478867087296336424e-01	-2.555170527985815010e-01	-1.472023287524177659e+00
8.283119845586940991e-03	-2.370600345993192082e-01	-2.446172515840767114e-01	-1.407704194227633820e+00
8.316459027899642670e-03	-2.264814126891717128e-01	-2.338050740119276827e-01	-1.345027737070543017e+00
8.349798210212313124e-03	-2.160545214191170738e-01	-2.233482231914760141e-01	-1.283107690285147484e+00
8.383137392525014803e-03	-2.058734273436832463e-01	-2.129764188415291248e-01	-1.222179219596334798e+00
8.416476574837685257e-03	-1.958553390045407461e-01	-2.028555660173687880e-01	-1.162644362229310335e+00
8.449815757150386936e-03	-1.860437460751684091e-01	-1.929080275927299859e-01	-1.104735062237377496e+00
8.483154939463059124e-03	-1.764528229667061410e-01	-1.831966219858494616e-01	-1.048093736381134233e+00
8.516494121775762538e-03	-1.671147842525136928e-01	-1.736681951474273733e-01	-9.924694319982747537e-01
8.549833304088432992e-03	-1.580396164498080458e-01	-1.644625583297564531e-01	-9.384806685409688987e-01
8.583172486401134671e-03	-1.491422730811239328e-01	-1.554531082541770470e-01	-8.855459717271059183e-01
8.616511668713805125e-03	-1.405702968980516721e-01	-1.466910660937954525e-01	-8.342883710456360236e-01
8.649850851026506804e-03	-1.321403869704094458e-01	-1.381609688524700896e-01	-7.842507407389472940e-01
8.683190033339177258e-03	-1.240297234595579279e-01	-1.298215818744024863e-01	-7.352098331539478338e-01
8.716529215651878937e-03	-1.161996488764098084e-01	-1.218494410300501041e-01	-6.883930233883890359e-01
8.749868397964549391e-03	-1.086198815213358371e-01	-1.141243859559227247e-01	-6.433038841072010738e-01
8.783207580277251070e-03	-1.014218568617274996e-01	-1.066998928473530117e-01	-6.002954866086247510e-01
8.816546762589921524e-03	-9.444546846063252288e-02	-9.958111603768257658e-02	-5.592412271386600908e-01
8.849885944902623203e-03	-8.781699745420390446e-02	-9.275355896940200295e-02	-5.201684876959522530e-01
8.883225127215293657e-03	-8.150068566566702477e-02	-8.622559743353531980e-02	-4.825518482058061553e-01
8.916564309527995336e-03	-7.545111054536275674e-02	-8.006069414527104688e-02	-4.467292393238439518e-01
8.949903491840665790e-03	-6.964475545469768492e-02	-7.405428655241097502e-02	-4.126948621987209798e-01
8.983242674153367469e-03	-6.414862671233294289e-02	-6.841673583416600646e-02	-3.803056839260479660e-01
9.016581856466037923e-03	-5.907064314874871380e-02	-6.301080790055552105e-02	-3.495658922508736999e-01
9.049921038778739601e-03	-5.408672613420418412e-02	-5.807424632168891460e-02	-3.203546823960482515e-01
9.083260221091410055e-03	-4.894044764495260325e-02	-5.301140359391123130e-02	-2.893533088124445873e-01
9.116599403404122143e-03	-4.224593662076658179e-02	-4.709745175807428935e-02	-2.484337122022808320e-01
9.149938585716785658e-03	-3.234510881050592368e-02	-3.880574204766561175e-02	-1.879128356519591259e-01
9.183277768029494276e-03	-1.825509743460641821e-02	-2.683480554990832698e-02	-1.027239698471428264e-01
9.216616950342157791e-03	-4.273971220331127148e-03	-1.234501123877253595e-02	-2.386752089379619649e-02
9.249956132654866409e-03	-1.140137199818499689e-03	-4.496251800713990492e-03	-8.131022482687527003e-03
9.283295314967529924e-03	-6.620728809376784764e-04	-2.382975569918914863e-03	-5.508111654012139147e-03
9.316634497280238542e-03	-4.407587386551775751e-04	-1.752214157735593669e-03	-4.011100276311557918e-03
9.349973679592902057e-03	-3.106118485651006441e-04	-1.507705520350511403e-03	-3.018569168435440968e-03
9.383312861905610675e-03	-1.994715587520871621e-04	-1.391733044109782699e-03	-2.359781074745434699e-03
9.416652044218274190e-03	-1.395524459776338730e-04	-1.254498947209017976e-03	-1.892669712302287501e-03
9.449991226530982807e-03	-7.641187552638408257e-05	-1.169130318849280958e-03	-1.557960260097773775e-03
9.483330408843646323e-03	-3.421077996882872653e-05	-1.115976267225146385e-03	-1.304753686969989867e-03
9.516669591156354940e-03	-2.390211540384260582e-05	-1.085050273562731225e-03	-1.090848897422099905e-03
9.550008773469018455e-03	3.802420613542647348e-06	-1.070553714028398169e-03	-9.584469870105961431e-04
9.583347955781727073e-03	6.379586755733315598e-06	-1.052835696819370880e-03	-8.463402599411000080e-04
9.616687138094390588e-03	4.858068231315825652e-05	-1.000003790949154656e-03	-7.641930892346286176e-04
9.650026320407099206e-03	3.891630928681275904e-05	-9.954937502053727225e-04	-6.723815455013561074e-04
9.683365502719762721e-03	7.177517758695429355e-05	-1.014178204713418220e-03	-6.066638089334145181e-04
9.716704685032471339e-03	5.888934687990441004e-05	-9.636013192268035391e-04	-5.692948999012004607e-04
9.750043867345134854e-03	6.243295032152526352e-05	-9.697220888065173801e-04	-5.425568011971097695e-04
9.783383049657843472e-03	6.275509608993368996e-05	-9.903394179148145363e-04	-5.225837636107216050e-04
9.816722231970506987e-03	7.789594717167827348e-05	-1.011601038573905565e-03	-5.022885802547557427e-04
9.850061414283215605e-03	7.403019796158413117e-05	-9.974266247921074156e-04	-4.816712511344130461e-04
9.883400596595879120e-03	7.338590642404755780e-05	-1.000003790937739091e-03	-4.655639627594221537e-04
9.916739778908587738e-03	9.432538132138802852e-05	-9.887286890833523606e-04	-4.571881728025421060e-04
9.950078961221251253e-03	9.690254746377751954e-05	-9.922722925231044697e-04	-4.478459455433034231e-04
9.983418143533959871e-03	8.240598791715492339e-05	-9.690777972750534231e-04	-4.252957418149207018e-04
1.001675732584662339e-02	7.241946912005734740e-05	-9.623127361572030112e-04	-4.310943656332512993e-04
1.005009650815933200e-02	9.174821518024126358e-05	-9.739099837943079700e-04	-4.217521383717991092e-04
1.008343569047199552e-02	8.208384215005221519e-05	-9.822857737430763965e-04	-4.149870772547487843e-04
1.011677487278470414e-02	5.760076380652817522e-05	-9.848629398819552273e-04	-4.004905177151633650e-04
1.015011405509736939e-02	9.013748634158241140e-05	-9.790643160721762203e-04	-4.069334330654319327e-04
1.018345323741007627e-02	1.062447747264043749e-04	-9.851850856586333652e-04	-4.001683719487712158e-04
1.021679241972273978e-02	7.274161488911771816e-05	-9.703663803632331646e-04	-3.737524190089282846e-04
1.025013160203545014e-02	8.498315406013188936e-05	-9.539369462292366297e-04	-3.734302732422111457e-04
1.028347078434811365e-02	8.949319480691459632e-05	-9.578026954362227167e-04	-3.779403139885371054e-04
1.031680996666082747e-02	8.659388289781253369e-05	-9.584469869709463276e-04	-3.621551713775968107e-04
1.035014914897348579e-02	8.208384215018092354e-05	-9.561919666032026510e-04	-3.631216086810645305e-04
1.038348833128620134e-02	9.207036094858467854e-05	-9.297760136669999285e-04	-3.656987748209761723e-04
1.041682751359887006e-02	1.010904424401295462e-04	-9.310645967234888742e-04	-3.537793814207186604e-04
1.045016669591158041e-02	1.027011712800254595e-04	-9.300981594283875631e-04	-3.399271134149565846e-04
1.048350587822423699e-02	1.130098358472286042e-04	-9.120579964465323547e-04	-3.389606761122037335e-04
1.051684506053694734e-02	8.691602866667778871e-05	-8.875749181180357227e-04	-3.257526996427375244e-04
1.055018424284961606e-02	9.658040169517161924e-05	-9.365410747675662062e-04	-3.173769096867041844e-04
1.058352342516232468e-02	9.496967285651279416e-05	-9.603798615577577823e-04	-3.157661808487623829e-04
1.061686260747498126e-02	9.722469322951319789e-05	-8.811320027623120461e-04	-3.267191369450977859e-04
1.065020178978768987e-02	1.049561916573291429e-04	-8.878970638827458949e-04	-3.164104723833033057e-04
1.068354097210036033e-02	1.084997950984917584e-04	-8.811320027794505719e-04	-3.093232654973220638e-04
1.071688015441306895e-02	1.052783374240437474e-04	-9.197894948701788647e-04	-3.257526996436466279e-04
1.075021933672572552e-02	1.081776493313866378e-04	-9.555476750459059509e-04	-3.083568281954166793e-04
1.078355851903843414e-02	9.754683899818452979e-05	-9.526483631500450326e-04	-2.996588924685686752e-04
1.081689770135110633e-02	1.078555035627822690e-04	-9.410511155261097691e-04	-3.102897027999430217e-04
1.085023688366381321e-02	1.097883781705019798e-04	-9.652120480852257028e-04	-2.896723736765456940e-04
1.088357606597646979e-02	1.123655443094335164e-04	-8.956285623205923092e-04	-2.719543564573686460e-04
1.091691524828917667e-02	1.088219408641637941e-04	-9.136687252866158892e-04	-2.903166652103701759e-04
1.095025443060185580e-02	9.883542207169073335e-05	-9.136687252962887073e-04	-2.912831025129905918e-04
1.098359361291455748e-02	1.130098358470369715e-04	-9.333196171096658309e-04	-2.935381228867066502e-04
1.101693279522721926e-02	1.184863138985238089e-04	-9.371853663140576390e-04	-2.790415633452354781e-04
1.105027197753992094e-02	1.007682966743271081e-04	-9.014271861289335558e-04	-2.870952075344214123e-04
1.108361115985260180e-02	9.593611015946234665e-05	-8.811320027821865561e-04	-2.983703093987090231e-04
1.111695034216530174e-02	1.059226289567565698e-04	-9.101251218526589491e-04	-3.006253297726864827e-04
1.115028952447795832e-02	9.915756783684255527e-05	-9.207559321809130701e-04	-2.754979599024402846e-04
1.118362870679066173e-02	1.120433985436304278e-04	-8.978835826817967289e-04	-2.819408752538812542e-04
1.121696788910334260e-02	1.226742088751381853e-04	-9.059372268595004742e-04	-2.832294583240652455e-04
1.125030707141604601e-02	1.049561916562205327e-04	-8.949842707628614946e-04	-2.767865429730142091e-04
1.128364625372870259e-02	1.113991070057687835e-04	-9.117358506802417410e-04	-2.774308345068386911e-04
1.131698543604140600e-02	9.883542206810664557e-05	-9.168901829578486986e-04	-2.738872310637180743e-04
1.135032461835408686e-02	9.368108978580839941e-05	-8.824205858436283542e-04	-2.835516040907823301e-04
1.138366380066679028e-02	9.400323555330568944e-05	-9.110915591556153050e-04	-2.732429395297006586e-04
1.141700298297944685e-02	1.117212527745698537e-04	-9.114137049204544972e-04	-2.629342749673825629e-04
1.145034216529214853e-02	1.046340458868982322e-04	-8.956285623127018111e-04	-2.783972718103714630e-04
1.148368134760483286e-02	1.255735207845652375e-04	-8.846756062201966775e-04	-2.552027765441967845e-04
1.151702052991753454e-02	1.113991070073981632e-04	-8.830648773836817945e-04	-2.490820069612941965e-04
1.155035971223019112e-02	1.097883781707611312e-04	-9.371853663100488015e-04	-2.722765022274028471e-04
1.158369889454289800e-02	9.915756783632182652e-05	-9.555476750483005198e-04	-2.635785664999029665e-04
1.161703807685558060e-02	1.171977308248867828e-04	-9.056150811000511763e-04	-2.680886072474028461e-04
1.165037725916828228e-02	1.155870019870076210e-04	-9.156015998794151756e-04	-2.732429395291786694e-04
1.168371644148094059e-02	1.027011712804821796e-04	-9.255881186804588816e-04	-2.703436276217693174e-04
1.171705562379363880e-02	1.139762731478940815e-04	-9.007828945823979959e-04	-2.725986479944443792e-04
1.175039480610632833e-02	1.133319816150531336e-04	-9.075479556935458700e-04	-2.545584850082250944e-04
1.178373398841902654e-02	1.036676085838852132e-04	-9.661784853678596647e-04	-2.812965837199269932e-04
1.181707317073168312e-02	1.091440866362853961e-04	-9.249438271364507054e-04	-2.587463799880314027e-04
1.185041235304438306e-02	1.162312935221993497e-04	-8.814541485140683875e-04	-2.632564207344239324e-04
1.188375153535707260e-02	1.091440866343332494e-04	-9.062593726232892914e-04	-2.668000241782592552e-04
1.191709071766977081e-02	1.078555035622586129e-04	-9.197894948583869735e-04	-2.732429395296346849e-04
1.195042989998242912e-02	1.126876900799917802e-04	-9.156015998833588526e-04	-2.742093768324531302e-04
1.198376908229512559e-02	1.113991070096813845e-04	-9.168901829524579369e-04	-2.564913596132748896e-04
1.201710826460781860e-02	1.165534392906091314e-04	-9.278431390541169894e-04	-2.648671495747731506e-04
1.205044744692051507e-02	1.110769612378806792e-04	-8.940178334634532988e-04	-2.545584850106993521e-04
1.208378662923317338e-02	1.130098358456660114e-04	-9.242995356039715015e-04	-2.577799426843028780e-04
1.211712581154586986e-02	1.046340458871592268e-04	-9.532926546776299311e-04	-2.555249223136456249e-04
1.215046499385856286e-02	1.126876900777119876e-04	-9.549033835160294827e-04	-2.571356511505449660e-04
1.218380417617125934e-02	1.181641681283548414e-04	-9.146351625856833202e-04	-2.523034646390648534e-04
1.221714335848391765e-02	1.062447747241228882e-04	-9.143130168176838955e-04	-2.497262984951829717e-04
1.225048254079661413e-02	9.722469323133973973e-05	-9.207559321689136626e-04	-2.574577969187582496e-04
1.228382172310930887e-02	9.947971360564510275e-05	-9.529705089074235044e-04	-2.668000241759818886e-04
1.231716090542200708e-02	1.088219408658570739e-04	-9.777757329961370494e-04	-2.494041527287258787e-04
1.235050008773466192e-02	1.088219408672285083e-04	-9.333196170769033012e-04	-2.661557326432652444e-04
1.238383927004735839e-02	1.081776493318409321e-04	-9.091586845414770766e-04	-2.668000241774785212e-04
1.241717845236005660e-02	1.101105239366280116e-04	-8.962728538400834217e-04	-2.545584850106340832e-04
1.245051763467275134e-02	9.013748634340736760e-05	-9.162458914227316308e-04	-2.555249223124750118e-04
1.248385681698540618e-02	1.052783374220884837e-04	-9.288095763516693564e-04	-2.616456918964182713e-04
1.251719599929810092e-02	1.014125882095159365e-04	-9.239773898379230986e-04	-2.510148815689461853e-04
1.255053518161080087e-02	1.142984189187175819e-04	-9.381518036052934441e-04	-2.616456918968078252e-04
1.258387436392349561e-02	1.175198765904268981e-04	-9.175344744982308690e-04	-2.632564207348795141e-04
1.261721354623615045e-02	1.252513750183740452e-04	-9.078701014740441942e-04	-2.500484442656083529e-04
1.265055272854884519e-02	1.188084596655664116e-04	-9.201116406403599211e-04	-2.626121292002103844e-04
1.268389191086154513e-02	1.081776493308641608e-04	-9.210780779321368515e-04	-2.506927357986505288e-04
1.271723109317423987e-02	1.223520631075105606e-04	-9.462054477926376984e-04	-2.500484442624194975e-04
1.275057027548689298e-02	1.107548154714269880e-04	-9.368632205477310298e-04	-2.664778784090706234e-04
1.278390945779958945e-02	1.117212527742445931e-04	-9.307424509680831083e-04	-2.584242342192314573e-04
1.281724864011228940e-02	1.188084596642623061e-04	-9.146351625916034978e-04	-2.532699019394746894e-04
1.285058782242498587e-02	1.078555035651265580e-04	-9.558698208210657720e-04	-2.552027765462783985e-04
1.288392700473764245e-02	1.175198765949903864e-04	-9.590912784976416382e-04	-2.439276746807530626e-04
1.291726618705038403e-02	9.915756783580004067e-05	-9.413732612899692763e-04	-2.593906715225704823e-04
1.295060536936307877e-02	1.094662324000047836e-04	-9.558698208320818082e-04	-2.506927357983893987e-04
1.298394455167573187e-02	1.194527511969737055e-04	-9.358967832442066604e-04	-2.529477561713914559e-04
1.301728373398842488e-02	1.246070834822058976e-04	-9.462054478044448769e-04	-2.581020884536893768e-04
1.305062291630112829e-02	1.130098358444267548e-04	-9.339639086362337477e-04	-2.365183220243493125e-04
1.308396209861382303e-02	1.084997950986227842e-04	-9.697220888194698013e-04	-2.474712781236781435e-04
1.311730128092647614e-02	1.094662323997449953e-04	-9.462054477997875780e-04	-2.487598611937975163e-04
1.315064046323916915e-02	1.136541273825515349e-04	-9.339639086354652652e-04	-2.471491323574842407e-04
1.318397964555187603e-02	1.043119001192702552e-04	-9.774535872485029531e-04	-2.597128172915012909e-04
1.321731882786456730e-02	1.020568797441840227e-04	-9.803528991568144155e-04	-2.500484442646970810e-04
1.325065801017722041e-02	1.210634800362843665e-04	-9.565141123583254402e-04	-2.439276746815358023e-04
1.328399719248991341e-02	1.168755850606483605e-04	-9.719771091905957550e-04	-2.436055289134523791e-04
1.331733637480262029e-02	1.010904424418894231e-04	-9.539369462077679088e-04	-2.619678376630679185e-04
1.335067555711531156e-02	1.246070834804456683e-04	-9.661784853776593344e-04	-2.516591731006224291e-04
1.338401473942796467e-02	1.104326697038641715e-04	-9.578026954292187707e-04	-2.719543564591900514e-04
1.341735392174065594e-02	1.120433985429797303e-04	-9.355746374819600125e-04	-2.461826950538204971e-04
1.345069310405336456e-02	1.004461509065052486e-04	-9.117358506878207479e-04	-2.436055289112400374e-04
1.348403228636605583e-02	1.101105239364975685e-04	-9.185009118016837894e-04	-2.500484442653480902e-04
1.351737146867870894e-02	1.049561916534825698e-04	-9.371853663049616165e-04	-2.635785665020508794e-04
1.355071065099140194e-02	1.213856258053456452e-04	-9.607020073289125606e-04	-2.535920477089237467e-04
1.358404983330411056e-02	9.851327630008929086e-05	-9.597355700355561644e-04	-2.564913596147053859e-04
1.361738901561680357e-02	1.049561916555682766e-04	-9.152794541252017068e-04	-2.558470680821190086e-04
1.365072819792945320e-02	1.146205646824996499e-04	-9.265545559824148441e-04	-2.416726543074928840e-04
1.368406738024214621e-02	1.258956665527131437e-04	-9.365410747676484971e-04	-2.545584850105681095e-04
1.371740656255485483e-02	1.142984189140884587e-04	-9.494269054615027187e-04	-2.416726543061250545e-04
1.375074574486754783e-02	1.162312935193959688e-04	-9.291317221106702284e-04	-2.455384035157673014e-04
1.378408492718019747e-02	1.123655443132139261e-04	-9.130244337362754302e-04	-2.648671495717136947e-04
1.381742410949288874e-02	1.142984189153266041e-04	-9.172123287080113712e-04	-2.506927357998219551e-04
1.385076329180559909e-02	1.262178123206028201e-04	-9.191452033114640282e-04	-2.561692138490960849e-04
1.388410247411829210e-02	1.094662324015027174e-04	-9.259102644234504242e-04	-2.545584850098531323e-04
1.391744165643094173e-02	1.171977308256680453e-04	-9.500711969720109992e-04	-2.548806307772193288e-04
1.395078083874363301e-02	1.204191885015516754e-04	-9.713328176242383774e-04	-2.561692138487060432e-04
1.398412002105634509e-02	1.139762731475710571e-04	-1.016433225060435095e-03	-2.529477561717821481e-04
1.401745920336903636e-02	1.136541273815724597e-04	-9.474940308472027273e-04	-2.471491323529282605e-04
1.405079838568168600e-02	1.101105239374753291e-04	-9.652120480585158402e-04	-2.571356511499603100e-04
1.408413756799437727e-02	1.233185004105226716e-04	-9.445947189355201551e-04	-2.500484442630699104e-04
1.411747675030708936e-02	1.168755850566723607e-04	-9.326753255501775246e-04	-2.445719662147716709e-04
1.415081593261978063e-02	1.081776493297546832e-04	-9.520040715994336315e-04	-2.610014003618790833e-04
1.418415511493243027e-02	1.339493107439840530e-04	-9.407289697464815172e-04	-2.584242342208604168e-04
1.421749429724511980e-02	1.094662324020924556e-04	-9.471718850914473062e-04	-2.587463799892030999e-04
1.425083347955783362e-02	1.155870019870094235e-04	-9.188230575667263780e-04	-2.500484442631359925e-04
1.428417266187052663e-02	1.300835615327847563e-04	-9.565141123663649077e-04	-2.587463799888126787e-04
1.431751184418317800e-02	1.236406461803014618e-04	-9.326753255751380270e-04	-2.548806307767641265e-04
1.435085102649586580e-02	1.065669204946836050e-04	-9.288095763582778939e-04	-2.619678376653470741e-04
1.438419020880858309e-02	1.101105239381928948e-04	-9.152794541337195243e-04	-2.439276746775645324e-04
1.441752939112127090e-02	1.297614157622221692e-04	-9.152794541386447295e-04	-2.455384035185004124e-04
1.445086857343392227e-02	1.113991070074647603e-04	-9.065815184152481747e-04	-2.532699019393452357e-04
1.448420775574661007e-02	1.046340458870299628e-04	-8.927292504057887526e-04	-2.558470680793873070e-04
1.451754693805932910e-02	1.323385819057178582e-04	-9.346082001696650980e-04	-2.474712781222476472e-04
1.455088612037201516e-02	1.081776493331469485e-04	-9.278431390636447413e-04	-2.436055289128662052e-04
1.458422530268466653e-02	1.181641681261386102e-04	-9.436282816660615264e-04	-2.481155696586076443e-04
1.461756448499735260e-02	1.152648562204251401e-04	-9.362189290130928541e-04	-2.597128172896120686e-04
1.465090366731007336e-02	1.242849377122302976e-04	-9.655341938546472755e-04	-2.513370273337085076e-04
1.468424284962275943e-02	1.027011712804832232e-04	-9.365410747783442600e-04	-2.616456918967425562e-04
1.471758203193541080e-02	1.133319816147274934e-04	-9.371853663174890305e-04	-2.626121291993643273e-04
1.475092121424809687e-02	1.304057072985853648e-04	-9.143130168221397496e-04	-2.568135053822677687e-04
1.478426039656081763e-02	1.033454628168458902e-04	-9.358967832482147390e-04	-2.349075931866685327e-04
1.481759957887350369e-02	1.062447747266650713e-04	-9.407289697581529535e-04	-2.584242342203403250e-04
1.485093876118615507e-02	1.159091477537248005e-04	-9.204337864085554780e-04	-2.571356511526287484e-04
1.488427794349884113e-02	1.136541273823538035e-04	-9.072258099411088664e-04	-2.584242342211216553e-04
1.491761712581156189e-02	1.155870019866854097e-04	-8.988500199962275216e-04	-2.584242342213160528e-04
1.495095630812424796e-02	1.207413342698296859e-04	-8.695347551421559861e-04	-2.632564207336439573e-04
1.498429549043689933e-02	1.084997950980343877e-04	-9.346082001792803450e-04	-2.510148815663425822e-04
1.501763467274958540e-02	1.246070834825957767e-04	-9.204337864130254267e-04	-2.677664614806869541e-04
1.505097385506230789e-02	1.165534392904786612e-04	-9.178566202723282804e-04	-2.716322106929952270e-04
1.508431303737499223e-02	1.049561916538095110e-04	-9.085143930189962767e-04	-2.574577969188240065e-04
1.511765221968764360e-02	1.120433985431747376e-04	-8.949842707875566928e-04	-2.561692138488358222e-04
1.515099140200033834e-02	1.220299173396230391e-04	-8.914406673494301280e-04	-2.558470680802322800e-04
1.518433058431305216e-02	1.249292292494421795e-04	-9.030379149740082149e-04	-2.587463799889428372e-04
1.521766976662574690e-02	1.084997950984267469e-04	-9.136687253022006449e-04	-2.593906715228300403e-04
1.525100894893838786e-02	9.851327629917567435e-05	-8.875749181334303094e-04	-2.590685257561145278e-04
1.528434813125108260e-02	1.101105239370843387e-04	-8.714676297663433591e-04	-2.368404677932134156e-04
1.531768731356379643e-02	1.039897543527517287e-04	-8.827427316238149703e-04	-2.600349630601035320e-04
1.535102649587649117e-02	1.046340458852032177e-04	-8.924071046406939055e-04	-2.468269865894007361e-04
1.538436567818913213e-02	1.320164361375036801e-04	-8.402194903036578223e-04	-2.677664614809447774e-04
1.541770486050182340e-02	1.162312935244154183e-04	-8.911185215653284579e-04	-2.593906715230253593e-04
1.545104404281455283e-02	1.175198765941418356e-04	-9.020714776531087468e-04	-2.642228580382175091e-04
1.548438322512723543e-02	1.117212527738530741e-04	-9.065815184014422694e-04	-2.484377154268219037e-04
1.551772240743988507e-02	1.117212527748958869e-04	-9.094808303091727079e-04	-2.561692138492268939e-04
1.555106158975256767e-02	1.084997951006431001e-04	-9.094808303038610930e-04	-2.619678376627443926e-04
1.558440077206529710e-02	1.007682966741971800e-04	-8.872527723419996494e-04	-2.648671495724955671e-04
1.561773995437797970e-02	1.062447747260128830e-04	-8.782326908523522711e-04	-2.619678376656732022e-04
1.565107913669063280e-02	1.094662324028078528e-04	-8.998164572837499342e-04	-2.664778784105670934e-04
1.568441831900332234e-02	1.368486226530877690e-04	-8.885413554261309800e-04	-2.629342749667312826e-04
1.571775750131602922e-02	1.123655443104109789e-04	-8.869306265919478906e-04	-2.648671495733408111e-04
1.575109668362871876e-02	1.200970427318372055e-04	-8.824205858334853176e-04	-2.758201056688310785e-04
1.578443586594137707e-02	1.320164361371144787e-04	-8.891856469502117371e-04	-2.461826950534288833e-04
1.581777504825406661e-02	1.175198765901680855e-04	-8.895077927200509445e-04	-2.577799426863211204e-04
1.585111423056677349e-02	1.010904424426054167e-04	-9.194673490854728603e-04	-2.584242342202745682e-04
1.588445341287946302e-02	1.242849377124275682e-04	-9.120579964421261570e-04	-2.487598611930825392e-04
1.591779259519212134e-02	1.023790255143554431e-04	-9.117358506692609414e-04	-2.671221699448460729e-04
1.595113177750481087e-02	1.043119001170544576e-04	-8.692126093691538357e-04	-2.571356511500264464e-04
1.598447095981752816e-02	1.120433985440864297e-04	-8.875749181173480133e-04	-2.529477561704144271e-04
1.601781014213020729e-02	1.043119001175766636e-04	-9.123801422127668067e-04	-2.577799426856047880e-04
1.605114932444286560e-02	1.043119001215526498e-04	-9.136687252873444730e-04	-2.590685257576120278e-04
1.608448850675555514e-02	1.139762731467224656e-04	-9.239773898370610495e-04	-2.519813188690953249e-04
1.611782768906827243e-02	1.097883781674355172e-04	-9.378296578366596527e-04	-2.584242342196243179e-04
1.615116687138095156e-02	1.084997950982964122e-04	-9.516819258503339107e-04	-2.345854474216438063e-04
1.618450605369360987e-02	1.146205646843874898e-04	-9.030379149666161245e-04	-2.458605492864541922e-04
1.621784523600629940e-02	1.043119001189445879e-04	-9.375075120753718731e-04	-2.574577969181079994e-04
1.625118441831901669e-02	1.217077715744074526e-04	-9.346082001683719701e-04	-2.593906715228317750e-04
1.628452360063169582e-02	1.178420223594242090e-04	-9.513597800753935321e-04	-2.361961762587407704e-04
1.631786278294435413e-02	1.246070834806403097e-04	-9.104472676081011443e-04	-2.561692138483156762e-04
1.635120196525704367e-02	1.178420223630095978e-04	-8.762998162505108470e-04	-2.436055289124120058e-04
1.638454114756976096e-02	1.046340458858571677e-04	-9.465275935614249044e-04	-2.278203862995179787e-04
1.641788032988244009e-02	1.184863138955260576e-04	-9.352524916933156436e-04	-2.632564207331878877e-04
1.645121951219509840e-02	1.275063953920904018e-04	-9.455611562542065498e-04	-2.439276746804944804e-04
1.648455869450778100e-02	1.091440866325729523e-04	-9.690777972625201544e-04	-2.552027765455630419e-04
1.651789787682050523e-02	1.236406461801700294e-04	-9.594134242461127386e-04	-2.552027765441954835e-04
1.655123705913318435e-02	1.249292292494415019e-04	-9.542590919560885220e-04	-2.548806307755930797e-04
1.658457624144584266e-02	1.075333577962607338e-04	-9.481383223841409295e-04	-2.729207937616176419e-04
1.661791542375853220e-02	9.561396439157321240e-05	-9.745542753167148273e-04	-2.477934238920210977e-04
1.665125460607124949e-02	1.413586634005235181e-04	-9.326753255521968511e-04	-2.680886072483138470e-04
1.668459378838393209e-02	9.722469323173037778e-05	-9.484604681689579563e-04	-2.432833831460205884e-04
1.671793297069659387e-02	1.304057072997577668e-04	-9.442725731955091927e-04	-2.394176339327359643e-04
1.675127215300927647e-02	1.197748969658398550e-04	-9.462054477925036910e-04	-2.613235461294404903e-04
1.678461133532200417e-02	1.220299173413816557e-04	-9.513597800792771442e-04	-2.339411558853479126e-04
1.681795051763467982e-02	1.365264768847425380e-04	-9.358967832403768247e-04	-2.439276746810796514e-04
1.685128969994733814e-02	1.091440866347889396e-04	-9.362189290181937001e-04	-2.593906715232210036e-04
1.688462888226002073e-02	1.101105239357804501e-04	-9.384739493885228736e-04	-2.481155696574380070e-04
1.691796806457274843e-02	1.242849377153601724e-04	-9.636013192487102776e-04	-2.503705900318693679e-04
1.695130724688542409e-02	1.175198765927088998e-04	-9.703663803515116381e-04	-2.613235461292454966e-04
1.698464642919808240e-02	1.142984189172828300e-04	-9.735878380172670581e-04	-2.539141934757692008e-04
1.701798561151076500e-02	1.287949784604492743e-04	-9.571584038771041233e-04	-2.403840712352912196e-04
1.705132479382349270e-02	1.117212527741801508e-04	-9.445947189646848683e-04	-2.513370273334486244e-04
1.708466397613616836e-02	1.107548154712314928e-04	-9.433061358994898876e-04	-2.445719662145776530e-04
1.711800315844882667e-02	9.561396439157192491e-05	-9.529705089188916529e-04	-2.494041527270352823e-04
1.715134234076150926e-02	1.284728326926241079e-04	-9.381518036097397572e-04	-2.490820069610992569e-04
1.718468152307423696e-02	1.072112120273297625e-04	-9.413732612827786306e-04	-2.494041527283359454e-04
1.721802070538691262e-02	1.188084596653703065e-04	-9.378296578427139461e-04	-2.445719662147074320e-04
1.725135988769957093e-02	1.068890662612655303e-04	-9.242995356152881870e-04	-2.390954881647843529e-04
1.728469907001225353e-02	1.078555035652574890e-04	-9.423396985913023646e-04	-2.465048408197558177e-04
1.731803825232498123e-02	1.200970427326860816e-04	-9.645677565507540605e-04	-2.523034646346391401e-04
1.735137743463765689e-02	1.297614157631350133e-04	-9.523262173869548753e-04	-2.429612373757886830e-04
1.738471661695031520e-02	1.178420223608592048e-04	-9.188230575653022784e-04	-2.490820069608392110e-04
1.741805579926299780e-02	1.159091477535936798e-04	-9.436282816554438261e-04	-2.516591731023139471e-04
1.745139498157572550e-02	1.078555035645412921e-04	-9.329974713339278048e-04	-2.564913596155520936e-04
1.748473416388840115e-02	1.184863138951339423e-04	-9.532926546864552283e-04	-2.568135053838301041e-04
1.751807334620105946e-02	1.043119001200532931e-04	-9.584469869587640151e-04	-2.532699019402534718e-04
1.755141252851373512e-02	1.046340458869634741e-04	-9.568362581292455971e-04	-2.461826950528436852e-04
1.758475171082646976e-02	1.056004831926497155e-04	-9.465275935705653792e-04	-2.629342749661459219e-04
1.761809089313914542e-02	9.915756783755880633e-05	-9.265545559917087335e-04	-2.706657733882254346e-04
1.765143007545180373e-02	1.081776493293652513e-04	-9.049707895724432927e-04	-2.593906715241328176e-04
1.768476925776455572e-02	1.262178123199508080e-04	-9.017493318894279162e-04	-2.597128172910438118e-04
1.771810844007722444e-02	1.075333577961961831e-04	-8.872527723473075780e-04	-2.503705900327146119e-04
1.775144762238989316e-02	1.110769612377502362e-04	-9.259102644388638760e-04	-2.429612373768320107e-04
1.778478680470256187e-02	1.088219408660544936e-04	-9.036822064982320867e-04	-2.484377154251938657e-04
1.781812598701523059e-02	1.120433985420008584e-04	-9.387960951510290796e-04	-2.593906715234178405e-04
1.785146516932798258e-02	1.133319816130955523e-04	-9.117358506769797019e-04	-2.645450038050628006e-04
1.788480435164064089e-02	1.207413342712629334e-04	-9.127022879818649619e-04	-2.465048408211214788e-04
1.791814353395331655e-02	9.529181862440279577e-05	-9.178566202428810241e-04	-2.561692138456459367e-04
1.795148271626605119e-02	1.242849377121016841e-04	-9.007828945685765866e-04	-2.600349630586065741e-04
1.798482189857872685e-02	1.097883781680233445e-04	-9.304203051793684832e-04	-2.758201056683756052e-04
1.801816108089138516e-02	1.107548154725324947e-04	-9.242995356006858268e-04	-2.458605492846958874e-04
1.805150026320406081e-02	1.110769612393146315e-04	-9.098029760645527783e-04	-2.535920477085968055e-04
1.808483944551679545e-02	1.146205646848441286e-04	-9.329974713212603118e-04	-2.593906715247183952e-04
1.811817862782947111e-02	9.207036094630335454e-05	-8.824205858311071201e-04	-2.597128172924109907e-04
1.815151781014212942e-02	1.059226289578644482e-04	-8.869306265737191995e-04	-2.581020884525829485e-04
1.818485699245480508e-02	1.233185004096743376e-04	-9.020714776473341776e-04	-2.606792545932101637e-04
1.821819617476753972e-02	1.056004831924517266e-04	-8.856420435049599041e-04	-2.564913596145112595e-04
1.825153535708021538e-02	1.123655443100859079e-04	-8.907963757837500515e-04	-2.494041527275554283e-04
1.828487453939287369e-02	1.165534392898277469e-04	-8.820984400775514368e-04	-2.587463799878373305e-04
1.831821372170554935e-02	1.052783374192835578e-04	-9.410511155186640107e-04	-2.552027765443277561e-04
1.835155290401828398e-02	1.194527511986692351e-04	-9.056150810880678149e-04	-2.548806307772843809e-04
1.838489208633095964e-02	1.027011712791792668e-04	-9.197894948552254400e-04	-2.465048408185196646e-04
1.841823126864361795e-02	9.883542206908646618e-05	-9.281652848075973208e-04	-2.423169458420969887e-04
1.845157045095629361e-02	1.142984189175439872e-04	-9.223666609940947298e-04	-2.613235461298971563e-04
1.848490963326902825e-02	1.059226289585788426e-04	-9.178566202539293695e-04	-2.590685257557893756e-04
1.851824881558170391e-02	1.236406461800413075e-04	-9.172123287077779425e-04	-2.516591731008814450e-04
1.855158799789436222e-02	1.072112120292211532e-04	-9.033600607190805584e-04	-2.616456918972624853e-04
1.858492718020703788e-02	1.184863138961127330e-04	-9.368632205310663003e-04	-2.519813188688334901e-04
1.861826636251977252e-02	1.168755850571951224e-04	-9.094808303032664082e-04	-2.465048408192992060e-04
1.865160554483244817e-02	1.059226289553867617e-04	-9.059372268596219049e-04	-2.632564207352689053e-04
1.868494472714510649e-02	1.297614157637211601e-04	-9.233330983146539753e-04	-2.561692138484449131e-04
1.871828390945778214e-02	9.174821518134926399e-05	-9.526483631557354677e-04	-2.645450038069499087e-04
1.875162309177051678e-02	1.178420223626849335e-04	-9.597355700361395736e-04	-2.397397797014694210e-04
1.878496227408319244e-02	1.210634800387611044e-04	-9.207559321734494224e-04	-2.548806307773497583e-04
1.881830145639585075e-02	1.258956665529101975e-04	-9.143130168285606117e-04	-2.503705900320005021e-04
1.885164063870852641e-02	1.068890662594420378e-04	-9.143130168236903756e-04	-2.471491323557913674e-04
1.888497982102126105e-02	1.265399580880996087e-04	-9.365410747806107846e-04	-2.455384035162222326e-04
1.891831900333393671e-02	1.191306054303233806e-04	-9.291317221362839626e-04	-2.597128172924756634e-04
1.895165818564659502e-02	1.081776493304078201e-04	-9.101251218518713847e-04	-2.548806307782620060e-04
1.898499736795927068e-02	1.162312935208966537e-04	-8.998164572946889921e-04	-2.516591731022474313e-04
