# Time (s)	Generation (V)	PC (V)	PL (V)
1.500263204070890169e-05	1.030233170493486679e-04	2.759928367435986879e-02	-2.600349630580212675e-04
4.834181435339528833e-05	1.117212527751563529e-04	3.542574722546962089e-03	-2.365183220243496920e-04
8.168099666608183592e-05	1.304057072988460070e-04	-1.959279370164156403e-04	-2.461826950534294254e-04
1.150201789787680921e-04	1.123655443119091565e-04	-7.525958410151108516e-04	-2.503705900318687716e-04
1.483593612914544161e-04	1.107548154727963489e-04	-8.508503006173659617e-04	-2.407062170020735461e-04
1.816985436041414854e-04	1.007682966753696227e-04	-8.672797347815479861e-04	-2.510148815664092607e-04
2.150377259168277959e-04	1.107548154703186894e-04	-8.286222426893362879e-04	-2.642228580368498423e-04
2.483769082295139165e-04	1.142984189151320440e-04	-8.589039448246665832e-04	-2.574577969170013000e-04
2.817160905422001998e-04	1.056004831895198407e-04	-8.460181141232246812e-04	-2.603571088266236713e-04
3.150552728548863747e-04	1.162312935218097959e-04	-8.105820797035801200e-04	-2.600349630578900791e-04
3.483944551675727122e-04	1.101105239368249027e-04	-8.566489244486889332e-04	-2.529477561710654363e-04
3.817336374802589413e-04	1.104326697047768664e-04	-9.136687252870234408e-04	-2.516591731015983737e-04
4.150728197929463088e-04	1.036676085825169094e-04	-9.249438271419571514e-04	-2.754979599025696299e-04
4.484120021056323211e-04	1.258956665499781082e-04	-8.882192096631754807e-04	-2.700214818539474308e-04
4.817511844183182249e-04	1.255735207872404251e-04	-9.081922472333255492e-04	-2.487598611940584838e-04
5.150903667310046709e-04	1.004461509068308074e-04	-9.378296578323052799e-04	-2.561692138486407742e-04
5.484295490436907373e-04	1.204191885016154943e-04	-8.988500199703400263e-04	-2.629342749651047083e-04
5.817687313563794059e-04	1.184863138947432230e-04	-8.721119212720815838e-04	-2.613235461283353630e-04
6.151079136690657976e-04	1.403922260976403459e-04	-8.936956877005126530e-04	-2.497262984953776402e-04
6.484470959817520809e-04	1.213856258053447101e-04	-8.869306265886611317e-04	-2.468269865880335571e-04
6.817862782944378221e-04	1.275063953892230937e-04	-8.917628130993526499e-04	-2.635785665022478247e-04
7.151254606071238886e-04	1.149427104524719837e-04	-9.185009117992898710e-04	-2.413505085383042792e-04
7.484646429198103888e-04	1.155870019838818119e-04	-8.659911517086519173e-04	-2.552027765436108817e-04
7.818038252324961300e-04	1.097883781703706829e-04	-8.721119212959011803e-04	-2.552027765454331545e-04
8.151430075451824133e-04	1.120433985410885429e-04	-8.975614369235237902e-04	-2.648671495718455879e-04
8.484821898578681545e-04	1.159091477548336276e-04	-9.123801422202211303e-04	-2.455384035186957315e-04
8.818213721705542209e-04	1.020568797441845376e-04	-8.988500199837129011e-04	-2.571356511510683646e-04
9.151605544832444074e-04	9.593611016011251559e-05	-8.924071046425331461e-04	-2.639007122705247510e-04
9.484997367959307991e-04	1.097883781673067276e-04	-9.178566202716312468e-04	-2.577799426860616708e-04
9.818389191086165403e-04	1.149427104524725258e-04	-9.410511155170995070e-04	-2.587463799888119740e-04
1.015178101421302607e-03	1.046340458854641038e-04	-9.896951263977814186e-04	-2.574577969184341816e-04
1.048517283733989107e-03	1.220299173398177212e-04	-9.561919665765726941e-04	-2.571356511483337357e-04
1.081856466046675824e-03	1.142984189170874839e-04	-9.542590919686976848e-04	-2.481155696601694376e-04
1.115195648359362541e-03	1.052783374229368990e-04	-9.513597800748110987e-04	-2.526256104046099697e-04
1.148534830672048607e-03	1.059226289570831993e-04	-9.497490512300641938e-04	-2.545584850100481803e-04
1.181874012984734674e-03	1.262178123187118902e-04	-9.381518036049011798e-04	-2.436055289109796121e-04
1.215213195297422692e-03	1.162312935208305716e-04	-9.091586845450524501e-04	-2.545584850099828571e-04
1.248552377610108758e-03	1.178420223594887190e-04	-8.843534604545712219e-04	-2.626121291985834307e-04
1.281891559922794608e-03	1.020568797443799244e-04	-9.107694133879666197e-04	-2.661557326430692748e-04
1.315230742235480241e-03	9.593611015769993536e-05	-9.146351625945563224e-04	-2.819408752552457769e-04
1.348569924548166741e-03	1.027011712827633681e-04	-9.081922472487011623e-04	-2.928938313508663654e-04
1.381909106860852374e-03	1.110769612397064079e-04	-9.033600607367068668e-04	-3.003031840066856762e-04
1.415248289173538223e-03	1.056004831880853734e-04	-9.101251218579713229e-04	-3.138333062406553002e-04
1.448587471486224290e-03	8.723817443384980453e-05	-8.898299385001998303e-04	-3.573229848639025946e-04
1.481926653798910139e-03	8.111740484658286907e-05	-9.214002237137699017e-04	-3.892154158515897557e-04
1.515265836111600543e-03	8.015096754357073101e-05	-9.210780779407488862e-04	-4.703961492699277312e-04
1.548605018424287260e-03	5.051355692009508528e-05	-9.307424509635226287e-04	-5.509325911516469105e-04
1.581944200736973543e-03	4.084918389244620061e-05	-9.584469869623286550e-04	-6.884888338781040579e-04
1.615283383049659826e-03	2.796335318650615387e-05	-9.735878380331278517e-04	-8.479509887755991423e-04
1.648622565362346326e-03	-1.423774237476305201e-05	-1.037694845741418334e-03	-1.025131160868633824e-03
1.681961747675032610e-03	-4.806304797550456788e-05	-1.070553714000934461e-03	-1.245156720004220174e-03
1.715300929987719110e-03	-4.677446490349515963e-05	-1.121774891016723589e-03	-1.471625194452743030e-03
1.748640112300405176e-03	-1.105593268919546906e-04	-1.166553152678475626e-03	-1.742871930528184241e-03
1.781979294613091677e-03	-1.411631748166161833e-04	-1.211331414355599698e-03	-2.029581663380148043e-03
1.815318476925777960e-03	-2.104245148491406051e-04	-1.238713804577838825e-03	-2.331754393008630966e-03
1.848657659238465327e-03	-2.545584850087455114e-04	-1.299277208851994884e-03	-2.661309512780343951e-03
1.881996841551151394e-03	-2.999810382396446862e-04	-1.386578711799362797e-03	-3.015669856548636174e-03
1.915336023863837894e-03	-3.534572356527002079e-04	-1.394632355969586740e-03	-3.374862386737224450e-03
1.948675206176523960e-03	-4.207857010679441124e-04	-1.498041147307747900e-03	-3.738242811820111696e-03
1.982014388489209810e-03	-4.710404408077838189e-04	-1.545396575110365243e-03	-4.117730525163037190e-03
2.015353570801895877e-03	-5.319259908674266700e-04	-1.603382813222487815e-03	-4.491419614612962054e-03
2.048692753114581943e-03	-5.792814186948486068e-04	-1.634308806899090411e-03	-4.866075141280633981e-03
2.082031935427268009e-03	-6.514420706136473229e-04	-1.701315126499499363e-03	-5.212381840399863721e-03
2.115371117739955377e-03	-6.936431661539024579e-04	-1.771865049535901928e-03	-5.561587851343296855e-03
2.148710300052642744e-03	-7.384214278353709278e-04	-1.849502179453801692e-03	-5.940109126959251112e-03
2.182049482365330546e-03	-8.270115138912008607e-04	-1.884616068085972389e-03	-6.284805097017554659e-03
2.215388664678016612e-03	-8.969171454293997561e-04	-1.931971495864422432e-03	-6.627568192406918871e-03
2.248727846990702679e-03	-9.204337864511812116e-04	-1.994467774709319900e-03	-6.962599789333167276e-03
2.282067029303388745e-03	-9.887286891486527732e-04	-2.027648788742020432e-03	-7.279913369049741990e-03
2.315406211616074812e-03	-1.087949585513719054e-03	-2.117527457792926955e-03	-7.952231582872273594e-03
2.348745393928761745e-03	-1.290257127431906556e-03	-2.278922487146362811e-03	-9.065889495694243183e-03
2.382084576241447812e-03	-1.449719282276805150e-03	-2.468344198235509091e-03	-9.982394199268287971e-03
2.415423758554133878e-03	-1.602416375983608567e-03	-2.625551332584386086e-03	-1.077132917914242101e-02
2.448762940866820812e-03	-1.793448815983855792e-03	-2.804020087549354869e-03	-1.188949713070113455e-02
2.482102123179506879e-03	-2.051165429778327269e-03	-3.006327629256927859e-03	-1.329437481248466404e-02
2.515441305492192945e-03	-2.262170907289435401e-03	-3.237950435728326540e-03	-1.462290394673226857e-02
2.548780487804879012e-03	-2.561766470726109610e-03	-3.493089883148382552e-03	-1.653548335071510639e-02
2.582119670117565078e-03	-3.004716900443351116e-03	-3.886107718740918100e-03	-1.937552040722636398e-02
2.615458852430251144e-03	-3.495667049310163636e-03	-4.338722521111240682e-03	-2.230672470988851602e-02
2.648798034742938078e-03	-4.022375378152001808e-03	-4.841592062944481689e-03	-2.550176638761094544e-02
2.682137217055624145e-03	-4.511070506351911626e-03	-5.343173021568748196e-03	-2.853863449022600585e-02
2.715476399368310211e-03	-5.021349400761983967e-03	-5.830579566273121073e-03	-3.154071084548105974e-02
2.748815581680996711e-03	-5.558366393630581603e-03	-6.394978949029996029e-03	-3.485913433341647494e-02
2.782154763993682778e-03	-6.200725051937604204e-03	-7.016720277970427654e-03	-3.867334014051723723e-02
2.815493946306369278e-03	-6.910090029379241036e-03	-7.640716627038527525e-03	-4.277167850023585322e-02
2.848833128619055344e-03	-7.675830515585533274e-03	-8.372953953240671113e-03	-4.706233786967534138e-02
2.882172310931741411e-03	-8.344927271647208447e-03	-9.081674638214888573e-03	-5.120384374333115246e-02
2.915511493244428345e-03	-9.080708200961620444e-03	-9.792328197487910890e-03	-5.539947009590931448e-02
2.948850675557114411e-03	-9.780086658436415101e-03	-1.049074021736034860e-02	-5.953807664122510307e-02
2.982189857869800478e-03	-1.040569373530181307e-02	-1.114727328742791922e-02	-6.317381365233556978e-02
3.015529040182486544e-03	-1.105513959856537116e-02	-1.178512190285820396e-02	-6.702120041880503531e-02
3.048868222495171743e-03	-1.168493456988754613e-02	-1.241491687391680331e-02	-7.069495061680776404e-02
3.082207404807858677e-03	-1.229282362894890297e-02	-1.304471184473231238e-02	-7.428848651541447579e-02
3.115546587120545177e-03	-1.289684693859824947e-02	-1.374731175817677647e-02	-7.786688155792816091e-02
3.148885769433231244e-03	-1.353727271947673984e-02	-1.435487867072711594e-02	-8.150326283084348422e-02
3.182224951745917310e-03	-1.414999396435219665e-02	-1.498853939000380740e-02	-8.515091919960467159e-02
3.215564134058603377e-03	-1.474757435805151146e-02	-1.558773051223577739e-02	-8.835047082064888258e-02
3.248903316371289443e-03	-1.530424223942487665e-02	-1.613215685429477547e-02	-9.157482766017327469e-02
3.282242498683975510e-03	-1.587315165966708339e-02	-1.670460987766861014e-02	-9.501051210933746105e-02
3.315581680996661576e-03	-1.643465172714757630e-02	-1.725547913465338631e-02	-9.834310991333890251e-02
3.348920863309347642e-03	-1.694976280437964986e-02	-1.780344907956999539e-02	-1.015378293314499192e-01
3.382260045622033709e-03	-1.749579987481665599e-02	-1.832564736319554008e-02	-1.046710189076060504e-01
3.415599227934719775e-03	-1.802444107382645405e-02	-1.883238264998995590e-02	-1.079772007484919166e-01
3.448938410247408010e-03	-1.855437085572447450e-02	-1.944864749636611087e-02	-1.108868211666956261e-01
3.482277592560094077e-03	-1.909235428155944825e-02	-1.995441634555170096e-02	-1.140003598419592201e-01
3.515616774872780143e-03	-1.960198888001057210e-02	-2.047597033700136737e-02	-1.170720195662316027e-01
3.548955957185466210e-03	-2.009165044095804695e-02	-2.098496064350807364e-02	-1.201575315549024414e-01
3.582295139498152276e-03	-2.059613070690071573e-02	-2.141985742427784944e-02	-1.229920920016866620e-01
3.615634321810838343e-03	-2.106034275223600885e-02	-2.192111623219926766e-02	-1.257316194503537155e-01
3.648973504123524409e-03	-2.153421917036205460e-02	-2.243042868405824286e-02	-1.287272527666888378e-01
3.682312686436210476e-03	-2.200100838156502508e-02	-2.288368777296612491e-02	-1.319058648654126142e-01
3.715651868748896976e-03	-2.246199896891474396e-02	-2.335144342109442273e-02	-1.347165865172987032e-01
3.748991051061583042e-03	-2.290043935270585224e-02	-2.378666234704899379e-02	-1.373649467100645505e-01
3.782330233374269109e-03	-2.335144342115519703e-02	-2.428566613395619078e-02	-1.400564744308373799e-01
3.815669415686955175e-03	-2.381501117424287758e-02	-2.472442866307327652e-02	-1.428739611369287954e-01
3.849008597999641242e-03	-2.425828374414347455e-02	-2.517962062597011927e-02	-1.454240668710787554e-01
3.882347780312327308e-03	-2.473054943259233099e-02	-2.565510777180391236e-02	-1.480988430075734774e-01
3.915686962625015109e-03	-2.513484236496571142e-02	-2.607840730395094911e-02	-1.506634452968740878e-01
3.949026144937704645e-03	-2.556522910402463447e-02	-2.651137120888587967e-02	-1.532138731716360669e-01
3.982365327250390712e-03	-2.597789782604664408e-02	-2.696978462896579276e-02	-1.556686237584063992e-01
4.015704509563076778e-03	-2.641343889709924994e-02	-2.739791634725247810e-02	-1.581910249505882049e-01
4.049043691875768049e-03	-2.682578547315748671e-02	-2.778545769938008808e-02	-1.606870101901395065e-01
4.082382874188454115e-03	-2.720076314067408629e-02	-2.816687828194706575e-02	-1.630834523928450241e-01
4.115722056501140182e-03	-2.760247890639212776e-02	-2.857568125421050889e-02	-1.654444585623715824e-01
4.149061238813826248e-03	-2.797391297036190896e-02	-2.898996070433299682e-02	-1.677506999540772925e-01
4.182400421126509713e-03	-2.834921278339721379e-02	-2.933530096128441830e-02	-1.699429017508671813e-01
4.215739603439195779e-03	-2.872644547093348641e-02	-2.967065469954508969e-02	-1.721644188096267958e-01
4.249078785751881845e-03	-2.908918159908560966e-02	-3.004112232581211683e-02	-1.740931053851811627e-01
4.282417968064567912e-03	-2.943742116788483978e-02	-3.039516051813986874e-02	-1.759976310292405421e-01
4.315757150377253978e-03	-2.977664065528194681e-02	-3.074082292059198904e-02	-1.780055654567605505e-01
4.349096332689940045e-03	-3.014871901032921409e-02	-3.109614969582314217e-02	-1.798904402092037780e-01
4.382435515002626111e-03	-3.044831456887740068e-02	-3.142248335244306190e-02	-1.819189919631353514e-01
4.415774697315314780e-03	-3.077625895442099788e-02	-3.169566295834290448e-02	-1.837300953388300295e-01
4.449113879628000846e-03	-3.109357252977051900e-02	-3.201104365895120207e-02	-1.857293318287798201e-01
4.482453061940686913e-03	-3.135902063743071372e-02	-3.236830330852510235e-02	-1.875388244747843158e-01
4.515792244253372979e-03	-3.166570340254083044e-02	-3.266596599214507263e-02	-1.891721033981715594e-01
4.549131426566056444e-03	-3.195660102527381197e-02	-3.297748094345882147e-02	-1.911152865269859225e-01
4.582470608878747714e-03	-3.222108269552535070e-02	-3.321200305774921202e-02	-1.927037871911108369e-01
4.615809791191433781e-03	-3.250779242327590801e-02	-3.346617606345312496e-02	-1.942462210134843215e-01
4.649148973504117245e-03	-3.282027381190668475e-02	-3.380217409248866683e-02	-1.959748550756710284e-01
4.682488155816803312e-03	-3.307219179733175002e-02	-3.412303127067974756e-02	-1.976712745630535562e-01
4.715827338129489378e-03	-3.331186824379361866e-02	-3.438396933723926463e-02	-1.993490095969076004e-01
4.749166520442175445e-03	-3.356217550034514691e-02	-3.460689420395607341e-02	-2.009404095711474492e-01
4.782505702754861511e-03	-3.383310008558530063e-02	-3.486557725011739384e-02	-2.023481864711962896e-01
4.815844885067547577e-03	-3.407921944718036306e-02	-3.512297171320680894e-02	-2.039437743395912384e-01
4.849184067380233644e-03	-3.430504362578482014e-02	-3.532237993928830783e-02	-2.052768134266883537e-01
4.882523249692919710e-03	-3.451798197391434120e-02	-3.558041869383097439e-02	-2.064838935278596466e-01
4.915862432005605777e-03	-3.473865182027668225e-02	-3.578337052322428519e-02	-2.077264096607089883e-01
4.949201614318291843e-03	-3.494579154466040394e-02	-3.595636279683064873e-02	-2.087972221121359995e-01
4.982540796630977910e-03	-3.515067624869469554e-02	-3.617703264303027272e-02	-2.099691883268452741e-01
5.015879978943663976e-03	-3.533397718671477117e-02	-3.640446755018404701e-02	-2.111282687117549961e-01
5.049219161256350043e-03	-3.549376148416705234e-02	-3.656650686786648563e-02	-2.123185972336519289e-01
5.082558343569036977e-03	-3.565000217823517670e-02	-3.671855966696213613e-02	-2.132167395662569742e-01
5.115897525881722176e-03	-3.576468606912290571e-02	-3.686545813386009340e-02	-2.140053523459680973e-01
5.149236708194409110e-03	-3.586455125501016722e-02	-3.697498769249773359e-02	-2.144196317718511657e-01
5.182575890507094309e-03	-3.599759745425751972e-02	-3.711963113906355943e-02	-2.149167026537402714e-01
5.215915072819802059e-03	-3.613515369415724182e-02	-3.728972410070210963e-02	-2.156441077421707708e-01
5.249254255132470778e-03	-3.625982410360957531e-02	-3.743726685909279372e-02	-2.161843461537102939e-01
5.282593437445174192e-03	-3.634809204207550132e-02	-3.753809848217748435e-02	-2.165586795074537219e-01
5.315932619757862861e-03	-3.642089698402532078e-02	-3.760091690549152016e-02	-2.173009032999621559e-01
5.349271802070550662e-03	-3.653074868845920808e-02	-3.768725196933214033e-02	-2.177132498513918157e-01
5.382610984383234126e-03	-3.659131209148349523e-02	-3.776714411796754794e-02	-2.182898907317978310e-01
5.415950166695924529e-03	-3.665477480635725288e-02	-3.783672760225693238e-02	-2.186928950566073837e-01
5.449289349008606259e-03	-3.669955306710184079e-02	-3.788376088329755559e-02	-2.191670935906411544e-01
5.482628531321296662e-03	-3.675367355490943150e-02	-3.790695537805952031e-02	-2.193468509153799206e-01
5.515967713633976657e-03	-3.676752582262172997e-02	-3.793304918465910391e-02	-2.196351713555825813e-01
5.549306895946668795e-03	-3.677171371751489226e-02	-3.792531768639179068e-02	-2.198271702185336796e-01
5.582646078259348790e-03	-3.679780752413826239e-02	-3.797009594711571456e-02	-2.197975328101406112e-01
5.615985260572042663e-03	-3.677171371751876416e-02	-3.796494161494467362e-02	-2.195037358922747872e-01
5.649324442884723525e-03	-3.675850574132290965e-02	-3.794335784898465042e-02	-2.192015631851235158e-01
5.682663625197414796e-03	-3.675045209730284923e-02	-3.788569375784851812e-02	-2.188526793451887886e-01
5.716002807510094791e-03	-3.669246586036548075e-02	-3.787248578166194091e-02	-2.184870439266546893e-01
5.749341989822786929e-03	-3.661740589810771190e-02	-3.785637849363296392e-02	-2.183469105283379619e-01
5.782681172135466924e-03	-3.658358059323119776e-02	-3.780547946346156374e-02	-2.180179997244926227e-01
5.816020354448159062e-03	-3.652398362747562299e-02	-3.777036557555753238e-02	-2.176910217950792648e-01
5.849359536760837322e-03	-3.641864196369574980e-02	-3.766985609825933973e-02	-2.171150252060874974e-01
5.882698719073532062e-03	-3.637676301478722646e-02	-3.762443354601097828e-02	-2.165622231105834572e-01
5.916037901386209455e-03	-3.627850855772452726e-02	-3.751329325858862584e-02	-2.160896353051196539e-01
5.949377083698906797e-03	-3.615609316860057126e-02	-3.744242119122553197e-02	-2.151657213133260083e-01
5.982716266011584190e-03	-3.603045632186094999e-02	-3.736252904258421936e-02	-2.144885709608931879e-01
6.016055448324278930e-03	-3.591158453609747531e-02	-3.720628834867117235e-02	-2.139412453429881122e-01
6.049394630636955456e-03	-3.579013558423315561e-02	-3.709804737308585593e-02	-2.133513964869219737e-01
6.082733812949651063e-03	-3.562906270376012957e-02	-3.693826307577430246e-02	-2.126236692526232430e-01
6.116072995262327588e-03	-3.546122476229690568e-02	-3.675689501245912177e-02	-2.115428702834937502e-01
6.149412177575023196e-03	-3.533204431213890495e-02	-3.663609035215821541e-02	-2.107507139003889640e-01
6.182751359887697987e-03	-3.514584406226953228e-02	-3.647952751242330288e-02	-2.093577557056819083e-01
6.216090542200395329e-03	-3.495030158531657605e-02	-3.628752863898260239e-02	-2.081397226495762254e-01
6.249429724513070120e-03	-3.474187327789269447e-02	-3.609520761975367614e-02	-2.071201313713388059e-01
6.282768906825767462e-03	-3.453763286533905602e-02	-3.587163846170102893e-02	-2.058048103003499996e-01
6.316108089138442253e-03	-3.431470799861146420e-02	-3.567029736111692467e-02	-2.044598518208644577e-01
6.349447271451139595e-03	-3.407019936585455738e-02	-3.544415103690829599e-02	-2.029312702672234903e-01
6.382786453763814385e-03	-3.383406652286722466e-02	-3.520157527887957799e-02	-2.013447024794541573e-01
6.416125636076511728e-03	-3.355959833424791011e-02	-3.493451644296188818e-02	-1.997864835168284836e-01
6.449464818389189988e-03	-3.326354637958023330e-02	-3.465682679689649492e-02	-1.980075947194531172e-01
6.482804000701888197e-03	-3.299842041795442854e-02	-3.437269423556768566e-02	-1.964055639352300653e-01
6.516143183014561253e-03	-3.273844878848334444e-02	-3.406182357601199306e-02	-1.949072640801406131e-01
6.549482365327260330e-03	-3.243917537606988422e-02	-3.376899307905509989e-02	-1.933493672621572901e-01
6.582821547639933386e-03	-3.218790168207440877e-02	-3.350708857512683242e-02	-1.917334842098865344e-01
6.616160729952632463e-03	-3.187413171030308717e-02	-3.320556014249737009e-02	-1.900000179605743633e-01
6.649499912265305519e-03	-3.155907315542311187e-02	-3.289017944208604688e-02	-1.878690238624843856e-01
6.682839094578004596e-03	-3.124659176657939783e-02	-3.257963092803618094e-02	-1.859036126763176644e-01
6.716178276890677652e-03	-3.096406993353485737e-02	-3.226972670546619099e-02	-1.839736375214318653e-01
6.749517459203376729e-03	-3.064256846325562333e-02	-3.194081588289863355e-02	-1.819479850799745058e-01
6.782856641516048918e-03	-3.030238253874522128e-02	-3.164862967712088471e-02	-1.800776068867826762e-01
6.816195823828748862e-03	-2.996412948873632826e-02	-3.136159780346602782e-02	-1.783863417270538654e-01
6.849535006141421051e-03	-2.966066818096203470e-02	-3.105169358067345550e-02	-1.763056023614308354e-01
6.882874188454121862e-03	-2.934045529350329251e-02	-3.070216542913347876e-02	-1.744732373642343959e-01
6.916213370766793184e-03	-2.895420252475798886e-02	-3.036230165039600568e-02	-1.724549942715911388e-01
6.949552553079493995e-03	-2.860854012196681687e-02	-2.997862604795732688e-02	-1.703017721109218729e-01
6.982891735392165317e-03	-2.826642132249366710e-02	-2.963586295722768493e-02	-1.681897846048334422e-01
7.016230917704866128e-03	-2.791818175346735820e-02	-2.931371719520686064e-02	-1.662201855173519871e-01
7.049570100017535715e-03	-2.755254631322107822e-02	-2.892392082306945861e-02	-1.639857826262889617e-01
7.082909282330238261e-03	-2.718014581187774142e-02	-2.855764109148378402e-02	-1.617307624063956117e-01
7.116248464642907848e-03	-2.675169194777754847e-02	-2.816881115648672482e-02	-1.594847622663262132e-01
7.149587646955610394e-03	-2.636060699203771063e-02	-2.779673280103871907e-02	-1.569794347994898642e-01
7.182926829268279981e-03	-2.595921337180198685e-02	-2.736505747946214179e-02	-1.546229386660891436e-01
7.216266011580984262e-03	-2.558939003623044578e-02	-2.697107321199018748e-02	-1.523382810328978154e-01
7.249605193893653848e-03	-2.519089572769226543e-02	-2.660737064611822661e-02	-1.498377857482235120e-01
7.282944376206356395e-03	-2.481785093433405004e-02	-2.618632613443059795e-02	-1.474258805424137619e-01
7.316283558519025981e-03	-2.441452443917617801e-02	-2.579298615823585189e-02	-1.450387805576223710e-01
7.349622740831728528e-03	-2.404502324904334021e-02	-2.540995484636087917e-02	-1.427270626761891203e-01
7.382961923144396379e-03	-2.362236800792424235e-02	-2.496410511064128465e-02	-1.403844188017260852e-01
7.416301105457100661e-03	-2.322612871928806874e-02	-2.457398659179744690e-02	-1.380198690149220808e-01
7.449640287769768512e-03	-2.282634582716214222e-02	-2.414456628978056338e-02	-1.357310234774344315e-01
7.482979470082472793e-03	-2.242301933154940141e-02	-2.377313222500574905e-02	-1.335114392742214884e-01
7.516318652395140645e-03	-2.200712915107418469e-02	-2.335434273298256369e-02	-1.313827001705383246e-01
7.549657834707844926e-03	-2.161507775699660072e-02	-2.296261348495263685e-02	-1.291299349526524032e-01
7.582997017020511911e-03	-2.123559004761537902e-02	-2.253834751475777484e-02	-1.266423254823928202e-01
7.616336199333217059e-03	-2.085578019237990105e-02	-2.213566531061449474e-02	-1.243902045525513284e-01
7.649675381645884044e-03	-2.046372879804038425e-02	-2.176004335049489327e-02	-1.219599370219941609e-01
7.683014563958589192e-03	-2.008295250533874768e-02	-2.135864972921958441e-02	-1.195435217566982039e-01
7.716353746271256177e-03	-1.966867305312452671e-02	-2.096917550110705825e-02	-1.172111865303188671e-01
7.749692928583962193e-03	-1.926470226525702628e-02	-2.056810402540545230e-02	-1.148517910592660729e-01
7.783032110896668208e-03	-1.887361730785107328e-02	-2.019634781411419611e-02	-1.125432946148088031e-01
7.816371293209334326e-03	-1.846384789604166993e-02	-1.978593411109655364e-02	-1.102016171561387425e-01
7.849710475522003045e-03	-1.805440062990188929e-02	-1.940741283860957997e-02	-1.078312687238784096e-01
7.883049657834708193e-03	-1.767716794007351613e-02	-1.899893200998678186e-02	-1.055227722737289431e-01
7.916388840147409872e-03	-1.726707638221625443e-02	-1.861461211355586523e-02	-1.031440480479136890e-01
7.949728022460080326e-03	-1.686858207177735838e-02	-1.817713816598528695e-02	-1.007401964513593706e-01
7.983067204772782005e-03	-1.649263796475250801e-02	-1.778089887610702358e-02	-9.829575448808994254e-02
8.016406387085452459e-03	-1.610574090165943148e-02	-1.742492780666734381e-02	-9.608454604708668856e-02
8.049745569398154138e-03	-1.570241440448077661e-02	-1.705639305234956868e-02	-9.382018355518130515e-02
8.083084751710824592e-03	-1.534773191766470452e-02	-1.671781785402976644e-02	-9.149719053423317761e-02
8.116423934023526271e-03	-1.497951930866011153e-02	-1.629355188230263360e-02	-8.943964561155461068e-02
8.149763116336196725e-03	-1.461517244874648361e-02	-1.593371506338352520e-02	-8.743750975671960024e-02
8.183102298648898404e-03	-1.425694635829439366e-02	-1.558354261732150178e-02	-8.528589827071522689e-02
8.216441480961568858e-03	-1.392030403400452108e-02	-1.524335668988815659e-02	-8.324607135925717050e-02
8.249780663274270537e-03	-1.354049417715340840e-02	-1.491380157263640267e-02	-8.136892805202661227e-02
8.283119845586940991e-03	-1.322382489015964772e-02	-1.455976337717907777e-02	-7.945506012716146982e-02
8.316459027899642670e-03	-1.286978669435325136e-02	-1.420862449352678324e-02	-7.755665519692138410e-02
8.349798210212313124e-03	-1.255762744794035150e-02	-1.387166002346384985e-02	-7.555645220662697559e-02
8.383137392525014803e-03	-1.222968305898195461e-02	-1.356916515018392194e-02	-7.360875897274708757e-02
8.416476574837685257e-03	-1.194426191097380102e-02	-1.323445570034304138e-02	-7.182825938425742296e-02
8.449815757150386936e-03	-1.165529715949625324e-02	-1.291424280987688369e-02	-7.010252457276662519e-02
8.483154939463059124e-03	-1.135924520113804244e-02	-1.260530502113832267e-02	-6.844315178579550574e-02
8.516494121775762538e-03	-1.107994482252691246e-02	-1.232793751732573322e-02	-6.673223567653330246e-02
8.549833304088432992e-03	-1.082061748132105358e-02	-1.210533479356006373e-02	-6.513181556013150630e-02
8.583172486401134671e-03	-1.053906208226303154e-02	-1.183441020496951712e-02	-6.360323394639447181e-02
8.616511668713805125e-03	-1.028456692746498348e-02	-1.153674751782240472e-02	-6.208753816184918450e-02
8.649850851026506804e-03	-1.004811193549580775e-02	-1.123457478988719276e-02	-6.076770699632492306e-02
8.683190033339177258e-03	-9.787173865301529788e-03	-1.098265680132182349e-02	-5.939955396646071778e-02
8.716529215651878937e-03	-9.565215432725811956e-03	-1.076520840962482024e-02	-5.788997894815475082e-02
8.749868397964549391e-03	-9.320384650751703526e-03	-1.053584062457116506e-02	-5.648316842535771459e-02
8.783207580277251070e-03	-9.116466380994231108e-03	-1.028005688670081963e-02	-5.508247867116158186e-02
8.816546762589921524e-03	-8.882910700761434061e-03	-1.004553476932828517e-02	-5.388925078408957764e-02
8.849885944902623203e-03	-8.721515672052513463e-03	-9.854824476052993776e-03	-5.275884131912732949e-02
8.883225127215293657e-03	-8.527261775208542713e-03	-9.696973050862828930e-03	-5.163036472833448104e-02
8.916564309527995336e-03	-8.361678851507799159e-03	-9.524302920426922295e-03	-5.062913571123778267e-02
8.949903491840665790e-03	-8.173545724170524704e-03	-9.323606108359713471e-03	-4.956959831130013094e-02
8.983242674153367469e-03	-8.020848631079898969e-03	-9.156734601688035907e-03	-4.861443613677676051e-02
9.016581856466037923e-03	-7.860420039584575108e-03	-9.002426779845518895e-03	-4.765347533816578773e-02
9.049921038778739601e-03	-7.667776871465223180e-03	-8.858105476747354934e-03	-4.657493133691960330e-02
9.083260221091410055e-03	-7.149444333703284214e-03	-8.537892585426738387e-03	-4.317049495094238409e-02
9.116599403404122143e-03	-5.700110530820839093e-03	-7.541173585283745921e-03	-3.419164831359635531e-02
9.149938585716785658e-03	-3.293681653307357557e-03	-5.571574369907460710e-03	-1.980300783212242399e-02
9.183277768029494276e-03	-1.760912093466612599e-03	-3.655451349617870344e-03	-1.137696321737536806e-02
9.216616950342157791e-03	-1.009023872494293128e-03	-2.527619019361930074e-03	-7.244799480456666323e-03
9.249956132654866409e-03	-7.490522381583605968e-04	-2.007997896921214897e-03	-5.744244500911572550e-03
9.283295314967529924e-03	-5.634962760833902261e-04	-1.738684035504569876e-03	-4.619955775511873711e-03
9.316634497280238542e-03	-4.136984941824829623e-04	-1.562470300792706763e-03	-3.716981191198203815e-03
9.349973679592902057e-03	-2.961152890270112611e-04	-1.450363573764154547e-03	-2.958327910010325520e-03
9.383312861905610675e-03	-2.236324913207542121e-04	-1.341156158637109340e-03	-2.441928245368353134e-03
9.416652044218274190e-03	-1.563040258923031260e-04	-1.272216964423701331e-03	-1.997689232424225674e-03
9.449991226530982807e-03	-1.047607030786983084e-04	-1.213908580523443206e-03	-1.668456258284360932e-03
9.483330408843646323e-03	-6.868037710228737109e-05	-1.129184243693471743e-03	-1.408484624059599998e-03
9.516669591156354940e-03	-4.065369532287487815e-05	-1.115331975693099236e-03	-1.198445583734898765e-03
9.550008773469018455e-03	-2.680142731255404396e-05	-1.086661002398606538e-03	-1.045104198451123848e-03
9.583347955781727073e-03	-2.640494740112168276e-06	-1.036728408451987942e-03	-9.358967832900084560e-04
9.616687138094390588e-03	7.346024057182871844e-06	-1.018366099704707747e-03	-8.234679104488606526e-04
9.650026320407099206e-03	2.023185476266671680e-05	-9.867958145009260700e-04	-7.242470140661412840e-04
9.683365502719762721e-03	5.180213999086504038e-05	-1.011278892834083796e-03	-6.727036912687895786e-04
9.716704685032471339e-03	6.243295032439242262e-05	-1.000970228270932653e-03	-6.276032838200222954e-04
9.750043867345134854e-03	7.016444874686083861e-05	-9.922722925584958643e-04	-5.837914594363680272e-04
9.783383049657843472e-03	6.436582493028652672e-05	-9.945273129261698267e-04	-5.473889877086583495e-04
9.816722231970506987e-03	6.887586567641667949e-05	-9.494269054757622540e-04	-5.348253027762664641e-04
9.850061414283215605e-03	7.306376065524685347e-05	-9.687556515258598103e-04	-5.016442887221020906e-04
9.883400596595879120e-03	7.177517758558458029e-05	-9.806750449171026691e-04	-4.929463529993508529e-04
9.916739778908587738e-03	7.854023870627932882e-05	-9.352524917068756518e-04	-4.723290238759521157e-04
9.950078961221251253e-03	6.790942837386109896e-05	-9.903394179369099260e-04	-4.768390646240995350e-04
9.983418143533959871e-03	7.048659451553230604e-05	-9.584469869534432930e-04	-4.510674032193155041e-04
1.001675732584662339e-02	9.980185937079283180e-05	-9.349303459358644219e-04	-4.423694674961745500e-04
1.005009650815933200e-02	6.114436725094766622e-05	-9.358967832349217699e-04	-4.124099111147718735e-04
1.008343569047199552e-02	8.047311331289049713e-05	-9.255881186834431481e-04	-4.175642433939474006e-04
1.011677487278470414e-02	7.177517758571465745e-05	-9.484604681694617850e-04	-4.214299926067090326e-04
1.015011405509736939e-02	8.756032020049743243e-05	-9.626348819331778271e-04	-4.201414095357451747e-04
1.018345323741007627e-02	9.851327630145682217e-05	-9.661784853770229078e-04	-3.937254565973309509e-04
1.021679241972273978e-02	7.950667600759864782e-05	-9.623127361621876307e-04	-4.156313687898736042e-04
1.025013160203545014e-02	8.820461173529746597e-05	-9.375075120686628301e-04	-3.808396258958823811e-04
1.028347078434811365e-02	9.561396439202968862e-05	-9.339639086307984254e-04	-3.837389378043327298e-04
1.031680996666082747e-02	8.981534057278035181e-05	-9.462054477944012616e-04	-3.650544832865684980e-04
1.035014914897348579e-02	7.886238447188877892e-05	-9.117358506767332628e-04	-3.801953343590656637e-04
1.038348833128620134e-02	1.168755850583035429e-04	-9.590912784837287222e-04	-3.718195444038796278e-04
1.041682751359887006e-02	1.027011712828292605e-04	-9.468497393166397423e-04	-3.437928626256369280e-04
1.045016669591158041e-02	1.014125882088643581e-04	-9.616684446150863342e-04	-3.586115679351276910e-04
1.048350587822423699e-02	8.401671675835773400e-05	-9.284874305835972902e-04	-3.444371541616723150e-04
1.051684506053694734e-02	9.464752708667023931e-05	-9.072258099357259110e-04	-3.241419708049899577e-04
1.055018424284961606e-02	9.207036094669498192e-05	-8.901520842573721953e-04	-3.183433469884803862e-04
1.058352342516232468e-02	1.059226289557121985e-04	-9.072258099267568486e-04	-3.183433469901066895e-04
1.061686260747498126e-02	9.174821517893604679e-05	-9.133465795162224376e-04	-3.193097842918835960e-04
1.065020178978768987e-02	9.464752708986389233e-05	-9.310645967200253904e-04	-3.147997435449059224e-04
1.068354097210036033e-02	9.883542206726039867e-05	-9.394403866711694123e-04	-3.167326181524893355e-04
1.071688015441306895e-02	1.027011712821119930e-04	-9.043264980161643332e-04	-3.222090962029355962e-04
1.075021933672572552e-02	1.030233170464162805e-04	-8.727562128076105400e-04	-3.080346824266835750e-04
1.078355851903843414e-02	1.107548154712970057e-04	-9.226888067685278102e-04	-3.028803501467932876e-04
1.081689770135110633e-02	1.078555035618051860e-04	-9.023936234248221061e-04	-3.218869504330971478e-04
1.085023688366381321e-02	1.120433985416110064e-04	-8.949842707753693930e-04	-3.222090961998130398e-04
1.088357606597646979e-02	8.433886252520287642e-05	-8.891856469602252115e-04	-3.096454112650136835e-04
1.091691524828917667e-02	9.690254746208272181e-05	-9.236552440827604108e-04	-2.932159771174542131e-04
1.095025443060185580e-02	1.023790255140286917e-04	-9.371853663180122664e-04	-3.119004316376896668e-04
1.098359361291455748e-02	9.947971360336121732e-05	-8.566489244523855205e-04	-2.983703093968237039e-04
1.101693279522721926e-02	1.107548154718182901e-04	-8.572932159884846587e-04	-3.048132247527524032e-04
1.105027197753992094e-02	1.142984189165008628e-04	-8.511724464084334139e-04	-3.015917670766072364e-04
1.108361115985260180e-02	1.197748969677956744e-04	-8.540717583096080071e-04	-2.771086887392107683e-04
1.111695034216530174e-02	1.027011712815267678e-04	-8.666354432369309220e-04	-2.993367467026330836e-04
1.115028952447795832e-02	1.075333577941104492e-04	-8.225014730933196240e-04	-2.764643972059078417e-04
1.118362870679066173e-02	1.075333577965885016e-04	-8.666354432373301253e-04	-2.845180413943133673e-04
1.121696788910334260e-02	1.020568797471189715e-04	-8.743669416633191626e-04	-2.896723736773261027e-04
1.125030707141604601e-02	9.883542206928025377e-05	-8.801655654734702678e-04	-2.777529802747270393e-04
1.128364625372870259e-02	1.072112120295468747e-04	-8.846756062204315157e-04	-2.693771903168691497e-04
1.131698543604140600e-02	1.242849377169890778e-04	-9.023936234302045193e-04	-2.716322106914331627e-04
1.135032461835408686e-02	1.084997950986222828e-04	-9.007828945902633406e-04	-2.716322106918248849e-04
1.138366380066679028e-02	1.084997950966020618e-04	-8.911185215709854996e-04	-2.854844786971303490e-04
1.141700298297944685e-02	1.197748969665571360e-04	-8.489174260282003788e-04	-2.748536683682920598e-04
1.145034216529214853e-02	1.052783374223490581e-04	-9.056150810924616526e-04	-2.854844786983660142e-04
1.148368134760483286e-02	1.027011712797648579e-04	-9.420175528267949383e-04	-2.838737498574970836e-04
1.151702052991753454e-02	1.113991070085720560e-04	-9.162458914342769744e-04	-2.764643972047361445e-04
1.155035971223019112e-02	1.084997950996647432e-04	-9.143130168254559988e-04	-2.581020884532328735e-04
1.158369889454289800e-02	9.690254746312534483e-05	-9.081922472393727953e-04	-2.671221699465382957e-04
1.161703807685558060e-02	1.068890662593776497e-04	-9.481383224000893267e-04	-2.816187294858628560e-04
1.165037725916828228e-02	1.065669204938374395e-04	-9.233330983022205616e-04	-2.668000241776093302e-04
1.168371644148094059e-02	1.084997950981669721e-04	-8.878970638904868816e-04	-2.700214818551838008e-04
1.171705562379363880e-02	1.027011712821781700e-04	-9.123801422191060283e-04	-2.796858548815953668e-04
1.175039480610632833e-02	1.229963546449809435e-04	-9.114137049084893505e-04	-2.832294583238692759e-04
1.178373398841902654e-02	1.027011712810695597e-04	-8.688904635822827880e-04	-2.671221699446494529e-04
1.181707317073168312e-02	1.191306054309108014e-04	-8.817762942850852553e-04	-2.684107530171115697e-04
1.185041235304438306e-02	1.059226289587767773e-04	-8.798434196795838899e-04	-2.687328987828530892e-04
1.188375153535707260e-02	1.120433985396553496e-04	-8.369980326031865739e-04	-2.738872310649535227e-04
1.191709071766977081e-02	1.043119001201198360e-04	-8.833870231162678152e-04	-2.658335868743363873e-04
1.195042989998242912e-02	1.078555035644119332e-04	-9.020714776471420570e-04	-2.603571088278600954e-04
1.198376908229512559e-02	1.117212527748312955e-04	-9.133465794937102806e-04	-2.664778784108928962e-04
1.201710826460781860e-02	1.010904424421505397e-04	-8.524610294536619443e-04	-2.693771903191477090e-04
1.205044744692051507e-02	1.084997950986856950e-04	-8.656690059181143147e-04	-2.677664614782132384e-04
1.208378662923317338e-02	1.017347339744723174e-04	-8.978835826742044947e-04	-2.600349630580206712e-04
1.211712581154586986e-02	1.120433985412181728e-04	-8.959507080810405911e-04	-2.555249223129949952e-04
1.215046499385856286e-02	1.162312935227217996e-04	-8.798434197094227600e-04	-2.629342749677080404e-04
1.218380417617125934e-02	1.171977308249512521e-04	-8.885413554255476793e-04	-2.690550445501552635e-04
1.221714335848391765e-02	1.113991070076577347e-04	-8.975614369032379339e-04	-2.597128172917601441e-04
1.225048254079661413e-02	1.268621038561182238e-04	-9.233330983011142417e-04	-2.738872310654112728e-04
1.228382172310930887e-02	1.149427104516257775e-04	-9.391182409185946066e-04	-2.535920477080775811e-04
1.231716090542200708e-02	1.133319816151172370e-04	-9.223666610158766767e-04	-2.548806307799530361e-04
1.235050008773466192e-02	1.036676085851254728e-04	-9.062593726449066564e-04	-2.622899834319340545e-04
1.238383927004735839e-02	1.162312935227852932e-04	-8.734005043556379621e-04	-2.600349630587368952e-04
1.241717845236005660e-02	1.120433985434370061e-04	-9.136687252917644400e-04	-2.477934238907209766e-04
1.245051763467275134e-02	1.065669204922068536e-04	-9.175344744929703200e-04	-2.503705900301113341e-04
1.248385681698540618e-02	1.043119001198564833e-04	-9.371853663108886245e-04	-2.577799426845645502e-04
1.251719599929810092e-02	1.294392699969399991e-04	-8.982057284553284036e-04	-2.684107530157466134e-04
1.255053518161080087e-02	9.915756783840608323e-05	-8.949842707699117361e-04	-2.600349630603632526e-04
1.258387436392349561e-02	1.258956665513452059e-04	-8.920849588725665450e-04	-2.503705900318698016e-04
1.261721354623615045e-02	1.217077715726458273e-04	-8.846756062214268133e-04	-2.587463799879021116e-04
1.265055272854884519e-02	1.017347339785146297e-04	-8.656690059401127768e-04	-2.780751260431982004e-04
1.268389191086154513e-02	1.181641681277670818e-04	-9.069036641742519739e-04	-2.552027765470603793e-04
1.271723109317423987e-02	1.329828734405827406e-04	-8.991721657521126133e-04	-2.645450038049992122e-04
1.275057027548689298e-02	1.323385819061095262e-04	-8.804877112438181828e-04	-2.481155696567208073e-04
1.278390945779958945e-02	1.101105239371492553e-04	-8.853198977587357042e-04	-2.581020884542725691e-04
1.281724864011228940e-02	1.239627919452584797e-04	-9.117358506888384884e-04	-2.603571088278608544e-04
1.285058782242498587e-02	1.142984189175427133e-04	-8.666354432393559570e-04	-2.410283627720426951e-04
1.288392700473764245e-02	1.046340458863111367e-04	-8.666354432384396978e-04	-2.587463799865354205e-04
1.291726618705038403e-02	1.017347339785766732e-04	-8.521388837092470610e-04	-2.571356511491801181e-04
1.295060536936307877e-02	1.146205646868013846e-04	-8.956285623102817634e-04	-2.593906715227017250e-04
1.298394455167573187e-02	1.184863138970250620e-04	-8.978835826755590969e-04	-2.677664614799047022e-04
1.301728373398842488e-02	1.320164361386773019e-04	-9.033600607275602120e-04	-2.445719662154887081e-04
1.305062291630112829e-02	1.242849377133398701e-04	-8.888635011886923719e-04	-2.674443157117580971e-04
1.308396209861382303e-02	1.004461509068953581e-04	-8.582596532810668260e-04	-2.629342749669913285e-04
1.311730128092647614e-02	1.056004831913445529e-04	-8.991721657465482709e-04	-2.448941119831157635e-04
1.315064046323916915e-02	1.020568797452263475e-04	-9.349303459302298232e-04	-2.358740304900717967e-04
1.318397964555187603e-02	1.091440866328332286e-04	-8.920849588589216438e-04	-2.548806307774147562e-04
1.321731882786456730e-02	1.001240051378982912e-04	-8.956285623002390155e-04	-2.610014003613569857e-04
1.325065801017722041e-02	9.851327630295743929e-05	-8.669575889955899450e-04	-2.674443157127981180e-04
1.328399719248991341e-02	9.335894401746440169e-05	-8.547160498316081802e-04	-2.729207937628531986e-04
1.331733637480262029e-02	1.068890662608122118e-04	-8.830648773700100051e-04	-2.606792545934705891e-04
1.335067555711531156e-02	1.136541273796166267e-04	-8.901520842590147616e-04	-2.584242342207299873e-04
1.338401473942796467e-02	1.075333577940442857e-04	-9.342860543963555763e-04	-2.622899834295899010e-04
1.341735392174065594e-02	1.117212527750915312e-04	-9.172123287253040706e-04	-2.639007122678574510e-04
1.345069310405336456e-02	1.204191884997260552e-04	-8.859641892791038278e-04	-2.477934238926072716e-04
1.348403228636605583e-02	1.136541273826812868e-04	-9.104472676037474220e-04	-2.687328987829160271e-04
1.351737146867870894e-02	1.155870019891620120e-04	-8.721119212903856270e-04	-2.548806307791717600e-04
1.355071065099140194e-02	1.081776493315820111e-04	-8.692126093820582268e-04	-2.709879191549416518e-04
1.358404983330411056e-02	1.239627919485150164e-04	-8.382866156984096180e-04	-2.429612373764397735e-04
1.361738901561680357e-02	1.081776493309960811e-04	-8.389309072275001481e-04	-2.529477561710003842e-04
1.365072819792945320e-02	1.033454628159979899e-04	-8.627696940134774303e-04	-2.668000241770229937e-04
1.368406738024214621e-02	1.068890662598353050e-04	-8.518167379216939417e-04	-2.516591731005560760e-04
1.371740656255485483e-02	1.065669204939001877e-04	-8.547160498398909427e-04	-2.432833831456947314e-04
1.375074574486754783e-02	1.072112120272001597e-04	-8.775883993241571836e-04	-2.552027765467342513e-04
1.378408492718019747e-02	1.046340458873558604e-04	-9.052929353259531143e-04	-2.648671495725606734e-04
1.381742410949288874e-02	1.078555035623893676e-04	-8.711454839733139346e-04	-2.568135053838311341e-04
1.385076329180559909e-02	1.130098358457320800e-04	-8.685683178357336528e-04	-2.651892953391468948e-04
1.388410247411829210e-02	1.004461509050701444e-04	-8.866084808103136478e-04	-2.668000241794948120e-04
1.391744165643094173e-02	1.184863138946765852e-04	-8.717897755061017025e-04	-2.603571088258439673e-04
1.395078083874363301e-02	1.184863138945477007e-04	-8.911185215747379233e-04	-2.690550445491123152e-04
1.398412002105634509e-02	1.120433985413500118e-04	-8.666354432499942572e-04	-2.516591731033542391e-04
1.401745920336903636e-02	1.271842496240078188e-04	-8.724340670694950882e-04	-2.552027765441964593e-04
1.405079838568168600e-02	1.123655443104768848e-04	-8.814541485500079548e-04	-2.558470680784735956e-04
1.408413756799437727e-02	1.046340458853991330e-04	-8.849977519867049990e-04	-2.619678376658667865e-04
1.411747675030708936e-02	1.159091477557458482e-04	-8.531053210148367271e-04	-2.626121292018375008e-04
1.415081593261978063e-02	1.423251007025548868e-04	-8.579375075199635776e-04	-2.584242342207955273e-04
1.418415511493243027e-02	1.226742088762459689e-04	-8.566489244562153563e-04	-2.600349630583464198e-04
1.421749429724511980e-02	1.217077715763606292e-04	-8.969171453967486824e-04	-2.629342749660809782e-04
1.425083347955783362e-02	1.104326697017778684e-04	-8.914406673348943379e-04	-2.581020884528422354e-04
1.428417266187052663e-02	1.043119001205100133e-04	-8.592260905896625511e-04	-2.548806307794984844e-04
1.431751184418317800e-02	1.081776493313190785e-04	-8.605146736578960084e-04	-2.439276746791285754e-04
1.435085102649586580e-02	1.084997950966665311e-04	-8.878970638863336283e-04	-2.655114411084661188e-04
1.438419020880858309e-02	1.091440866348543170e-04	-8.924071046317612723e-04	-2.355518847240065073e-04
1.441752939112127090e-02	1.059226289572133035e-04	-8.701790466795135577e-04	-2.645450038053890371e-04
1.445086857343392227e-02	1.207413342685915812e-04	-9.223666609956594504e-04	-2.413505085386925049e-04
1.448420775574661007e-02	1.188084596633499093e-04	-9.052929353154921897e-04	-2.552027765440020618e-04
1.451754693805932910e-02	1.223520631084885923e-04	-8.991721657355128275e-04	-2.403840712363333005e-04
1.455088612037201516e-02	1.229963546447198405e-04	-8.972392911307288787e-04	-2.610014003612929636e-04
1.458422530268466653e-02	1.155870019867495538e-04	-9.201116406337485646e-04	-2.610014003610318877e-04
1.461756448499735260e-02	1.181641681276355817e-04	-8.878970638920588663e-04	-2.439276746789970074e-04
1.465090366731007336e-02	1.226742088747458396e-04	-9.271988475123997325e-04	-2.510148815647159537e-04
1.468424284962275943e-02	1.075333577960663905e-04	-9.172123287166164670e-04	-2.455384035181119970e-04
1.471758203193541080e-02	1.155870019867487813e-04	-8.682461720650423709e-04	-2.516591731030283280e-04
1.475092121424809687e-02	1.142984189162403154e-04	-8.782326908611671600e-04	-2.452162577517184383e-04
1.478426039656081763e-02	1.175198765923807795e-04	-8.795212739321935222e-04	-2.655114411065785771e-04
1.481759957887350369e-02	1.149427104531233724e-04	-8.846756062170729826e-04	-2.577799426861254219e-04
1.485093876118615507e-02	1.175198765919272307e-04	-8.753333789524464113e-04	-2.481155696580870105e-04
1.488427794349884113e-02	1.120433985436948023e-04	-8.618032567170351779e-04	-2.548806307789774710e-04
1.491761712581156189e-02	1.152648562207517560e-04	-9.023936234194973724e-04	-2.597128172903289973e-04
1.495095630812424796e-02	1.110769612394468499e-04	-9.271988475066150802e-04	-2.452162577489210341e-04
1.498429549043689933e-02	1.188084596631522186e-04	-9.632791734674694918e-04	-2.655114411082707998e-04
1.501763467274958540e-02	1.091440866340721329e-04	-9.252659729037001875e-04	-2.503705900308946159e-04
1.505097385506230789e-02	1.049561916536120371e-04	-9.291317221012140339e-04	-2.693771903186925067e-04
1.508431303737499223e-02	1.149427104535800248e-04	-9.365410747631774642e-04	-2.610014003625949820e-04
1.511765221968764360e-02	9.432538132112825368e-05	-9.136687252812545094e-04	-2.500484442648928879e-04
1.515099140200033834e-02	1.065669204897944496e-04	-9.271988475164588770e-04	-2.481155696585413996e-04
1.518433058431305216e-02	1.043119001209666521e-04	-9.536148004471554787e-04	-2.506927357987804705e-04
1.521766976662574690e-02	1.207413342688535109e-04	-9.104472676080854233e-04	-2.664778784117383028e-04
1.525100894893838786e-02	1.207413342673533004e-04	-8.962728538428753507e-04	-2.494041527284666460e-04
1.528434813125108260e-02	1.155870019889665575e-04	-8.885413554192252627e-04	-2.458605492869733625e-04
1.531768731356379643e-02	1.130098358488594069e-04	-8.527831752416973167e-04	-2.593906715240022797e-04
1.535102649587649117e-02	1.123655443102802105e-04	-8.415080733738987883e-04	-2.629342749670566517e-04
1.538436567818913213e-02	1.171977308229288898e-04	-9.004607488339623489e-04	-2.571356511511971679e-04
1.541770486050182340e-02	9.207036094754167605e-05	-8.676018805528071731e-04	-2.597128172920199732e-04
1.545104404281455283e-02	1.236406461789974918e-04	-8.556824871567743091e-04	-2.471491323555943137e-04
1.548438322512723543e-02	1.091440866336818336e-04	-8.705011924604158556e-04	-2.397397797023142314e-04
1.551772240743988507e-02	1.120433985438261534e-04	-8.775883993517219397e-04	-2.477934238913057953e-04
1.555106158975256767e-02	9.464752708868944388e-05	-8.624475482819477477e-04	-2.487598611928219512e-04
1.558440077206529710e-02	1.246070834809671966e-04	-8.833870231638217899e-04	-2.487598611954240364e-04
1.561773995437797970e-02	1.062447747230802245e-04	-8.730783585956004844e-04	-2.581020884514771165e-04
1.565107913669063280e-02	1.123655443092387530e-04	-8.647025686423633018e-04	-2.668000241783251205e-04
1.568441831900332234e-02	1.184863138965039402e-04	-9.001386030602580692e-04	-2.548806307776114847e-04
1.571775750131602922e-02	1.091440866347234131e-04	-9.020714776627808060e-04	-2.593906715245878573e-04
1.575109668362871876e-02	1.052783374228061171e-04	-8.930513961618191275e-04	-2.513370273326035972e-04
1.578443586594137707e-02	1.246070834805760165e-04	-8.627696940101398223e-04	-2.458605492848916943e-04
1.581777504825406661e-02	1.123655443098238834e-04	-8.759776704831863381e-04	-2.571356511508712567e-04
1.585111423056677349e-02	1.110769612381414434e-04	-8.985278742095302714e-04	-2.632564207347497351e-04
1.588445341287946302e-02	1.139762731489392795e-04	-8.982057284362003667e-04	-2.722765022246045755e-04
1.591779259519212134e-02	1.088219408651413514e-04	-8.998164572773819812e-04	-2.552027765440011402e-04
1.595113177750481087e-02	1.236406461781505131e-04	-8.614811109597366118e-04	-2.587463799878366799e-04
1.598447095981752816e-02	1.188084596638699198e-04	-8.701790466740569850e-04	-2.642228580369159786e-04
1.601781014213020729e-02	1.149427104503875779e-04	-8.598703821157534189e-04	-2.587463799884227996e-04
1.605114932444286560e-02	1.123655443102142504e-04	-8.189578696400192162e-04	-2.626121291998851238e-04
1.608448850675555514e-02	1.113991070089640222e-04	-8.482731344752185865e-04	-2.610014003620752697e-04
1.611782768906827243e-02	1.152648562189920688e-04	-8.218571815498326239e-04	-2.680886072485733507e-04
1.615116687138095156e-02	1.126876900792759899e-04	-8.022062897386040637e-04	-2.384511966306342580e-04
1.618450605369360987e-02	1.020568797463370991e-04	-8.357094495516374701e-04	-2.497262984958984367e-04
1.621784523600629940e-02	1.052783374213706741e-04	-8.144478288989653522e-04	-2.635785665025072201e-04
1.625118441831901669e-02	1.142984189166306282e-04	-8.650247143829224369e-04	-2.651892953407079291e-04
1.628452360063169582e-02	1.113991070081808894e-04	-8.360315953223024059e-04	-2.729207937623979422e-04
1.631786278294435413e-02	1.171977308256041993e-04	-8.186357238797299868e-04	-2.568135053829183443e-04
1.635120196525704367e-02	1.130098358454046916e-04	-8.031727270494652291e-04	-2.529477561710000047e-04
1.638454114756976096e-02	1.117212527752858609e-04	-8.005955609063715624e-04	-2.664778784095920162e-04
1.641788032988244009e-02	1.091440866342025488e-04	-8.601925278739140342e-04	-2.539141934744037024e-04
1.645121951219509840e-02	1.126876900775826288e-04	-8.585817990407608284e-04	-2.526256104042193858e-04
1.648455869450778100e-02	1.104326697044512670e-04	-8.737226501182056423e-04	-2.535920477067105105e-04
1.651789787682050523e-02	1.130098358474257393e-04	-8.917628130949418986e-04	-2.668000241771543990e-04
1.655123705913318435e-02	1.104326697064070593e-04	-8.901520842633423546e-04	-2.552027765449768680e-04
1.658457624144584266e-02	1.126876900774518469e-04	-8.779105451072812287e-04	-2.584242342220977626e-04
1.661791542375853220e-02	1.152648562200360471e-04	-8.801655654769786376e-04	-2.548806307774804047e-04
1.665125460607124949e-02	1.142984189187159420e-04	-8.637361313449951408e-04	-2.545584850101780135e-04
1.668459378838393209e-02	1.165534392892387540e-04	-8.924071046446556887e-04	-2.523034646375020844e-04
1.671793297069659387e-02	1.184863138939602799e-04	-8.605146736652992661e-04	-2.593906715234831095e-04
1.675127215300927647e-02	1.027011712832842459e-04	-8.692126093852722358e-04	-2.516591731015322374e-04
1.678461133532200417e-02	1.175198765915354135e-04	-9.065815183981338265e-04	-2.590685257566365169e-04
1.681795051763467982e-02	1.056004831898458467e-04	-9.020714776572574464e-04	-2.494041527282064375e-04
1.685128969994733814e-02	1.062447747251670291e-04	-8.724340670570379305e-04	-2.503705900314789467e-04
1.688462888226002073e-02	1.123655443111914960e-04	-8.692126093774668475e-04	-2.584242342209903585e-04
1.691796806457274843e-02	1.139762731471148790e-04	-8.682461720775675081e-04	-2.639007122690277931e-04
1.695130724688542409e-02	1.284728326925602755e-04	-8.753333789577556409e-04	-2.632564207354647664e-04
1.698464642919808240e-02	1.097883781671771247e-04	-8.746890874175880341e-04	-2.519813188686386048e-04
1.701798561151076500e-02	1.139762731496546361e-04	-9.088365387627108738e-04	-2.500484442644367099e-04
1.705132479382349270e-02	1.059226289576689395e-04	-8.927292503929617736e-04	-2.564913596163982050e-04
1.708466397613616836e-02	1.133319816164863269e-04	-8.875749181082052616e-04	-2.561692138472090852e-04
1.711800315844882667e-02	1.316942903692910199e-04	-9.439504274202043053e-04	-2.484377154264980525e-04
1.715134234076150926e-02	1.229963546418522341e-04	-8.817762943042161111e-04	-2.503705900327147203e-04
1.718468152307423696e-02	1.133319816145937571e-04	-8.730783585871180119e-04	-2.516591731040053025e-04
1.721802070538691262e-02	1.168755850545210461e-04	-8.766219620150226101e-04	-2.313639897440696340e-04
1.725135988769957093e-02	1.275063953898741029e-04	-8.756555247231925538e-04	-2.619678376633295365e-04
1.728469907001225353e-02	1.255735207858032609e-04	-8.911185215653319273e-04	-2.571356511500253622e-04
1.731803825232498123e-02	1.249292292479418605e-04	-8.666354432391834605e-04	-2.503705900310880918e-04
1.735137743463765689e-02	1.162312935220051962e-04	-8.701790466868311634e-04	-2.587463799899182397e-04
1.738471661695031520e-02	1.020568797470545970e-04	-8.727562128263469630e-04	-2.535920477073623871e-04
1.741805579926299780e-02	1.065669204916848238e-04	-8.988500199858520320e-04	-2.510148815679056223e-04
1.745139498157572550e-02	1.084997950979690239e-04	-9.107694133838882848e-04	-2.552027765445878562e-04
1.748473416388840115e-02	1.262178123202790502e-04	-9.149573083546701279e-04	-2.648671495719752585e-04
1.751807334620105946e-02	1.062447747236012650e-04	-9.281652848334823224e-04	-2.606792545926893130e-04
1.755141252851373512e-02	1.081776493310607538e-04	-9.101251218456543526e-04	-2.584242342204702125e-04
1.758475171082646976e-02	1.123655443117162363e-04	-8.904742300308651640e-04	-2.645450038061042310e-04
1.761809089313914542e-02	1.146205646834767193e-04	-8.592260905782404812e-04	-2.645450038051293707e-04
1.765143007545180373e-02	1.323385819059132585e-04	-9.091586845312851425e-04	-2.423169458423576309e-04
1.768476925776455572e-02	1.197748969690327491e-04	-9.423396985750180817e-04	-2.477934238909799925e-04
1.771810844007722444e-02	1.142984189161748432e-04	-9.023936234065286881e-04	-2.590685257566357580e-04
1.775144762238989316e-02	1.146205646852364201e-04	-8.853198977401248318e-04	-2.600349630604273832e-04
1.778478680470256187e-02	9.078177787748770774e-05	-8.924071046238977708e-04	-2.577799426865168188e-04
1.781812598701523059e-02	1.297614157648963268e-04	-8.824205858310312260e-04	-2.516591731012077357e-04
1.785146516932798258e-02	1.091440866357664156e-04	-9.104472675968631719e-04	-2.571356511500262837e-04
1.788480435164064089e-02	1.168755850583029195e-04	-8.985278742043288115e-04	-2.577799426854106074e-04
1.791814353395331655e-02	1.068890662588556335e-04	-8.940178334509362931e-04	-2.490820069621413921e-04
1.795148271626605119e-02	1.123655443109309758e-04	-8.717897755071112031e-04	-2.555249223124746324e-04
1.798482189857872685e-02	1.065669204917493338e-04	-8.676018805293944777e-04	-2.506927357980635960e-04
1.801816108089138516e-02	1.217077715725158450e-04	-9.059372268600848592e-04	-2.439276746797787443e-04
1.805150026320406081e-02	1.130098358463159499e-04	-8.946621250018807611e-04	-2.635785665013366612e-04
1.808483944551679545e-02	1.210634800371972376e-04	-9.384739493738678212e-04	-2.603571088251936086e-04
1.811817862782947111e-02	9.980185937033699255e-05	-9.326753255620430332e-04	-2.632564207352706943e-04
1.815151781014212942e-02	1.242849377134040820e-04	-8.985278742217285217e-04	-2.506927357977391485e-04
1.818485699245480508e-02	1.275063953883096804e-04	-9.030379149708386583e-04	-2.532699019392778525e-04
1.821819617476753972e-02	1.094662324004611514e-04	-9.201116406387177885e-04	-2.668000241778039987e-04
1.825153535708021538e-02	9.786898476600861191e-05	-9.368632205479850584e-04	-2.497262984961589704e-04
1.828487453939287369e-02	1.217077715713419116e-04	-8.846756062217430751e-04	-2.597128172929309199e-04
1.831821372170554935e-02	1.084997950999247619e-04	-8.769441078088807988e-04	-2.568135053835704919e-04
1.835155290401828398e-02	1.088219408648817934e-04	-8.724340670536015517e-04	-2.445719662144468440e-04
1.838489208633095964e-02	1.168755850588236483e-04	-8.566489244481712267e-04	-2.600349630597131108e-04
1.841823126864361795e-02	1.110769612396412880e-04	-8.924071046372618636e-04	-2.693771903183673545e-04
1.845157045095629361e-02	1.149427104514946297e-04	-8.814541485385325422e-04	-2.494041527295728033e-04
1.848490963326902825e-02	1.033454628139768880e-04	-9.226888067738255473e-04	-2.555249223122783376e-04
1.851824881558170391e-02	1.226742088751388900e-04	-9.059372268673479296e-04	-2.494041527299636581e-04
1.855158799789436222e-02	1.039897543502106163e-04	-9.033600607285404392e-04	-2.526256104053914626e-04
1.858492718020703788e-02	1.130098358448816724e-04	-9.001386030488240731e-04	-2.526256104038936915e-04
1.861826636251977252e-02	1.204191885016807497e-04	-8.779105450898405357e-04	-2.600349630586707588e-04
1.865160554483244817e-02	1.117212527754824267e-04	-8.872527723543919718e-04	-2.423169458432682794e-04
1.868494472714510649e-02	1.146205646851731976e-04	-8.766219620328944903e-04	-2.506927357998863567e-04
1.871828390945778214e-02	1.097883781693928410e-04	-9.011050403594307763e-04	-2.626121292000151196e-04
1.875162309177051678e-02	1.139762731492650416e-04	-9.081922472462593222e-04	-2.677664614818572419e-04
1.878496227408319244e-02	1.171977308252122738e-04	-9.127022879908352170e-04	-2.526256104042849801e-04
1.881830145639585075e-02	1.191306054309760839e-04	-9.178566202683216112e-04	-2.552027765444569930e-04
1.885164063870852641e-02	1.065669204926629503e-04	-8.734005043472693307e-04	-2.555249223128653788e-04
1.888497982102126105e-02	1.094662324035265027e-04	-8.949842707714215960e-04	-2.629342749679033052e-04
1.891831900333393671e-02	1.175198765943384963e-04	-9.127022879743120843e-04	-2.503705900304377873e-04
1.895165818564659502e-02	1.091440866329632244e-04	-8.962728538261085977e-04	-2.574577969185646653e-04
1.898499736795927068e-02	1.194527511991267684e-04	-9.110915591200762420e-04	-2.497262984969402465e-04
