# Time (s)	Generation (V)	PC (V)	PL (V)
1.500263204070890169e-05	1.084997950990781085e-04	2.410231410778109970e-03	-2.606792545930814689e-04
4.834181435339528833e-05	9.400323555389290689e-05	-4.259400176820890061e-04	-2.622899834316728702e-04
8.168099666608183592e-05	1.104326697028219279e-04	-8.972392901586461128e-04	-2.523034646371135606e-04
1.150201789787680921e-04	1.081776493310620412e-04	-9.436282816198780917e-04	-2.642228580393881764e-04
1.483593612914544161e-04	9.335894401707259813e-05	-9.600577158077249970e-04	-2.490820069616199450e-04
1.816985436041414854e-04	1.213856258079522299e-04	-9.420175528310505402e-04	-2.561692138474050548e-04
2.150377259168277959e-04	1.178420223607931633e-04	-9.420175528236536793e-04	-2.761422514376938534e-04
2.483769082295139165e-04	1.165534392906769076e-04	-9.284874305918251920e-04	-2.684107530158766635e-04
2.817160905422001998e-04	1.081776493303428086e-04	-9.352524917075195595e-04	-2.587463799895933043e-04
3.150552728548863747e-04	1.049561916577183851e-04	-9.391182409143726149e-04	-2.455384035166775433e-04
3.483944551675727122e-04	1.033454628173021225e-04	-9.732656922544203042e-04	-2.597128172932564516e-04
3.817336374802589413e-04	1.072112120275930881e-04	-9.745542753268893058e-04	-2.358740304915028893e-04
4.150728197929463088e-04	9.464752708888656539e-05	-9.742321295597722048e-04	-2.619678376639807626e-04
4.484120021056323211e-04	1.010904424409105919e-04	-9.771314414658261414e-04	-2.635785665032226309e-04
4.817511844183182249e-04	9.561396439157183005e-05	-9.665006311340071637e-04	-2.648671495705437321e-04
5.150903667310046709e-04	1.191306054318243095e-04	-9.300981594085221604e-04	-2.548806307763732174e-04
5.484295490436907373e-04	1.097883781677634071e-04	-9.426618443393253643e-04	-2.529477561729521107e-04
5.817687313563794059e-04	1.220299173389712845e-04	-9.069036641638674855e-04	-2.564913596141197541e-04
6.151079136690657976e-04	1.123655443115840721e-04	-9.165680371786637769e-04	-2.597128172917591142e-04
6.484470959817520809e-04	1.075333577948914406e-04	-9.220445152263880397e-04	-2.648671495732110321e-04
6.817862782944378221e-04	1.281506869257148214e-04	-9.098029760683688447e-04	-2.700214818531006689e-04
7.151254606071238886e-04	1.030233170484360814e-04	-9.436282816491621756e-04	-2.690550445489813436e-04
7.484646429198103888e-04	1.068890662610708482e-04	-9.081922472329500900e-04	-2.713100649238065409e-04
7.818038252324961300e-04	1.142984189151994542e-04	-9.333196170921688678e-04	-2.613235461306128381e-04
8.151430075451824133e-04	9.754683899779200795e-05	-9.333196170889357770e-04	-2.616456918957671537e-04
8.484821898578681545e-04	1.123655443085849520e-04	-9.040043522573323800e-04	-2.587463799891389152e-04
8.818213721705542209e-04	9.658040169262874502e-05	-9.236552440626752403e-04	-2.494041527284666460e-04
9.151605544832444074e-04	9.658040169399937985e-05	-9.104472675939692195e-04	-2.587463799882268843e-04
9.484997367959307991e-04	1.239627919448650227e-04	-9.542590919728071363e-04	-2.581020884529081007e-04
9.818389191086165403e-04	1.200970427334014382e-04	-9.710106718813673980e-04	-2.539141934776567426e-04
1.015178101421302607e-03	1.043119001197945076e-04	-9.980709163361627546e-04	-2.761422514382148668e-04
1.048517283733989107e-03	1.159091477526822994e-04	-9.719771091943668270e-04	-2.577799426866480073e-04
1.081856466046675824e-03	1.107548154725347851e-04	-9.255881186809154391e-04	-2.552027765442619993e-04
1.115195648359362541e-03	1.178420223602718111e-04	-9.545812377500820190e-04	-2.622899834315409770e-04
1.148534830672048607e-03	1.027011712816542157e-04	-8.998164572976097243e-04	-2.677664614802307218e-04
1.181874012984734674e-03	1.001240051386816408e-04	-9.462054478182552273e-04	-2.696993360851491117e-04
1.215213195297422692e-03	1.075333577940444077e-04	-9.378296578644852678e-04	-2.658335868754430867e-04
1.248552377610108758e-03	1.184863138950698253e-04	-9.665006311628627708e-04	-2.719543564598405185e-04
1.281891559922794608e-03	1.171977308252774208e-04	-9.458833020496563472e-04	-2.725986479936637536e-04
1.315230742235480241e-03	1.075333577954785768e-04	-9.648899023280293769e-04	-2.870952075347467272e-04
1.348569924548166741e-03	1.052783374194157762e-04	-9.284874306109035724e-04	-3.032024959127289335e-04
1.381909106860852374e-03	1.020568797442495356e-04	-9.739099838165895173e-04	-2.993367467021113655e-04
1.415248289173538223e-03	9.690254746090994032e-05	-9.703663803663973002e-04	-3.196319300616574260e-04
1.448587471486224290e-03	9.045963210973004655e-05	-9.442725732012047235e-04	-3.418599880188333815e-04
1.481926653798910139e-03	7.886238447423343388e-05	-9.452390104925686813e-04	-3.963026227380255493e-04
1.515265836111600543e-03	6.501011646280340666e-05	-9.900172721755908130e-04	-4.729733154119877196e-04
1.548605018424287260e-03	5.244643152683722522e-05	-1.004835977478433845e-03	-5.902343747881970328e-04
1.581944200736973543e-03	3.376197700432046779e-05	-1.053157842592457273e-03	-7.426093228136783266e-04
1.615283383049659826e-03	3.158129076202716485e-06	-1.048003510311521815e-03	-9.036822065455450432e-04
1.648622565362346326e-03	-2.809001038156596185e-05	-1.073130880167555206e-03	-1.101479707746135829e-03
1.681961747675032610e-03	-6.996896017566080054e-05	-1.129828535239998412e-03	-1.352431260534868278e-03
1.715300929987719110e-03	-1.221565745271220311e-04	-1.184271169924672401e-03	-1.608214999799590728e-03
1.748640112300405176e-03	-1.579147547297216102e-04	-1.218418621274293488e-03	-1.922629268659048485e-03
1.781979294613091677e-03	-1.917400603283799367e-04	-1.272539110199545935e-03	-2.271190988777693157e-03
1.815318476925777960e-03	-2.361961762559420652e-04	-1.304109395397669378e-03	-2.615886959618425947e-03
1.848657659238465327e-03	-3.022360586082203796e-04	-1.415571830896731427e-03	-3.002784025863185387e-03
1.881996841551151394e-03	-3.631216086788538965e-04	-1.445853533032706497e-03	-3.396768298886802557e-03
1.915336023863837894e-03	-4.336715317710836039e-04	-1.487410337008876525e-03	-3.816524233168770274e-03
1.948675206176523960e-03	-4.990671225794567414e-04	-1.566980341543475512e-03	-4.260118954083953573e-03
1.982014388489209810e-03	-5.779928356228460290e-04	-1.625288725431755805e-03	-4.719820963208718953e-03
2.015353570801895877e-03	-6.443548637287721840e-04	-1.690684316188970646e-03	-5.186288033302320806e-03
2.048692753114581943e-03	-7.055625595501301530e-04	-1.749314845836134284e-03	-5.667895954284929774e-03
2.082031935427268009e-03	-8.002734151915917192e-04	-1.899434773384939181e-03	-6.212000153810738091e-03
2.115371117739955377e-03	-8.840313147302912740e-04	-2.001877127364273638e-03	-6.742896376735846471e-03
2.148710300052642744e-03	-1.020298974352869216e-03	-2.106574501705427583e-03	-7.384610743031308142e-03
2.182049482365330546e-03	-1.271250527154503237e-03	-2.306949168871905154e-03	-9.017245484968331240e-03
2.215388664678016612e-03	-1.614657915141440954e-03	-2.589148860889103378e-03	-1.096332805527607153e-02
2.248727846990702679e-03	-2.128480413905956253e-03	-3.045307267043352844e-03	-1.391128395227520832e-02
2.282067029303388745e-03	-3.006971920783106222e-03	-3.683800177130612790e-03	-1.940741283692273833e-02
2.315406211616074812e-03	-4.436332688433533566e-03	-4.818075421919548566e-03	-2.821616658123751037e-02
2.348745393928761745e-03	-6.267409225498272660e-03	-6.421072756012005493e-03	-3.947258376915298295e-02
2.382084576241447812e-03	-8.736978668642649340e-03	-8.555932748169649965e-03	-5.430481880685945895e-02
2.415423758554133878e-03	-1.150711010725821021e-02	-1.118013215533305953e-02	-7.076678911541162131e-02
2.448762940866820812e-03	-1.437452956225240483e-02	-1.402790071922369736e-02	-8.747971084602200464e-02
2.482102123179506879e-03	-1.727577431766354893e-02	-1.693075620405158632e-02	-1.043350208856789474e-01
2.515441305492192945e-03	-2.011548922731046241e-02	-1.976145103287944155e-02	-1.210434323622821551e-01
2.548780487804879012e-03	-2.280025202018895122e-02	-2.255155549091824793e-02	-1.371333239149449268e-01
2.582119670117565078e-03	-2.546246460557499702e-02	-2.525403629702741709e-02	-1.527638355620760391e-01
2.615458852430251144e-03	-2.805251653621634172e-02	-2.786083980760843681e-02	-1.678599073600237079e-01
2.648798034742938078e-03	-3.064933352414865586e-02	-3.049405926688476473e-02	-1.832591182591151446e-01
2.682137217055624145e-03	-3.313017803425770402e-02	-3.301001766520404723e-02	-1.980182255282179060e-01
2.715476399368310211e-03	-3.562680768332716214e-02	-3.555883492772458909e-02	-2.130237742651765742e-01
2.748815581680996711e-03	-3.812472591208889566e-02	-3.803839084824036515e-02	-2.278434448907787901e-01
2.782154763993682778e-03	-4.056530219226108652e-02	-4.048508789794993262e-02	-2.421009711856125513e-01
2.815493946306369278e-03	-4.295272441895256477e-02	-4.288732882968464277e-02	-2.568323738676600021e-01
2.848833128619055344e-03	-4.539684429633700224e-02	-4.535013316118543386e-02	-2.711462756736106039e-01
2.882172310931741411e-03	-4.782582331999778169e-02	-4.781261534384797368e-02	-2.854872377365005875e-01
2.915511493244428345e-03	-5.024707084248772326e-02	-5.024868157124325746e-02	-2.997315560981971827e-01
2.948850675557114411e-03	-5.267379483993427786e-02	-5.261903006102900543e-02	-3.137803320217809055e-01
2.982189857869800478e-03	-5.512500191206989170e-02	-5.512113616295687829e-02	-3.284930503633327059e-01
3.015529040182486544e-03	-5.758619549977297275e-02	-5.759747060125976897e-02	-3.432395940556197123e-01
3.048868222495171743e-03	-6.003224823398655569e-02	-6.006027491482779368e-02	-3.573853359827893206e-01
3.082207404807858677e-03	-6.245220715909824416e-02	-6.243255626792963003e-02	-3.720668063502191036e-01
3.115546587120545177e-03	-6.482481065528213071e-02	-6.480064972353656583e-02	-3.866403579623567399e-01
3.148885769433231244e-03	-6.726442046611035008e-02	-6.728600423173282385e-02	-4.012429027700534778e-01
3.182224951745917310e-03	-6.971820468748358979e-02	-6.975621788660263389e-02	-4.157239987152689942e-01
3.215564134058603377e-03	-7.220420348166911584e-02	-7.222159935240879403e-02	-4.308567956199905735e-01
3.248903316371289443e-03	-7.466765207028878970e-02	-7.469600089668033960e-02	-4.453523883216395363e-01
3.282242498683975510e-03	-7.715139583878873053e-02	-7.714656365244632052e-02	-4.604168905495577557e-01
3.315581680996661576e-03	-7.960582434102991822e-02	-7.962193162870731533e-02	-4.755029766693149029e-01
3.348920863309347642e-03	-8.207474939964656824e-02	-8.212435984570441716e-02	-4.900971463374791948e-01
3.382260045622033709e-03	-8.445605081075563403e-02	-8.448794324032289638e-02	-5.047170878020450502e-01
3.415599227934719775e-03	-8.688631837402954750e-02	-8.697426416463242826e-02	-5.194446260988270225e-01
3.448938410247408010e-03	-8.933559253434079916e-02	-8.940388743393169746e-02	-5.336312817889952154e-01
3.482277592560094077e-03	-9.175555142878348558e-02	-9.185992665258796430e-02	-5.481249425583105683e-01
3.515616774872780143e-03	-9.417067813463811388e-02	-9.426184538250953482e-02	-5.624523762686144401e-01
3.548955957185466210e-03	-9.660610002061799373e-02	-9.666601913045866357e-02	-5.771477006368814777e-01
3.582295139498152276e-03	-9.908404514359059334e-02	-9.917553453702854238e-02	-5.913842895815790701e-01
3.615634321810838343e-03	-1.015439501021859620e-01	-1.016422045563367682e-01	-6.056737106189727937e-01
3.648973504123524409e-03	-1.039755062324806134e-01	-1.040367139251735101e-01	-6.201006881027046891e-01
3.682312686436210476e-03	-1.063545526032491639e-01	-1.064776122800462355e-01	-6.348285499719267255e-01
3.715651868748896976e-03	-1.087693571503265816e-01	-1.089114234263019176e-01	-6.487935707793084372e-01
3.748991051061583042e-03	-1.111355176870882921e-01	-1.112930469589569482e-01	-6.626841761061612601e-01
3.782330233374269109e-03	-1.135258391531894367e-01	-1.136827241334290445e-01	-6.769568465852303651e-01
3.815669415686955175e-03	-1.158997311841298145e-01	-1.160395424395133657e-01	-6.915706697202063102e-01
3.849008597999641242e-03	-1.182939183954334755e-01	-1.184115015939908311e-01	-7.058868303519642007e-01
3.882347780312327308e-03	-1.206507366979742146e-01	-1.208317826090438279e-01	-7.202751518978820489e-01
3.915686962625015109e-03	-1.230520111121270327e-01	-1.231898894926898441e-01	-7.346760373850405035e-01
3.949026144937704645e-03	-1.253189507472322606e-01	-1.254735807066257314e-01	-7.492083586387614513e-01
3.982365327250390712e-03	-1.276126284779060815e-01	-1.278181574654614350e-01	-7.630905898300146539e-01
4.015704509563076778e-03	-1.298457428063069519e-01	-1.300586811459499836e-01	-7.767576278471191031e-01
4.049043691875768049e-03	-1.321310447444465352e-01	-1.323240100475603642e-01	-7.898963469002880933e-01
4.082382874188454115e-03	-1.343238908514281238e-01	-1.345822517412643693e-01	-8.036326467863728062e-01
4.115722056501140182e-03	-1.365173812485482308e-01	-1.367589905593382116e-01	-8.167861850524638090e-01
4.149061238813826248e-03	-1.386532075555287069e-01	-1.389698768253634364e-01	-8.293482637242149957e-01
4.182400421126509713e-03	-1.407590743067672623e-01	-1.411288976247381255e-01	-8.415846531412585207e-01
4.215739603439195779e-03	-1.428781490324535774e-01	-1.432473280587337194e-01	-8.539289616614972322e-01
4.249078785751881845e-03	-1.449050900733319103e-01	-1.452739469536677985e-01	-8.660809493215809729e-01
4.282417968064567912e-03	-1.469300982386741727e-01	-1.472999215560564790e-01	-8.781859039145942791e-01
4.315757150377253978e-03	-1.489583278604723338e-01	-1.493291176149074972e-01	-8.899989945422929205e-01
4.349096332689940045e-03	-1.509334034330811480e-01	-1.513782867090466555e-01	-9.018153068642963399e-01
4.382435515002626111e-03	-1.529075125675291025e-01	-1.533569058837219445e-01	-9.138558329892991772e-01
4.415774697315314780e-03	-1.548033402847059370e-01	-1.553045990658588060e-01	-9.248071839542917338e-01
4.449113879628000846e-03	-1.566450475157185607e-01	-1.571827087659620481e-01	-9.352717726119947894e-01
4.482453061940686913e-03	-1.584716138959123277e-01	-1.590405232832861060e-01	-9.460494873280187456e-01
4.515792244253372979e-03	-1.602566234741501505e-01	-1.609025256945660898e-01	-9.568948529052567764e-01
4.549131426566056444e-03	-1.619991098132601559e-01	-1.626533878228266783e-01	-9.682817460529039577e-01
4.582470608878747714e-03	-1.637077708484405147e-01	-1.643720353758947594e-01	-9.784986052911973653e-01
4.615809791191433781e-03	-1.652895064592831975e-01	-1.659666568163387923e-01	-9.884893182535570144e-01
4.649148973504117245e-03	-1.668644770089538487e-01	-1.675722312116165180e-01	-9.979736179300833232e-01
4.682488155816803312e-03	-1.684233402708724403e-01	-1.691552554042113909e-01	-1.007090027063615834e+00
4.715827338129489378e-03	-1.699284051928672545e-01	-1.706954342122222468e-01	-1.016158436607652815e+00
4.749166520442175445e-03	-1.713877254186180199e-01	-1.721808482431184395e-01	-1.024247844638747296e+00
4.782505702754861511e-03	-1.728003345109346833e-01	-1.735779943394656077e-01	-1.033074967146113465e+00
4.815844885067547577e-03	-1.741623667209226400e-01	-1.749964020546273535e-01	-1.041850868591058576e+00
4.849184067380233644e-03	-1.754699562996904771e-01	-1.763516692034422795e-01	-1.049509567823069700e+00
4.882523249692919710e-03	-1.767846330845436187e-01	-1.776257556242494540e-01	-1.056547491796714811e+00
4.915862432005605777e-03	-1.780145855382239128e-01	-1.789223922469163341e-01	-1.063608610400522902e+00
4.949201614318291843e-03	-1.791991154416434917e-01	-1.801162643767524607e-01	-1.070520253341948891e+00
4.982540796630977910e-03	-1.803205047788769000e-01	-1.813140022552890418e-01	-1.077111038940900434e+00
5.015879978943663976e-03	-1.814280418488885549e-01	-1.824324922804350380e-01	-1.083088136434791515e+00
5.049219161256350043e-03	-1.824070427666302785e-01	-1.834849424277635033e-01	-1.088975033119844449e+00
5.082558343569036977e-03	-1.833576948587037625e-01	-1.844797284866653841e-01	-1.094546548901339511e+00
5.115897525881722176e-03	-1.842381191783515337e-01	-1.854113739795196780e-01	-1.099830066179568355e+00
5.149236708194409110e-03	-1.850792417170561144e-01	-1.862669930765727122e-01	-1.104678364216115760e+00
5.182575890507094309e-03	-1.858962033248302836e-01	-1.871148806756587346e-01	-1.108873672245632269e+00
5.215915072819802059e-03	-1.866252191442991371e-01	-1.879112249555514591e-01	-1.112821894294784952e+00
5.249254255132470778e-03	-1.872878729403654186e-01	-1.885957846621003631e-01	-1.116629016405856989e+00
5.282593437445174192e-03	-1.878848090045322772e-01	-1.892284789037658732e-01	-1.120577238519459673e+00
5.315932619757862861e-03	-1.884533962431568233e-01	-1.897774152518847124e-01	-1.124162079910840051e+00
5.349271802070550662e-03	-1.889259840499555032e-01	-1.903083114382949637e-01	-1.126824617140869789e+00
5.382610984383234126e-03	-1.893309212504397099e-01	-1.907213022823075754e-01	-1.129231048262954618e+00
5.415950166695924529e-03	-1.896843151318312604e-01	-1.911181858390883781e-01	-1.131261857077163091e+00
5.449289349008606259e-03	-1.899674812409730962e-01	-1.914503181012785493e-01	-1.132674789737133647e+00
5.482628531321296662e-03	-1.901929832618978744e-01	-1.916867730774589884e-01	-1.133860287276743373e+00
5.515967713633976657e-03	-1.903240965797751705e-01	-1.918658861111808278e-01	-1.134133145002216292e+00
5.549306895946668795e-03	-1.904094652019806266e-01	-1.919873350567024295e-01	-1.133745925426602907e+00
5.582646078259348790e-03	-1.904539213146757559e-01	-1.920192274853701753e-01	-1.134222701615351658e+00
5.615985260572042663e-03	-1.904381361732107036e-01	-1.920588514118945767e-01	-1.134112527655418257e+00
5.649324442884723525e-03	-1.903534118424941857e-01	-1.920211603598355743e-01	-1.133755267662926780e+00
5.682663625197414796e-03	-1.902416272692680488e-01	-1.919212951791672006e-01	-1.133322947635629907e+00
5.716002807510094791e-03	-1.900470512397882672e-01	-1.917389606880064434e-01	-1.131823679820405548e+00
5.749341989822786929e-03	-1.897838581667906921e-01	-1.915485725532418693e-01	-1.129957809791656498e+00
5.782681172135466924e-03	-1.894562359449425137e-01	-1.912712050675557385e-01	-1.127988208734274522e+00
5.816020354448159062e-03	-1.890287485423711167e-01	-1.908826973001317984e-01	-1.125677132851125029e+00
5.849359536760837322e-03	-1.885522949866497155e-01	-1.904252503434389343e-01	-1.123101897207332112e+00
5.882698719073532062e-03	-1.880110901362978815e-01	-1.899552397026910422e-01	-1.120041509618126874e+00
5.916037901386209455e-03	-1.874634423710160591e-01	-1.893982497109818197e-01	-1.116632560008260278e+00
5.949377083698906797e-03	-1.868471775621535491e-01	-1.888113001650104650e-01	-1.112573519683649481e+00
5.982716266011584190e-03	-1.861961210128428301e-01	-1.881602436158836267e-01	-1.108438452930926132e+00
6.016055448324278930e-03	-1.854394006593094446e-01	-1.874611873507987525e-01	-1.104435466096022944e+00
6.049394630636955456e-03	-1.846507878769906297e-01	-1.866957690623097799e-01	-1.099672858912428719e+00
6.082733812949651063e-03	-1.837349275255087677e-01	-1.858179219089498291e-01	-1.094447972208364206e+00
6.116072995262327588e-03	-1.828045706153965111e-01	-1.849223567395298362e-01	-1.088854228353778320e+00
6.149412177575023196e-03	-1.817962544349607246e-01	-1.839555973604606598e-01	-1.082434502133224008e+00
6.182751359887697987e-03	-1.807273748543713476e-01	-1.829273081440472848e-01	-1.075737730411573168e+00
6.216090542200395329e-03	-1.796227370959393443e-01	-1.818036637870743544e-01	-1.068984905377870165e+00
6.249429724513070120e-03	-1.784504487309075682e-01	-1.806661671628796428e-01	-1.062208563782149007e+00
6.282768906825767462e-03	-1.772150197996596455e-01	-1.794642413895395916e-01	-1.055429000822658780e+00
6.316108089138442253e-03	-1.759547856457923110e-01	-1.781801684510418704e-01	-1.048042192730298083e+00
6.349447271451139595e-03	-1.746143372011503547e-01	-1.768922297633308549e-01	-1.040207279655514405e+00
6.382786453763814385e-03	-1.732130032103783301e-01	-1.755559692135940375e-01	-1.032150085968671194e+00
6.416125636076511728e-03	-1.717675352521675358e-01	-1.740953604059763959e-01	-1.023163823359406921e+00
6.449464818389189988e-03	-1.702917855935179858e-01	-1.726376509096897161e-01	-1.013745240997278252e+00
6.482804000701888197e-03	-1.687545060971034905e-01	-1.711428946523081973e-01	-1.004032861675556498e+00
6.516143183014561253e-03	-1.672072400821195681e-01	-1.696149573827502588e-01	-9.944245356874493735e-01
6.549482365327260330e-03	-1.656032764154579950e-01	-1.680335439190173141e-01	-9.850665172938445346e-01
6.582821547639933386e-03	-1.639996348940156723e-01	-1.663786812248274904e-01	-9.752906757557887607e-01
6.616160729952632463e-03	-1.623080475834638436e-01	-1.647872812419811650e-01	-9.655541362020734208e-01
6.649499912265305519e-03	-1.605352795443564518e-01	-1.630840966848486340e-01	-9.553218142050087236e-01
6.682839094578004596e-03	-1.587238540150591182e-01	-1.612391679989706728e-01	-9.447264339164562763e-01
6.716178276890677652e-03	-1.568148183239712057e-01	-1.593968164783398922e-01	-9.338002099469329131e-01
6.749517459203376729e-03	-1.549721446557981164e-01	-1.575425455643616468e-01	-9.225811555363923055e-01
6.782856641516048918e-03	-1.530585989226396493e-01	-1.556689459048627711e-01	-9.105883068280147263e-01
6.816195823828748862e-03	-1.511083285735181914e-01	-1.537045011440915099e-01	-8.984501705575937969e-01
6.849535006141421051e-03	-1.490829982645064111e-01	-1.517017210385934178e-01	-8.863854838026616889e-01
6.882874188454121862e-03	-1.470676544726492452e-01	-1.496525519446228747e-01	-8.739983292350492761e-01
6.916213370766793184e-03	-1.449843379271587296e-01	-1.476194901369669021e-01	-8.619114148970378197e-01
6.949552553079493995e-03	-1.428771825952612762e-01	-1.454981603936199852e-01	-8.493596442662214585e-01
6.982891735392165317e-03	-1.406991551977885280e-01	-1.434141995557964844e-01	-8.369190142120426223e-01
7.016230917704866128e-03	-1.384821481636034912e-01	-1.411862395677953019e-01	-8.241352990294851244e-01
7.049570100017535715e-03	-1.362342151362986031e-01	-1.389515145177786792e-01	-8.109105663861657654e-01
7.082909282330238261e-03	-1.340091544557075465e-01	-1.367048700737556743e-01	-7.976162504892820859e-01
7.116248464642907848e-03	-1.317283625592741148e-01	-1.344221453045688630e-01	-7.838670648816544739e-01
7.149587646955610394e-03	-1.294359734143973317e-01	-1.321387762424188206e-01	-7.702286977132282164e-01
7.182926829268279981e-03	-1.271104032558560137e-01	-1.298499307010492487e-01	-7.562475676115628653e-01
7.216266011580984262e-03	-1.247841888042148795e-01	-1.275059982351315901e-01	-7.420054996330749386e-01
7.249605193893653848e-03	-1.224895446343020194e-01	-1.251575557270869499e-01	-7.278922902525196692e-01
7.282944376206356395e-03	-1.201117868594251403e-01	-1.228445492497488994e-01	-7.132868422820962673e-01
7.316283558519025981e-03	-1.176956937385498503e-01	-1.204445634184340697e-01	-6.992142237691686413e-01
7.349622740831728528e-03	-1.152618825995430779e-01	-1.180113965730956588e-01	-6.850111364310723649e-01
7.382961923144396379e-03	-1.128090648593201850e-01	-1.155788740173432499e-01	-6.706682380360589057e-01
7.416301105457100661e-03	-1.104068239998770851e-01	-1.131466736053765437e-01	-6.565369896680945949e-01
7.449640287769768512e-03	-1.079649592111149164e-01	-1.107234932724361909e-01	-6.421754072589809237e-01
7.482979470082472793e-03	-1.055363023960610713e-01	-1.082568232611541836e-01	-6.276740137831609001e-01
7.516318652395140645e-03	-1.031150549311973252e-01	-1.058001397660183474e-01	-6.129735344108776518e-01
7.549657834707844926e-03	-1.006928410269266327e-01	-1.033743822608658991e-01	-5.983120348837417390e-01
7.582997017020511911e-03	-9.824839906363337649e-02	-1.009637656038822051e-01	-5.837623201434528619e-01
7.616336199333217059e-03	-9.578011831244850893e-02	-9.851706862057470204e-02	-5.691855453424112810e-01
7.649675381645884044e-03	-9.333116630408876124e-02	-9.605909653368999157e-02	-5.546793206456347436e-01
7.683014563958589192e-03	-9.091217384839404836e-02	-9.354829254115169801e-02	-5.401128548569084087e-01
7.716353746271256177e-03	-8.843100726008136514e-02	-9.111093777776427260e-02	-5.254913023017122597e-01
7.749692928583962193e-03	-8.601877986050629477e-02	-8.866875082574927902e-02	-5.110652923857609276e-01
7.783032110896668208e-03	-8.359688808597967591e-02	-8.623558395243041685e-02	-4.965136457624116373e-01
7.816371293209334326e-03	-8.124522408336799784e-02	-8.378953124659568874e-02	-4.817178127861595494e-01
7.849710475522003045e-03	-7.880400355876325535e-02	-8.142916930882040938e-02	-4.673243400028998518e-01
7.883049657834708193e-03	-7.640756129151511644e-02	-7.902628412915886635e-02	-4.531045039042702061e-01
7.916388840147409872e-03	-7.402110554019719624e-02	-7.663757336024951128e-02	-4.391017941553518322e-01
7.949728022460080326e-03	-7.168619310724103078e-02	-7.427012420871682841e-02	-4.250994066512280289e-01
7.983067204772782005e-03	-6.935901216999627861e-02	-7.196001699917350947e-02	-4.111263345017952542e-01
8.016406387085452459e-03	-6.708627386307024210e-02	-6.962542670982879711e-02	-3.976297160051764368e-01
8.049745569398154138e-03	-6.481128053351477292e-02	-6.733786969839349046e-02	-3.840525611429685404e-01
8.083084751710824592e-03	-6.260329351894418359e-02	-6.506062134878698444e-02	-3.708468403967040139e-01
8.116423934023526271e-03	-6.045490346710154228e-02	-6.287035235110276232e-02	-3.576320996265724972e-01
8.149763116336196725e-03	-5.824691644800705781e-02	-6.073227096376355993e-02	-3.446731426305887358e-01
8.183102298648898404e-03	-5.608274124962190493e-02	-5.855553208340361082e-02	-3.319802780648888341e-01
8.216441480961568858e-03	-5.397977374297734110e-02	-5.639522263443368794e-02	-3.195963513054514982e-01
8.249780663274270537e-03	-5.187970554599788398e-02	-5.429483229414871354e-02	-3.073142226313945180e-01
8.283119845586940991e-03	-4.986017378648572446e-02	-5.220249559568822945e-02	-2.953030185526760443e-01
8.316459027899642670e-03	-4.783967558764835176e-02	-5.016943371463570417e-02	-2.833984447343709245e-01
8.349798210212313124e-03	-4.585493556604313542e-02	-4.813862685183797202e-02	-2.718147280908491670e-01
8.383137392525014803e-03	-4.389403432861725685e-02	-4.618126922005146018e-02	-2.604210774454979171e-01
8.416476574837685257e-03	-4.203911904423238838e-02	-4.426868984689093928e-02	-2.491865668026905789e-01
8.449815757150386936e-03	-4.025475367951773797e-02	-4.239670083759450314e-02	-2.380963774544925249e-01
8.483154939463059124e-03	-3.840918061864281863e-02	-4.059912749704647217e-02	-2.271898111780910057e-01
8.516494121775762538e-03	-3.659968788118475591e-02	-3.877288318214781870e-02	-2.166823834725265796e-01
8.549833304088432992e-03	-3.483078550788099720e-02	-3.696403473655789085e-02	-2.063566459587055091e-01
8.583172486401134671e-03	-3.312309082756000056e-02	-3.527727953265859945e-02	-1.962251623181572036e-01
8.616511668713805125e-03	-3.147982529799173840e-02	-3.360115513734960452e-02	-1.862740802818421415e-01
8.649850851026506804e-03	-2.989937819052334786e-02	-3.195853389973229985e-02	-1.767421098449877548e-01
8.683190033339177258e-03	-2.839592391885265368e-02	-3.041126780613962258e-02	-1.677709951352622519e-01
8.716529215651878937e-03	-2.692178491031084822e-02	-2.889879345354675472e-02	-1.592628038466744334e-01
8.749868397964549391e-03	-2.549725634803053781e-02	-2.746073477083026473e-02	-1.511849992596545067e-01
8.783207580277251070e-03	-2.414005624907119771e-02	-2.607744086657555471e-02	-1.432457173284527041e-01
8.816546762589921524e-03	-2.282215793218779834e-02	-2.473151586976984548e-02	-1.354874812912728876e-01
8.849885944902623203e-03	-2.156224585174413774e-02	-2.344808714997777960e-02	-1.281274173826008611e-01
8.883225127215293657e-03	-2.040026608254836768e-02	-2.219397369372749090e-02	-1.209616073445538287e-01
8.916564309527995336e-03	-1.925761505840492202e-02	-2.103650396566191308e-02	-1.140670440117734358e-01
8.949903491840665790e-03	-1.812237338609631876e-02	-1.992026889455979222e-02	-1.073232448744084050e-01
8.983242674153367469e-03	-1.704511795060078411e-02	-1.882400686012113133e-02	-1.009782621614462028e-01
9.016581856466037923e-03	-1.604646608097062485e-02	-1.768651016716961399e-02	-9.516127632149636029e-02
9.049921038778739601e-03	-1.506585437356663254e-02	-1.671524068787457948e-02	-8.938488083318793520e-02
9.083260221091410055e-03	-1.366355385927717388e-02	-1.558160974265380104e-02	-8.088570941886334686e-02
9.116599403404122143e-03	-1.088762380019638216e-02	-1.349603806134164023e-02	-6.394760775010280285e-02
9.149938585716785658e-03	-6.199436468234030551e-03	-9.732731230325497931e-03	-3.601048326385126314e-02
9.183277768029494276e-03	-2.377821237608041330e-03	-5.393427760829626848e-03	-1.425759064716431573e-02
9.216616950342157791e-03	-1.126284931823255024e-03	-3.061092409586213970e-03	-7.902298988890783804e-03
9.249956132654866409e-03	-7.619380688597454697e-04	-2.175835841619661645e-03	-5.841210376599939927e-03
9.283295314967529924e-03	-5.425568011937303113e-04	-1.798603148192882192e-03	-4.537808604991980937e-03
9.316634497280238542e-03	-3.876046870118275787e-04	-1.614657915089556242e-03	-3.573948470691203430e-03
9.349973679592902057e-03	-3.041689332143092199e-04	-1.444242804179573288e-03	-2.842355433872533789e-03
9.383312861905610675e-03	-2.117130979199740063e-04	-1.347276928200329647e-03	-2.284398965229162207e-03
9.416652044218274190e-03	-1.534047139837208841e-04	-1.272216964403357579e-03	-1.865287322088154303e-03
9.449991226530982807e-03	-1.025056827048502077e-04	-1.215197163578084563e-03	-1.537342930989878858e-03
9.483330408843646323e-03	-5.064021411704203862e-05	-1.213908580511322043e-03	-1.291223564738158344e-03
9.516669591156354940e-03	-3.904296648265409721e-05	-1.153023030480399220e-03	-1.110821934999208166e-03
9.550008773469018455e-03	-2.486855270763625036e-05	-1.094070355045655791e-03	-9.797086076611298891e-04
9.583347955781727073e-03	5.735295216244764962e-06	-1.064755090207296622e-03	-8.618032567758384006e-04
9.616687138094390588e-03	3.440626853931411951e-05	-1.023842577750328333e-03	-7.625823603981808467e-04
9.650026320407099206e-03	3.537270584167401510e-05	-1.038983428822561712e-03	-7.078175799274180613e-04
9.683365502719762721e-03	4.986926538523239164e-05	-1.009023872454072263e-03	-6.324354703331291992e-04
9.716704685032471339e-03	4.664780770856752606e-05	-1.008701726683977834e-03	-5.960329986039918440e-04
9.750043867345134854e-03	6.307724185919074853e-05	-9.616684446297506022e-04	-5.599526726423506269e-04
9.783383049657843472e-03	4.632566194067845280e-05	-9.455611562632656010e-04	-5.367581773822897645e-04
9.816722231970506987e-03	6.629869953409535767e-05	-9.462054478120824307e-04	-5.190401601674065907e-04
9.850061414283215605e-03	4.890282808124184243e-05	-9.661784853873089506e-04	-4.945570818365759968e-04
9.883400596595879120e-03	5.180213999197321698e-05	-9.797086076160316324e-04	-4.852148545779874558e-04
9.916739778908587738e-03	6.501011646606235576e-05	-9.539369462156780310e-04	-4.674968373638834439e-04
9.950078961221251253e-03	6.017792995165245780e-05	-9.835743568265980803e-04	-4.536445693599427194e-04
9.983418143533959871e-03	6.790942837308081221e-05	-9.861515229716414678e-04	-4.616982135479585827e-04
1.001675732584662339e-02	7.660736409921276848e-05	-9.858293772038225627e-04	-4.426916132627612592e-04
1.005009650815933200e-02	9.174821518141321837e-05	-9.829300653014599008e-04	-4.194971180015307053e-04
1.008343569047199552e-02	8.143955061362369643e-05	-9.713328176834412370e-04	-4.310943656327953380e-04
1.011677487278470414e-02	8.433886252565717069e-05	-9.652120480937212942e-04	-4.165978060923656505e-04
1.015011405509736939e-02	7.531878102974799629e-05	-9.571584039100490158e-04	-4.285171994921686649e-04
1.018345323741007627e-02	8.723817443117526751e-05	-9.433061359078648072e-04	-4.066112872981962742e-04
1.021679241972273978e-02	9.529181862394561482e-05	-9.378296578514032844e-04	-4.124099111134705599e-04
1.025013160203545014e-02	8.788246596825516138e-05	-9.574805496696993249e-04	-3.876046870144939571e-04
1.028347078434811365e-02	7.854023870693369904e-05	-9.307424509719087156e-04	-3.740745647781162659e-04
1.031680996666082747e-02	9.496967285618768259e-05	-9.426618443624867416e-04	-3.769738766850699819e-04
1.035014914897348579e-02	7.950667600799104769e-05	-9.636013192361316893e-04	-3.698866697968138670e-04
1.038348833128620134e-02	8.884890327341794997e-05	-9.745542753383687300e-04	-3.595780052353429127e-04
1.041682751359887006e-02	8.917104904124196433e-05	-9.449168647248498481e-04	-3.470143203014562378e-04
1.045016669591158041e-02	8.917104903909055485e-05	-8.982057284428141084e-04	-3.463700287661356653e-04
1.048350587822423699e-02	8.723817443378383083e-05	-9.342860543896557490e-04	-3.338063438334207419e-04
1.051684506053694734e-02	8.530529982710737999e-05	-9.619905903870930785e-04	-3.212426588976463626e-04
1.055018424284961606e-02	1.117212527754166969e-04	-9.242995356020973496e-04	-3.318734692273950021e-04
1.058352342516232468e-02	1.059226289574734036e-04	-9.462054477964547405e-04	-3.431485710914892453e-04
1.061686260747498126e-02	9.078177787729496369e-05	-9.226888067670170829e-04	-3.331620522966035908e-04
1.065020178978768987e-02	9.142606941202620460e-05	-9.555476750315768097e-04	-3.289741573188783002e-04
1.068354097210036033e-02	9.110392364446359139e-05	-9.484604681491019861e-04	-3.122225774057079566e-04
1.071688015441306895e-02	1.027011712786569253e-04	-9.851850856455381545e-04	-3.270412827141565303e-04
1.075021933672572552e-02	8.305027945208725670e-05	-1.005802414759931996e-03	-3.157661808492830168e-04
1.078355851903843414e-02	1.036676085831046419e-04	-9.768092956817381323e-04	-3.022360586102362909e-04
1.081689770135110633e-02	1.049561916532227272e-04	-9.871179602379308651e-04	-3.080346824281796655e-04
1.085023688366381321e-02	1.126876900766691207e-04	-9.800307533544955468e-04	-3.090011197299557047e-04
1.088357606597646979e-02	1.223520631082264322e-04	-9.722992549458534190e-04	-3.083568281944402468e-04
1.091691524828917667e-02	9.271465248260130825e-05	-9.967823332655803732e-04	-3.051353705190779282e-04
1.095025443060185580e-02	1.001240051388774477e-04	-9.797086075918571765e-04	-2.996588924695422888e-04
1.098359361291455748e-02	9.368108978691738916e-05	-9.674670684421439459e-04	-2.867730617676387335e-04
1.101693279522721926e-02	1.126876900779078352e-04	-9.445947189563141770e-04	-3.176990554541358125e-04
1.105027197753992094e-02	1.049561916562228773e-04	-9.510376343065153615e-04	-3.032024959124040523e-04
1.108361115985260180e-02	9.980185937385667872e-05	-9.410511155163718989e-04	-3.019139128430015540e-04
1.111695034216530174e-02	1.107548154742296235e-04	-9.658563396158003972e-04	-3.073903908911033902e-04
1.115028952447795832e-02	1.007682966760228680e-04	-9.835743568223328289e-04	-3.032024959112338187e-04
1.118362870679066173e-02	1.104326697041895135e-04	-9.581248412006099051e-04	-2.858066244659294270e-04
1.121696788910334260e-02	9.722469323068668411e-05	-9.226888067832479147e-04	-2.883837906051907644e-04
1.125030707141604601e-02	1.184863138944173389e-04	-9.597355700402401346e-04	-2.870952075331191771e-04
1.128364625372870259e-02	9.400323555513071341e-05	-9.710106718958895272e-04	-2.887059363741842940e-04
1.131698543604140600e-02	9.786898476489776547e-05	-9.793864618490063633e-04	-2.935381228880092649e-04
1.135032461835408686e-02	9.593611016193770219e-05	-9.616684446494350516e-04	-2.806522921840228489e-04
1.138366380066679028e-02	1.059226289569511028e-04	-9.542590920008170658e-04	-2.893502279089834738e-04
1.141700298297944685e-02	1.017347339770787259e-04	-9.436282816798995240e-04	-2.742093768311500276e-04
1.145034216529214853e-02	1.010904424414985005e-04	-9.426618443744276023e-04	-2.864509159992978935e-04
1.148368134760483286e-02	9.883542206680449166e-05	-9.310645967440606347e-04	-2.909609567460791639e-04
1.151702052991753454e-02	1.001240051390074571e-04	-9.590912784993924078e-04	-2.906388109775403486e-04
1.155035971223019112e-02	1.113991070075956913e-04	-9.188230575702146900e-04	-2.835516040929275867e-04
1.158369889454289800e-02	1.084997950974492573e-04	-9.133465795155017684e-04	-2.951488517232826823e-04
1.161703807685558060e-02	1.039897543514500084e-04	-9.078701014758218521e-04	-2.732429395285290155e-04
1.165037725916828228e-02	9.432538132073647723e-05	-9.404068239855259371e-04	-2.735650852959621614e-04
1.168371644148094059e-02	1.130098358446235917e-04	-9.835743568232359693e-04	-2.738872310647589626e-04
1.171705562379363880e-02	9.980185936851059978e-05	-9.532926546936059753e-04	-2.629342749669270353e-04
1.175039480610632833e-02	9.400323555376108146e-05	-9.507154885513552757e-04	-2.906388109761746334e-04
1.178373398841902654e-02	1.065669204935099968e-04	-9.046486438026747753e-04	-2.597128172911093518e-04
1.181707317073168312e-02	1.168755850581049442e-04	-8.911185215770625612e-04	-2.600349630558734088e-04
1.185041235304438306e-02	1.027011712829591208e-04	-8.972392911605462816e-04	-2.606792545921686791e-04
1.188375153535707260e-02	1.120433985415446125e-04	-8.991721657673535685e-04	-2.861287702327087990e-04
1.191709071766977081e-02	1.049561916543962270e-04	-9.175344745096399284e-04	-2.832294583235439069e-04
1.195042989998242912e-02	1.136541273820932698e-04	-9.407289697560288931e-04	-2.832294583238047117e-04
1.198376908229512559e-02	1.068890662603552884e-04	-9.545812377590454437e-04	-2.732429395286586318e-04
1.201710826460781860e-02	9.078177787833455095e-05	-9.503933427769839948e-04	-2.738872310647600468e-04
1.205044744692051507e-02	1.120433985417407447e-04	-9.468497393436524226e-04	-2.880616448375617031e-04
1.208378662923317338e-02	9.754683899655516366e-05	-9.661784853888176179e-04	-2.722765022269478074e-04
1.211712581154586986e-02	1.204191884991395153e-04	-9.790643160823510240e-04	-2.535920477069050706e-04
1.215046499385856286e-02	1.133319816113376134e-04	-9.706885261300173071e-04	-2.713100649221790992e-04
1.218380417617125934e-02	1.104326697075180954e-04	-9.623127361830612330e-04	-2.703436276211836856e-04
1.221714335848391765e-02	1.284728326947771166e-04	-9.458833020393378867e-04	-2.687328987835684458e-04
1.225048254079661413e-02	1.081776493304084706e-04	-9.223666610138465081e-04	-2.577799426849562182e-04
1.228382172310930887e-02	1.142984189161753446e-04	-9.233330983158901826e-04	-2.655114411057974636e-04
1.231716090542200708e-02	1.133319816121185507e-04	-9.085143929995191268e-04	-2.532699019392780694e-04
1.235050008773466192e-02	1.014125882100402160e-04	-8.734005043321065465e-04	-2.809744379501525669e-04
1.238383927004735839e-02	9.239250671471233663e-05	-9.114137048896786596e-04	-2.687328987833721510e-04
1.241717845236005660e-02	1.007682966766753138e-04	-8.975614368890553769e-04	-2.671221699454307832e-04
1.245051763467275134e-02	9.690254746286382172e-05	-9.465275935453974689e-04	-2.552027765455627708e-04
1.248385681698540618e-02	9.851327630217440138e-05	-9.536148004223057818e-04	-2.626121292002738645e-04
1.251719599929810092e-02	1.155870019871425364e-04	-9.558698207933137743e-04	-2.725986479943152507e-04
1.255053518161080087e-02	1.217077715710173692e-04	-9.429839901049811776e-04	-2.639007122690926826e-04
1.258387436392349561e-02	9.368108978684961297e-05	-9.162458914169065377e-04	-2.735650852970014234e-04
1.261721354623615045e-02	1.155870019875984163e-04	-9.004607488127050474e-04	-2.542363392425517712e-04
1.265055272854884519e-02	8.466100829165618818e-05	-9.078701014681299798e-04	-2.577799426865813289e-04
1.268389191086154513e-02	1.130098358444927420e-04	-9.304203051948182557e-04	-2.748536683675744264e-04
1.271723109317423987e-02	1.056004831891296092e-04	-8.994943115104683850e-04	-2.635785665020506626e-04
1.275057027548689298e-02	9.464752709012382980e-05	-9.355746374644910218e-04	-2.658335868753780346e-04
1.278390945779958945e-02	1.010904424420195681e-04	-9.214002237031117606e-04	-2.603571088264291654e-04
1.281724864011228940e-02	1.097883781702397790e-04	-9.191452033297968028e-04	-2.519813188693554792e-04
1.285058782242498587e-02	1.091440866355058818e-04	-9.127022879731722625e-04	-2.709879191566341456e-04
1.288392700473764245e-02	1.072112120283088242e-04	-9.320310340185636224e-04	-2.458605492852163586e-04
1.291726618705038403e-02	1.239627919469505940e-04	-9.297760136568540730e-04	-2.690550445499586977e-04
1.295060536936307877e-02	1.242849377130780895e-04	-9.561919665799739447e-04	-2.725986479939902069e-04
1.298394455167573187e-02	8.594959136464164944e-05	-9.713328176649365080e-04	-2.526256104049996861e-04
1.301728373398842488e-02	1.136541273810497658e-04	-9.990373536517521257e-04	-2.587463799867316611e-04
1.305062291630112829e-02	1.168755850581712296e-04	-9.565141123557407022e-04	-2.655114411069688356e-04
1.308396209861382303e-02	9.464752709051587731e-05	-9.168901829680970112e-04	-2.497262984958985993e-04
1.311730128092647614e-02	1.175198765915998558e-04	-9.239773898511531840e-04	-2.535920477065157878e-04
1.315064046323916915e-02	9.464752709038647778e-05	-9.671449226887142469e-04	-2.709879191561785096e-04
1.318397964555187603e-02	9.045963211051475143e-05	-9.539369462317620618e-04	-2.761422514384108905e-04
1.321731882786456730e-02	1.094662324015034492e-04	-9.491047597243035261e-04	-2.423169458406004915e-04
1.325065801017722041e-02	1.104326697024304632e-04	-9.500711970177104461e-04	-2.545584850103081178e-04
1.328399719248991341e-02	9.496967285566670989e-05	-8.911185215698660608e-04	-2.668000241774143907e-04
1.331733637480262029e-02	1.049561916525701459e-04	-9.204337863974995431e-04	-2.593906715238072859e-04
1.335067555711531156e-02	1.117212527740456962e-04	-9.497490512344379738e-04	-2.774308345076177988e-04
1.338401473942796467e-02	9.239250671894964266e-05	-9.652120480749038813e-04	-2.658335868756382973e-04
1.341735392174065594e-02	1.004461509080037786e-04	-9.574805496469423549e-04	-2.519813188690937528e-04
1.345069310405336456e-02	1.030233170470026442e-04	-9.607020073184619358e-04	-2.581020884538827984e-04
1.348403228636605583e-02	1.113991070074643266e-04	-9.919501467690798688e-04	-2.510148815651063749e-04
1.351737146867870894e-02	1.113991070070064409e-04	-9.526483631453835053e-04	-2.606792545928192546e-04
1.355071065099140194e-02	1.110769612392496742e-04	-9.416954070505214247e-04	-2.500484442644368183e-04
1.358404983330411056e-02	1.020568797456844094e-04	-9.165680372003421825e-04	-2.561692138481858972e-04
1.361738901561680357e-02	1.039897543523625407e-04	-9.275209932836889519e-04	-2.593906715253024007e-04
1.365072819792945320e-02	1.168755850577807948e-04	-9.761650041592976647e-04	-2.603571088266232918e-04
1.368406738024214621e-02	9.529181862524930017e-05	-9.545812377480088077e-04	-2.497262984951177569e-04
1.371740656255485483e-02	1.088219408648158332e-04	-9.387960951465504572e-04	-2.635785665022462526e-04
1.375074574486754783e-02	9.335894401811396077e-05	-9.400846782112079990e-04	-2.590685257565704890e-04
1.378408492718019747e-02	1.258956665512170261e-04	-9.265545559839904067e-04	-2.639007122694832664e-04
1.381742410949288874e-02	1.049561916545905160e-04	-9.655341938516189904e-04	-2.709879191553322356e-04
1.385076329180559909e-02	8.498315405954475323e-05	-9.539369462227499565e-04	-2.526256104068218505e-04
1.388410247411829210e-02	1.175198765921216959e-04	-9.536148004518793476e-04	-2.597128172894830485e-04
1.391744165643094173e-02	1.133319816147261111e-04	-1.012889621654584470e-03	-2.539141934762896720e-04
1.395078083874363301e-02	9.464752708829961899e-05	-9.971044790455462457e-04	-2.680886072492240889e-04
1.398412002105634509e-02	1.056004831900403255e-04	-9.693999430450554776e-04	-2.535920477071653876e-04
1.401745920336903636e-02	1.043119001184892637e-04	-9.574805496476577115e-04	-2.677664614801655071e-04
1.405079838568168600e-02	1.084997950967319492e-04	-9.803528991133691334e-04	-2.751758141342920531e-04
1.408413756799437727e-02	9.239250671543001070e-05	-9.832522110305170603e-04	-2.690550445517806452e-04
1.411747675030708936e-02	1.155870019866842171e-04	-9.864736687034871953e-04	-2.442498204485113065e-04
1.415081593261978063e-02	1.197748969656446173e-04	-9.855072314046248953e-04	-2.613235461299609074e-04
1.418415511493243027e-02	9.947971360342667602e-05	-9.565141123435561129e-04	-2.693771903171959825e-04
1.421749429724511980e-02	1.197748969667523602e-04	-9.677892142144574111e-04	-2.519813188687035485e-04
1.425083347955783362e-02	9.851327630021836513e-05	-1.035761971126346499e-03	-2.700214818539472682e-04
1.428417266187052663e-02	1.049561916524405025e-04	-9.916280010046449756e-04	-2.690550445506751384e-04
1.431751184418317800e-02	9.690254746234391967e-05	-1.004513831705757497e-03	-2.613235461292461471e-04
1.435085102649586580e-02	1.094662324007211296e-04	-9.974266248141952160e-04	-2.526256104056512916e-04
1.438419020880858309e-02	1.097883781690674719e-04	-9.761650041669635161e-04	-2.590685257566340775e-04
1.441752939112127090e-02	1.084997950979061401e-04	-9.623127361662066597e-04	-2.732429395289842178e-04
1.445086857343392227e-02	1.004461509065025245e-04	-9.594134242561415003e-04	-2.593906715235476195e-04
1.448420775574661007e-02	1.200970427337282032e-04	-9.410511155124053452e-04	-2.732429395284640718e-04
1.451754693805932910e-02	1.229963546434166023e-04	-9.130244337435840371e-04	-2.732429395297650060e-04
1.455088612037201516e-02	1.352378938156665743e-04	-9.545812377377041165e-04	-2.700214818549238091e-04
1.458422530268466653e-02	1.101105239388445680e-04	-9.384739493688202096e-04	-2.610014003596668772e-04
1.461756448499735260e-02	8.788246596727778022e-05	-9.558698208218385914e-04	-2.529477561721718104e-04
1.465090366731007336e-02	9.786898476541891435e-05	-9.468497393321777689e-04	-2.587463799889426746e-04
1.468424284962275943e-02	1.033454628145635362e-04	-9.458833020404259920e-04	-2.539141934748599346e-04
1.471758203193541080e-02	1.162312935211574721e-04	-9.523262173902477057e-04	-2.603571088256488109e-04
1.475092121424809687e-02	1.171977308252125313e-04	-9.281652848247754200e-04	-2.622899834306964919e-04
1.478426039656081763e-02	1.059226289570154366e-04	-9.594134242646211539e-04	-2.655114411074904995e-04
1.481759957887350369e-02	1.065669204916848374e-04	-9.597355700313221381e-04	-2.506927358007970323e-04
1.485093876118615507e-02	9.625825592767473578e-05	-9.513597800692076166e-04	-2.651892953407740654e-04
1.488427794349884113e-02	1.088219408671600545e-04	-9.407289697486776771e-04	-2.619678376651516467e-04
1.491761712581156189e-02	1.139762731486121893e-04	-9.819636279758787393e-04	-2.632564207354654712e-04
1.495095630812424796e-02	1.184863138964377226e-04	-9.719771091826240501e-04	-2.481155696601048733e-04
1.498429549043689933e-02	1.027011712798950435e-04	-9.397625324460694585e-04	-2.626121292001463623e-04
1.501763467274958540e-02	1.039897543521009092e-04	-9.526483631381700914e-04	-2.577799426858659181e-04
1.505097385506230789e-02	1.133319816130320045e-04	-9.497490512307094025e-04	-2.429612373778716522e-04
1.508431303737499223e-02	1.168755850557582970e-04	-9.655341938321102902e-04	-2.622899834314762501e-04
1.511765221968764360e-02	1.043119001177723486e-04	-9.197894948485330936e-04	-2.532699019392133967e-04
1.515099140200033834e-02	9.786898476574532697e-05	-9.062593726220870196e-04	-2.639007122693527827e-04
1.518433058431305216e-02	9.303679824964145798e-05	-9.081922472307578332e-04	-2.690550445502204783e-04
1.521766976662574690e-02	1.075333577958717762e-04	-9.062593726327715067e-04	-2.519813188709169472e-04
1.525100894893838786e-02	1.075333577956103344e-04	-9.011050403481247160e-04	-2.722765022264933099e-04
1.528434813125108260e-02	1.133319816129026050e-04	-9.271988475156038752e-04	-2.645450038044792830e-04
1.531768731356379643e-02	9.335894402013682452e-05	-9.249438271390303477e-04	-2.648671495720394974e-04
1.535102649587649117e-02	9.947971360446988180e-05	-8.972392911420564061e-04	-2.481155696605606177e-04
1.538436567818913213e-02	1.313721446035537018e-04	-8.927292504097524874e-04	-2.564913596162682091e-04
1.541770486050182340e-02	9.593611016291798358e-05	-8.895077927270105466e-04	-2.555249223136454081e-04
1.545104404281455283e-02	1.104326697048420676e-04	-8.895077927288921795e-04	-2.732429395282032127e-04
1.548438322512723543e-02	1.056004831888684656e-04	-9.404068239885251656e-04	-2.542363392420946173e-04
1.551772240743988507e-02	9.851327630132732777e-05	-9.413732612883586939e-04	-2.574577969179132767e-04
1.555106158975256767e-02	1.188084596658263220e-04	-9.578026954309108850e-04	-2.552027765443264551e-04
1.558440077206529710e-02	9.335894401681416499e-05	-9.368632205361267055e-04	-2.510148815662129117e-04
1.561773995437797970e-02	1.091440866347885872e-04	-9.436282816622698546e-04	-2.597128172913048877e-04
1.565107913669063280e-02	1.039897543513185218e-04	-9.803528991428212686e-04	-2.790415633447134347e-04
1.568441831900332234e-02	9.207036094799782701e-05	-9.355746374735917064e-04	-2.506927357994317507e-04
1.571775750131602922e-02	1.039897543514472166e-04	-9.732656922447739407e-04	-2.639007122692899531e-04
1.575109668362871876e-02	1.287949784602521934e-04	-9.423396985869680496e-04	-2.526256104039592857e-04
1.578443586594137707e-02	9.722469323212211358e-05	-9.729435464961984316e-04	-2.690550445498944045e-04
1.581777504825406661e-02	1.152648562197086180e-04	-9.529705089227278854e-04	-2.729207937617481256e-04
1.585111423056677349e-02	1.181641681278332859e-04	-9.507154885415647133e-04	-2.590685257559845319e-04
1.588445341287946302e-02	9.754683899883564741e-05	-9.784200245429974362e-04	-2.558470680806881328e-04
1.591779259519212134e-02	1.239627919449314030e-04	-9.346082001713026770e-04	-2.397397797019915728e-04
1.595113177750481087e-02	1.049561916550466805e-04	-9.181787660303128212e-04	-2.764643972052568868e-04
1.598447095981752816e-02	1.078555035626498879e-04	-9.378296578519805136e-04	-2.661557326435915350e-04
1.601781014213020729e-02	1.078555035645410753e-04	-9.223666610155465372e-04	-2.613235461270332362e-04
1.605114932444286560e-02	1.091440866341366971e-04	-9.223666610076231877e-04	-2.384511966303087534e-04
1.608448850675555514e-02	9.593611016109102160e-05	-9.339639086311101335e-04	-2.558470680795169234e-04
1.611782768906827243e-02	1.097883781680897926e-04	-9.294538678923699570e-04	-2.693771903202538663e-04
1.615116687138095156e-02	1.146205646845188273e-04	-9.300981594273039030e-04	-2.316861355137132242e-04
1.618450605369360987e-02	1.165534392885233026e-04	-9.397625324587106053e-04	-2.619678376648916008e-04
1.621784523600629940e-02	1.023790255148747895e-04	-9.387960951515090559e-04	-2.716322106896770804e-04
1.625118441831901669e-02	1.049561916549175521e-04	-9.355746374900715794e-04	-2.668000241779980709e-04
1.628452360063169582e-02	1.001240051388775290e-04	-9.371853663219847832e-04	-2.574577969184983664e-04
1.631786278294435413e-02	1.136541273807239902e-04	-9.710106719068557985e-04	-2.571356511511964631e-04
1.635120196525704367e-02	9.883542206660712621e-05	-9.639234650143789929e-04	-2.600349630553524497e-04
1.638454114756976096e-02	1.075333577959356222e-04	-9.491047597147016148e-04	-2.700214818536230375e-04
1.641788032988244009e-02	9.400323555219659128e-05	-9.549033835279718612e-04	-2.729207937601195997e-04
1.645121951219509840e-02	9.819113053278748248e-05	-8.885413554398786636e-04	-2.523034646367885167e-04
1.648455869450778100e-02	1.155870019862916139e-04	-9.191452033365458529e-04	-2.622899834306954619e-04
1.651789787682050523e-02	1.200970427345750057e-04	-9.120579964515464644e-04	-2.758201056704575986e-04
1.655123705913318435e-02	1.088219408657272407e-04	-9.400846782054540296e-04	-2.700214818531662089e-04
1.658457624144584266e-02	1.020568797456172837e-04	-9.191452033234511843e-04	-2.593906715232208952e-04
1.661791542375853220e-02	1.146205646821719904e-04	-9.075479556921201441e-04	-2.571356511497011315e-04
1.665125460607124949e-02	1.094662324010486399e-04	-8.801655654551582015e-04	-2.603571088264939465e-04
1.668459378838393209e-02	1.110769612400328341e-04	-8.762998162467090920e-04	-2.632564207354006359e-04
1.671793297069659387e-02	9.335894402111450383e-05	-8.965949996010983076e-04	-2.703436276229404184e-04
1.675127215300927647e-02	1.039897543509266640e-04	-9.146351625790721807e-04	-2.626121291993656825e-04
1.678461133532200417e-02	9.142606941241926855e-05	-9.288095763473355835e-04	-2.610014003608394418e-04
1.681795051763467982e-02	1.010904424424758681e-04	-8.956285623040088949e-04	-2.494041527278817189e-04
1.685128969994733814e-02	9.496967285501336966e-05	-9.020714776596558101e-04	-2.516591731013374062e-04
1.688462888226002073e-02	1.204191885015525699e-04	-9.404068239797011694e-04	-2.622899834303057454e-04
1.691796806457274843e-02	1.039897543505357549e-04	-9.346082001624311927e-04	-2.613235461276201149e-04
1.695130724688542409e-02	9.303679825055544042e-05	-9.355746374780143839e-04	-2.558470680801023926e-04
1.698464642919808240e-02	1.123655443106060539e-04	-9.610241531073014610e-04	-2.448941119820083594e-04
1.701798561151076500e-02	1.052783374212395805e-04	-8.804877112435624195e-04	-2.574577969173924802e-04
1.705132479382349270e-02	1.220299173393616651e-04	-8.953064165377290148e-04	-2.677664614781487826e-04
1.708466397613616836e-02	1.084997951003163622e-04	-9.239773898420707140e-04	-2.448941119803815683e-04
1.711800315844882667e-02	1.101105239355838029e-04	-9.452390104927441052e-04	-2.584242342193637841e-04
1.715134234076150926e-02	1.268621038551411950e-04	-9.214002237024729487e-04	-2.629342749666013410e-04
1.718468152307423696e-02	1.046340458868980831e-04	-9.449168647338065507e-04	-2.494041527277506931e-04
1.721802070538691262e-02	9.947971360544555534e-05	-9.342860544136567325e-04	-2.403840712363326229e-04
1.725135988769957093e-02	1.117212527750280376e-04	-9.323531798069246892e-04	-2.506927358009929476e-04
1.728469907001225353e-02	1.007682966737414492e-04	-9.416954070743423222e-04	-2.732429395311966949e-04
1.731803825232498123e-02	8.917104904013470931e-05	-8.946621250196791324e-04	-2.471491323552712214e-04
1.735137743463765689e-02	1.046340458877460241e-04	-8.924071046409582340e-04	-2.394176339324098363e-04
1.738471661695031520e-02	1.120433985427836523e-04	-9.178566202655964691e-04	-2.577799426852152883e-04
1.741805579926299780e-02	9.400323555291515982e-05	-9.313867424985275900e-04	-2.764643972057121432e-04
1.745139498157572550e-02	1.146205646836081246e-04	-9.384739493863791891e-04	-2.629342749664066183e-04
1.748473416388840115e-02	8.272813368628494058e-05	-8.982057284633070474e-04	-2.645450038036319790e-04
1.751807334620105946e-02	1.255735207852202312e-04	-8.975614369276509142e-04	-2.532699019394070894e-04
1.755141252851373512e-02	1.017347339774707192e-04	-9.259102644620328428e-04	-2.597128172908474628e-04
1.758475171082646976e-02	9.303679825146726800e-05	-9.474940308800084083e-04	-2.761422514374997812e-04
1.761809089313914542e-02	1.088219408657278099e-04	-9.114137049225781240e-04	-2.593906715238063101e-04
1.765143007545180373e-02	1.207413342701570879e-04	-9.655341938475884688e-04	-2.603571088276655896e-04
1.768476925776455572e-02	1.275063953885693198e-04	-9.751985668747072599e-04	-2.645450038051300754e-04
1.771810844007722444e-02	1.252513750175917391e-04	-9.668227769233473734e-04	-2.590685257550085874e-04
1.775144762238989316e-02	1.165534392903471746e-04	-9.355746374756787956e-04	-2.474712781203588586e-04
1.778478680470256187e-02	1.097883781690013491e-04	-9.594134242665097257e-04	-2.684107530157455834e-04
1.781812598701523059e-02	1.062447747241882521e-04	-9.381518036201899483e-04	-2.606792545946430453e-04
1.785146516932798258e-02	1.094662324020259669e-04	-9.188230575746405117e-04	-2.516591731014016452e-04
1.788480435164064089e-02	1.068890662587911234e-04	-9.149573083601303869e-04	-2.552027765454973935e-04
1.791814353395331655e-02	1.052783374222848598e-04	-9.275209932939418181e-04	-2.626121291992347109e-04
1.795148271626605119e-02	1.017347339780564188e-04	-9.536148004549978383e-04	-2.616456918986308027e-04
1.798482189857872685e-02	1.094662324027420960e-04	-9.578026954266337075e-04	-2.587463799884224744e-04
1.801816108089138516e-02	1.010904424404548068e-04	-9.139908710534888278e-04	-2.693771903184324066e-04
1.805150026320406081e-02	9.593611015991796906e-05	-9.062593726343903290e-04	-2.419948000745343619e-04
1.808483944551679545e-02	1.142984189177383034e-04	-9.230109525445793876e-04	-2.655114411070339420e-04
1.811817862782947111e-02	1.113991070077905224e-04	-8.985278742155553998e-04	-2.574577969186284706e-04
1.815151781014212942e-02	1.155870019857701804e-04	-8.824205858406950452e-04	-2.577799426859959139e-04
1.818485699245480508e-02	1.339493107435952310e-04	-9.236552440763167804e-04	-2.651892953418803311e-04
1.821819617476753972e-02	1.036676085838218281e-04	-9.442725731754555724e-04	-2.606792545925601303e-04
1.825153535708021538e-02	1.068890662589859139e-04	-9.046486437814789481e-04	-2.693771903190841205e-04
1.828487453939287369e-02	1.188084596628925115e-04	-9.268767017512940989e-04	-2.555249223129957541e-04
1.831821372170554935e-02	1.039897543517743068e-04	-8.940178334710491108e-04	-2.552027765451069180e-04
1.835155290401828398e-02	1.229963546432207412e-04	-9.130244337483382636e-04	-2.539141934748585794e-04
1.838489208633095964e-02	1.139762731486138021e-04	-9.023936234182766691e-04	-2.564913596145113137e-04
1.841823126864361795e-02	1.072112120273305215e-04	-9.268767017432598355e-04	-2.477934238920220193e-04
1.845157045095629361e-02	1.068890662593132888e-04	-9.513597800571121487e-04	-2.564913596154210136e-04
1.848490963326902825e-02	1.107548154703192180e-04	-9.259102644309100604e-04	-2.555249223129290757e-04
1.851824881558170391e-02	9.658040169666997309e-05	-9.452390104741973092e-04	-2.622899834320631287e-04
1.855158799789436222e-02	1.159091477545722536e-04	-9.552255292676525757e-04	-2.552027765441323287e-04
1.858492718020703788e-02	1.146205646839990608e-04	-9.751985668486110558e-04	-2.619678376637200662e-04
1.861826636251977252e-02	9.335894402033294314e-05	-9.771314414629946390e-04	-2.503705900314130272e-04
1.865160554483244817e-02	1.056004831882822510e-04	-9.507154885330772534e-04	-2.584242342211206253e-04
1.868494472714510649e-02	1.233185004116309430e-04	-9.265545559735595144e-04	-2.700214818553787945e-04
1.871828390945778214e-02	1.046340458871582510e-04	-9.214002236970397948e-04	-2.616456918966131567e-04
1.875162309177051678e-02	1.027011712799609630e-04	-9.536148004422402482e-04	-2.664778784095913657e-04
1.878496227408319244e-02	1.084997950994696274e-04	-9.352524917055704892e-04	-2.658335868743373089e-04
1.881830145639585075e-02	1.155870019896178920e-04	-9.175344744995145643e-04	-2.458605492854776513e-04
1.885164063870852641e-02	1.197748969655785352e-04	-9.288095763647852754e-04	-2.668000241782605021e-04
1.888497982102126105e-02	1.175198765928385026e-04	-9.468497393376894191e-04	-2.613235461285297063e-04
1.891831900333393671e-02	1.139762731492657464e-04	-9.246216813822447176e-04	-2.539141934753800806e-04
1.895165818564659502e-02	1.088219408675522918e-04	-8.862863350523994717e-04	-2.696993360859944100e-04
1.898499736795927068e-02	1.149427104514305669e-04	-8.759776704926210654e-04	-2.542363392418353846e-04
