# Time (s)	Generation (V)	PC (V)	PL (V)
1.500263204070890169e-05	1.110769612377502226e-04	2.522015990914611063e-03	-2.529477561714556406e-04
4.834181435339528833e-05	1.126876900792775756e-04	-4.919799004769215712e-04	-2.613235461293119581e-04
8.168099666608183592e-05	1.078555035624548399e-04	-8.534274659000271350e-04	-2.597128172916305278e-04
1.150201789787680921e-04	1.152648562189916351e-04	-9.059372268350696046e-04	-2.674443157139693816e-04
1.483593612914544161e-04	1.268621038538360053e-04	-8.936956877086800564e-04	-2.558470680811421425e-04
1.816985436041414854e-04	1.094662324026772878e-04	-8.891856469523024041e-04	-2.545584850079007011e-04
2.150377259168277959e-04	1.120433985425216820e-04	-8.982057284435333681e-04	-2.616456918957006379e-04
2.483769082295139165e-04	1.310499988335775325e-04	-9.358967832321392734e-04	-2.639007122704595905e-04
2.817160905422001998e-04	1.326607276724332894e-04	-9.168901829552551785e-04	-2.532699019408405131e-04
3.150552728548863747e-04	1.194527511996464536e-04	-9.020714776545273169e-04	-2.532699019409714305e-04
3.483944551675727122e-04	1.226742088759200848e-04	-8.985278742218659985e-04	-2.719543564605559293e-04
3.817336374802589413e-04	1.297614157660021317e-04	-9.494269054632809186e-04	-2.555249223140358835e-04
4.150728197929463088e-04	1.178420223603376900e-04	-9.429839901219377743e-04	-2.606792545953582935e-04
4.484120021056323211e-04	1.001240051395932109e-04	-9.242995356114336314e-04	-2.622899834312157163e-04
4.817511844183182249e-04	1.027011712797006190e-04	-8.994943115203940390e-04	-2.610014003628547568e-04
5.150903667310046709e-04	1.126876900781692228e-04	-8.566489244466159387e-04	-2.661557326446962828e-04
5.484295490436907373e-04	1.107548154705160007e-04	-8.801655654733941568e-04	-2.597128172920845374e-04
5.817687313563794059e-04	9.722469323127316972e-05	-9.230109525442467544e-04	-2.548806307787176420e-04
6.151079136690657976e-04	1.117212527753513873e-04	-9.098029760709618226e-04	-2.474712781234186939e-04
6.484470959817520809e-04	1.236406461795839097e-04	-9.191452033331747431e-04	-2.503705900314140572e-04
6.817862782944378221e-04	1.130098358467758820e-04	-9.268767017507091718e-04	-2.687328987838280038e-04
7.151254606071238886e-04	1.107548154718172195e-04	-9.375075120647756400e-04	-2.532699019389508029e-04
7.484646429198103888e-04	1.091440866334862300e-04	-9.465275935516504965e-04	-2.535920477077506941e-04
7.818038252324961300e-04	1.223520631065983942e-04	-9.342860543903933317e-04	-2.577799426849541040e-04
8.151430075451824133e-04	1.123655443092384820e-04	-9.568362581124853494e-04	-2.577799426850200235e-04
8.484821898578681545e-04	1.126876900767341321e-04	-9.471718850900084615e-04	-2.297532609051514000e-04
8.818213721705542209e-04	1.113991070060932581e-04	-9.719771091785589425e-04	-2.519813188692897766e-04
9.151605544832444074e-04	1.239627919489066845e-04	-9.513597800733138155e-04	-2.558470680811434977e-04
9.484997367959307991e-04	1.088219408658566402e-04	-9.139908710414245850e-04	-2.655114411078796739e-04
9.818389191086165403e-04	1.036676085826462412e-04	-9.362189290023693357e-04	-2.539141934741404581e-04
1.015178101421302607e-03	1.065669204953984737e-04	-9.597355700267950519e-04	-2.581020884530394518e-04
1.048517283733989107e-03	1.255735207835223706e-04	-9.636013192386353289e-04	-2.574577969183698884e-04
1.081856466046675824e-03	1.049561916521119350e-04	-9.249438271459644711e-04	-2.629342749670574107e-04
1.115195648359362541e-03	1.023790255131162814e-04	-9.149573083570626368e-04	-2.558470680808170444e-04
1.148534830672048607e-03	1.039897543516427254e-04	-9.130244337546893031e-04	-2.626121291985836475e-04
1.181874012984734674e-03	1.316942903685721126e-04	-9.665006311445187206e-04	-2.535920477074260840e-04
1.215213195297422692e-03	1.030233170489580977e-04	-9.639234650119347676e-04	-2.687328987816815546e-04
1.248552377610108758e-03	1.130098358460570967e-04	-9.703663803602588728e-04	-2.771086887387553491e-04
1.281891559922794608e-03	1.233185004096742021e-04	-9.445947189653302939e-04	-2.581020884524528442e-04
1.315230742235480241e-03	9.786898476411724833e-05	-9.716549634339995351e-04	-2.745315225982558529e-04
1.348569924548166741e-03	1.252513750177208947e-04	-9.619905904090141286e-04	-2.783972718111513297e-04
1.381909106860852374e-03	1.233185004076547400e-04	-9.716549634299116592e-04	-3.061018078211786859e-04
1.415248289173538223e-03	9.980185937046838430e-05	-9.768092957077841379e-04	-3.199540758261606782e-04
1.448587471486224290e-03	1.020568797445115872e-04	-9.426618443775414309e-04	-3.515243610464165364e-04
1.481926653798910139e-03	7.080874028329002144e-05	-9.626348819535565995e-04	-4.066112872964394872e-04
1.515265836111600543e-03	5.663432650586100383e-05	-9.829300652967991325e-04	-4.890806037884086205e-04
1.548605018424287260e-03	4.696995347677986098e-05	-1.044459906883058635e-03	-6.324354703313752853e-04
1.581944200736973543e-03	2.055400053107755897e-05	-1.064755090225651731e-03	-7.706360045842484529e-04
1.615283383049659826e-03	-1.681490851623685637e-05	-1.063144361390107101e-03	-9.913058552872009224e-04
1.648622565362346326e-03	-4.419729876488836189e-05	-1.062500069851273063e-03	-1.237747367354441767e-03
1.681961747675032610e-03	-8.317693664466954413e-05	-1.119519870684082151e-03	-1.538631514058380004e-03
1.715300929987719110e-03	-1.514718393780868394e-04	-1.203922061740278753e-03	-1.887515380028676696e-03
1.748640112300405176e-03	-1.907736230264071961e-04	-1.236780930016621047e-03	-2.286653985603507265e-03
1.781979294613091677e-03	-2.619678376624186983e-04	-1.265774049085991457e-03	-2.689980486049048901e-03
1.815318476925777960e-03	-3.331620522978396897e-04	-1.341800450179213766e-03	-3.180608489249147838e-03
1.848657659238465327e-03	-3.866382497097893794e-04	-1.436189160004941630e-03	-3.641921227515681862e-03
1.881996841551151394e-03	-4.645975254530287685e-04	-1.540242242859608986e-03	-4.169918139379270167e-03
1.915336023863837894e-03	-5.715499202740711125e-04	-1.592429857160013130e-03	-4.724975295470354962e-03
1.948675206176523960e-03	-6.524085079154897694e-04	-1.687785004272454375e-03	-5.288408241303602618e-03
1.982014388489209810e-03	-7.629045061654207878e-04	-1.858844406694021897e-03	-5.909505279132888471e-03
2.015353570801895877e-03	-8.737226501714186102e-04	-1.964186072582958451e-03	-6.559917581466585129e-03
2.048692753114581943e-03	-9.864736687748075321e-04	-2.078225674176929945e-03	-7.359483373248787777e-03
2.082031935427268009e-03	-1.348243365556566192e-03	-2.324022894540017387e-03	-9.520437171119184444e-03
2.115371117739955377e-03	-1.885582505410314524e-03	-2.739268788339844357e-03	-1.262398947503850372e-02
2.148710300052642744e-03	-2.942542767350049202e-03	-3.511130046059131229e-03	-1.928660817430222565e-02
2.182049482365330546e-03	-5.088677865814183153e-03	-5.142154063093306963e-03	-3.250102735510637664e-02
2.215388664678016612e-03	-8.507610883029682880e-03	-7.888768866633250401e-03	-5.342213942146795125e-02
2.248727846990702679e-03	-1.296063179949378391e-02	-1.184214170279167602e-02	-8.023594141955961434e-02
2.282067029303388745e-03	-1.788044191658633500e-02	-1.647749711315830978e-02	-1.089388058004247400e-01
2.315406211616074812e-03	-2.284052024014139246e-02	-2.135832758285678007e-02	-1.384889132134382028e-01
2.348745393928761745e-03	-2.767496170235672279e-02	-2.626621828295305772e-02	-1.668712420622210924e-01
2.382084576241447812e-03	-3.238859849102016658e-02	-3.107714309535080169e-02	-1.952355305891777804e-01
2.415423758554133878e-03	-3.710352385059004221e-02	-3.579239060401931405e-02	-2.228121726732197883e-01
2.448762940866820812e-03	-4.172695980254086806e-02	-4.047059133839552708e-02	-2.504838477101344330e-01
2.482102123179506879e-03	-4.632720124866281097e-02	-4.507566497391349292e-02	-2.777934309445205252e-01
2.515441305492192945e-03	-5.091713401977495529e-02	-4.970876527957979185e-02	-3.050192563500863652e-01
2.548780487804879012e-03	-5.550352317708386052e-02	-5.432897974420258097e-02	-3.320720896074170203e-01
2.582119670117565078e-03	-6.008089224300532105e-02	-5.892664399539197101e-02	-3.594763840424126666e-01
2.615458852430251144e-03	-6.456258400938297282e-02	-6.343249669595975304e-02	-3.866764382943982392e-01
2.648798034742938078e-03	-6.915283888614869034e-02	-6.800825501606136414e-02	-4.138603855311784874e-01
2.682137217055624145e-03	-7.374889237700291145e-02	-7.261493931917951949e-02	-4.405401749795159749e-01
2.715476399368310211e-03	-7.840583140619854230e-02	-7.726285826953277480e-02	-4.679505913784068327e-01
2.748815581680996711e-03	-8.299898556693398322e-02	-8.189112631965621281e-02	-4.946577639989904740e-01
2.782154763993682778e-03	-8.759052899014257987e-02	-8.649974346988456575e-02	-5.229689008958797736e-01
2.815493946306369278e-03	-9.228838050323080744e-02	-9.115571603713751303e-02	-5.512246292890210508e-01
2.848833128619055344e-03	-9.702327876914028371e-02	-9.590221155219667837e-02	-5.791688433390169699e-01
2.882172310931741411e-03	-1.017601099011208599e-01	-1.007060490024619531e-01	-6.075804916164777580e-01
2.915511493244428345e-03	-1.064772901340821504e-01	-1.054125984274594946e-01	-6.359882748988632262e-01
2.948850675557114411e-03	-1.112675974444821969e-01	-1.101755233508430326e-01	-6.645790378182827585e-01
2.982189857869800478e-03	-1.160885085932815974e-01	-1.149896694406774555e-01	-6.931247012101955374e-01
3.015529040182486544e-03	-1.209532315563303789e-01	-1.198308757657530060e-01	-7.226020113081493834e-01
3.048868222495171743e-03	-1.257635118803756002e-01	-1.246459882777134348e-01	-7.519192159890573102e-01
3.082207404807858677e-03	-1.306807445857802175e-01	-1.295400264908813937e-01	-7.813810652876286289e-01
3.115546587120545177e-03	-1.356682050571968723e-01	-1.345429499598391199e-01	-8.111988869802120306e-01
3.148885769433231244e-03	-1.406537326471956062e-01	-1.395233232194064421e-01	-8.406269134430979229e-01
3.182224951745917310e-03	-1.456424816880785289e-01	-1.445040186180886477e-01	-8.711315528576829559e-01
3.215564134058603377e-03	-1.506479823014719166e-01	-1.494843918646553416e-01	-9.015369728240791858e-01
3.248903316371289443e-03	-1.556586372408089447e-01	-1.545169527161017464e-01	-9.317790663690685982e-01
3.282242498683975510e-03	-1.607250233884659485e-01	-1.595904260714594292e-01	-9.614818891988212712e-01
3.315581680996661576e-03	-1.657508191667244057e-01	-1.646146111221801489e-01	-9.915561479772107001e-01
3.348920863309347642e-03	-1.707472996770630358e-01	-1.695933736176425677e-01	-1.021906487604814284e+00
3.382260045622033709e-03	-1.758433232178880368e-01	-1.747048601553067571e-01	-1.052069340103163997e+00
3.415599227934719775e-03	-1.810073195062853191e-01	-1.798508162829935975e-01	-1.082633588446770379e+00
3.448938410247408010e-03	-1.861487655882721193e-01	-1.850409063733114146e-01	-1.113394347907009863e+00
3.482277592560094077e-03	-1.912782922737968072e-01	-1.901862182011239966e-01	-1.143956667493388757e+00
3.515616774872780143e-03	-1.964377785099453433e-01	-1.953154227380730079e-01	-1.174933913440700195e+00
3.548955957185466210e-03	-2.015785802897075152e-01	-2.004981034652022487e-01	-1.205391539970868786e+00
3.582295139498152276e-03	-2.066762145369703541e-01	-2.056025027736502198e-01	-1.235451318305509805e+00
3.615634321810838343e-03	-2.117287483776565116e-01	-2.106801639828158879e-01	-1.265927956103855223e+00
3.648973504123524409e-03	-2.168373355755724707e-01	-2.158067913427738072e-01	-1.295909135476289054e+00
3.682312686436210476e-03	-2.219768487630196796e-01	-2.209717540442736328e-01	-1.326594851103209516e+00
3.715651868748896976e-03	-2.270306711813226408e-01	-2.260465159361388088e-01	-1.356401432204141777e+00
3.748991051061583042e-03	-2.320226416158502336e-01	-2.310291441443065585e-01	-1.385497039010463505e+00
3.782330233374269109e-03	-2.370358736686632717e-01	-2.360887651842381307e-01	-1.415538147732195329e+00
3.815669415686955175e-03	-2.420729445060168239e-01	-2.411287353333381178e-01	-1.444813517312168116e+00
3.849008597999641242e-03	-2.470288346160236514e-01	-2.461368130537061882e-01	-1.474595303651656808e+00
3.882347780312327308e-03	-2.518751951736117323e-01	-2.510063681047333128e-01	-1.504060422868552571e+00
3.915686962625015109e-03	-2.567389516018109830e-01	-2.558946076092942779e-01	-1.532706648689286411e+00
3.949026144937704645e-03	-2.615363460077164692e-01	-2.607248608808434009e-01	-1.562365705710698105e+00
3.982365327250390712e-03	-2.662925057595417200e-01	-2.655683221288747120e-01	-1.591305412583113865e+00
4.015704509563076778e-03	-2.709407466886767923e-01	-2.702474890491515791e-01	-1.619330226226570968e+00
4.049043691875768049e-03	-2.755654709800525182e-01	-2.749372867804498188e-01	-1.647106023349921067e+00
4.082382874188454115e-03	-2.801273768531851727e-01	-2.795320515191743183e-01	-1.673945987424696025e+00
4.115722056501140182e-03	-2.846734975868275841e-01	-2.841055546407576515e-01	-1.700569793775372096e+00
4.149061238813826248e-03	-2.890781963410918309e-01	-2.885666288999171325e-01	-1.727251589159784162e+00
4.182400421126509713e-03	-2.934120230339527513e-01	-2.929648847413023338e-01	-1.753595455393708313e+00
4.215739603439195779e-03	-2.977326417536932945e-01	-2.973347917596409484e-01	-1.778632375104961971e+00
4.249078785751881845e-03	-3.019939856590652671e-01	-3.015974242477493239e-01	-1.804263980179804827e+00
4.282417968064567912e-03	-3.061854239405755185e-01	-3.058648889247171931e-01	-1.829169791181868510e+00
4.315757150377253978e-03	-3.102515475301713677e-01	-3.100073610556181025e-01	-1.853834961025101702e+00
4.349096332689940045e-03	-3.142429333097542243e-01	-3.140519008829552039e-01	-1.877601021564097694e+00
4.382435515002626111e-03	-3.182030709549307779e-01	-3.180126828194868582e-01	-1.900191892662587811e+00
4.415774697315314780e-03	-3.220523904666595660e-01	-3.219383508727582388e-01	-1.923037261993197911e+00
4.449113879628000846e-03	-3.258894684430268529e-01	-3.257947575937773510e-01	-1.945276030877133744e+00
4.482453061940686913e-03	-3.295889901889402229e-01	-3.295461448047343755e-01	-1.967357272040577865e+00
4.515792244253372979e-03	-3.332044318981136621e-01	-3.331896131938036354e-01	-1.988858006459836458e+00
4.549131426566056444e-03	-3.367857261611383324e-01	-3.368543432051865349e-01	-2.009060812578088662e+00
4.582470608878747714e-03	-3.403025912778723239e-01	-3.404124429775639005e-01	-2.029139593921083673e+00
4.615809791191433781e-03	-3.436831887466463842e-01	-3.438539259926522429e-01	-2.049191316729528367e+00
4.649148973504117245e-03	-3.470180415222165471e-01	-3.472441878369156298e-01	-2.068445727309122351e+00
4.682488155816803312e-03	-3.502295124793733394e-01	-3.505142893203458954e-01	-2.088016488110822966e+00
4.715827338129489378e-03	-3.533101922657033156e-01	-3.536819484588857310e-01	-2.106417534283996140e+00
4.749166520442175445e-03	-3.562755438768113181e-01	-3.567503867097622794e-01	-2.123533536898428054e+00
4.782505702754861511e-03	-3.591487618064077014e-01	-3.597060739513938121e-01	-2.140025541733982184e+00
4.815844885067547577e-03	-3.619150273498547565e-01	-3.625013326127022317e-01	-2.156782352935192826e+00
4.849184067380233644e-03	-3.646490783207309017e-01	-3.652289406690947815e-01	-2.172614280667781728e+00
4.882523249692919710e-03	-3.672339758120016784e-01	-3.679410857318309302e-01	-2.188140169685603542e+00
4.915862432005605777e-03	-3.697022565440572506e-01	-3.704850707155942779e-01	-2.203160288622987295e+00
4.949201614318291843e-03	-3.719985114476939136e-01	-3.727990436360617554e-01	-2.216617349681469840e+00
4.982540796630977910e-03	-3.742077870005669493e-01	-3.751233252223268866e-01	-2.229592157053002399e+00
5.015879978943663976e-03	-3.763735728787876988e-01	-3.773403322755348177e-01	-2.242004818061499094e+00
5.049219161256350043e-03	-3.783972924826503603e-01	-3.794181723661648742e-01	-2.254475144284034727e+00
5.082558343569036977e-03	-3.803604486867990797e-01	-3.814425362636505445e-01	-2.265482277619126350e+00
5.115897525881722176e-03	-3.821825050533745882e-01	-3.833380418621816776e-01	-2.276447854556117534e+00
5.149236708194409110e-03	-3.838753809749439472e-01	-3.850740853151194965e-01	-2.286943741131401975e+00
5.182575890507094309e-03	-3.854410093257934489e-01	-3.867250822907714047e-01	-2.296461910623042169e+00
5.215915072819802059e-03	-3.868935645187452366e-01	-3.882675161491273563e-01	-2.304577772517481637e+00
5.249254255132470778e-03	-3.882092077680346365e-01	-3.896491992782191716e-01	-2.313161070817121523e+00
5.282593437445174192e-03	-3.893959927172812030e-01	-3.908891382771709222e-01	-2.320460611584083122e+00
5.315932619757862861e-03	-3.904410335362089035e-01	-3.919779909189677891e-01	-2.327165790408855628e+00
5.349271802070550662e-03	-3.913469073906782891e-01	-3.928838647739767431e-01	-2.332373949809744218e+00
5.382610984383234126e-03	-3.921377752119475923e-01	-3.937823292769860317e-01	-2.337848203243737100e+00
5.415950166695924529e-03	-3.927527514527797137e-01	-3.945206873413618087e-01	-2.341984577969750347e+00
5.449289349008606259e-03	-3.932772047373751523e-01	-3.951392071860326816e-01	-2.345422536854290918e+00
5.482628531321296662e-03	-3.936785983447012582e-01	-3.956198486487690347e-01	-2.346570670807175407e+00
5.515967713633976657e-03	-3.939546772544308406e-01	-3.959397393810454857e-01	-2.347897274531845380e+00
5.549306895946668795e-03	-3.940761262030463841e-01	-3.961449462254389986e-01	-2.349164925265140980e+00
5.582646078259348790e-03	-3.940748376200400305e-01	-3.962009995863833289e-01	-2.349666509067835474e+00
5.615985260572042663e-03	-3.939330934890128422e-01	-3.961372147273735100e-01	-2.349247717207462394e+00
5.649324442884723525e-03	-3.936724775753981387e-01	-3.959503701908718698e-01	-2.347218187436010517e+00
5.682663625197414796e-03	-3.932852583811755620e-01	-3.955989091748366437e-01	-2.344659691394183287e+00
5.716002807510094791e-03	-3.927446978089668694e-01	-3.951221334611261238e-01	-2.341144417108099507e+00
5.749341989822786929e-03	-3.921564596655520152e-01	-3.945416268152406314e-01	-2.337091478601212913e+00
5.782681172135466924e-03	-3.914210009136093182e-01	-3.938232417874919511e-01	-2.332951238200204003e+00
5.816020354448159062e-03	-3.905241471401644793e-01	-3.929756763133156472e-01	-2.327735669386739037e+00
5.849359536760837322e-03	-3.894655761996244636e-01	-3.920968627014322916e-01	-2.321210248842557000e+00
5.882698719073532062e-03	-3.883197037608115409e-01	-3.910196073066620204e-01	-2.314041177775910008e+00
5.916037901386209455e-03	-3.869898860983829736e-01	-3.897973863239904690e-01	-2.306578308483042683e+00
5.949377083698906797e-03	-3.855763105412635117e-01	-3.884366426686781670e-01	-2.298631896088645821e+00
5.982716266011584190e-03	-3.840245344576457831e-01	-3.869602486892790849e-01	-2.290344007687704853e+00
6.016055448324278930e-03	-3.823645174025669946e-01	-3.853727144264737503e-01	-2.280680872131402914e+00
6.049394630636955456e-03	-3.805382731410948960e-01	-3.836302280583090418e-01	-2.269768127110623812e+00
6.082733812949651063e-03	-3.786247273823991621e-01	-3.817553397876342069e-01	-2.259129530180538747e+00
6.116072995262327588e-03	-3.765958534463795804e-01	-3.797841299387590408e-01	-2.247838263194339881e+00
6.149412177575023196e-03	-3.744274904019874173e-01	-3.776679545035694363e-01	-2.235375024669860267e+00
6.182751359887697987e-03	-3.721895438772084841e-01	-3.754180885835847747e-01	-2.221836781170154929e+00
6.216090542200395329e-03	-3.698291819692658966e-01	-3.730944512885981945e-01	-2.207587559403378474e+00
6.249429724513070120e-03	-3.673019485649797189e-01	-3.707018748049735191e-01	-2.192663440045154566e+00
6.282768906825767462e-03	-3.646245952436759641e-01	-3.681237423715800205e-01	-2.176857604664506507e+00
6.316108089138442253e-03	-3.618547860946991213e-01	-3.654244831386448955e-01	-2.160064067008627742e+00
6.349447271451139595e-03	-3.590170041951244451e-01	-3.625483658918699503e-01	-2.143092383323122796e+00
6.382786453763814385e-03	-3.560484311241636779e-01	-3.596561413601930268e-01	-2.125430983874359470e+00
6.416125636076511728e-03	-3.529532547768240436e-01	-3.565957567504253189e-01	-2.106884325459550844e+00
6.449464818389189988e-03	-3.497894613879239389e-01	-3.534638557873281406e-01	-2.088176917275855526e+00
6.482804000701888197e-03	-3.464800581239486643e-01	-3.502108280258665607e-01	-2.068375176971737339e+00
6.516143183014561253e-03	-3.430385751065738731e-01	-3.468969147210611004e-01	-2.048038030040751689e+00
6.549482365327260330e-03	-3.395584346026065958e-01	-3.434306264807823750e-01	-2.027665448830721751e+00
6.582821547639933386e-03	-3.359632880701181601e-01	-3.398502986492150102e-01	-2.006417273928310152e+00
6.616160729952632463e-03	-3.322647327561626396e-01	-3.362081188374893004e-01	-1.984560887527302198e+00
6.649499912265305519e-03	-3.285323521419901138e-01	-3.324396578963875748e-01	-1.961796370951256474e+00
6.682839094578004596e-03	-3.246582274027567383e-01	-3.286905257032769478e-01	-1.938726461386527600e+00
6.716178276890677652e-03	-3.206710295100022035e-01	-3.247719448510152929e-01	-1.915200071978405250e+00
6.749517459203376729e-03	-3.166593485437618760e-01	-3.207496330719046274e-01	-1.890479808667958173e+00
6.782856641516048918e-03	-3.125297622378839235e-01	-3.166113488277512156e-01	-1.865923520664326540e+00
6.816195823828748862e-03	-3.083657063403322796e-01	-3.124795075016829071e-01	-1.840619532468529274e+00
6.849535006141421051e-03	-3.041159596776414897e-01	-3.083022436286317336e-01	-1.815444083466488889e+00
6.882874188454121862e-03	-2.997634485253099501e-01	-3.040057858330371121e-01	-1.789401095875533754e+00
6.916213370766793184e-03	-2.954112595214661852e-01	-2.996323352074101720e-01	-1.763185440346745514e+00
6.949552553079493995e-03	-2.909685475660941378e-01	-2.952228042611985681e-01	-1.736647640836701312e+00
6.982891735392165317e-03	-2.865139162206065127e-01	-2.907904009697345749e-01	-1.709317685471707371e+00
7.016230917704866128e-03	-2.818492458524792244e-01	-2.862468573990705201e-01	-1.681824082441689239e+00
7.049570100017535715e-03	-2.771468844344998628e-01	-2.815618918492238665e-01	-1.653850805968033022e+00
7.082909282330238261e-03	-2.724181070674607796e-01	-2.768240943995893821e-01	-1.625589855481866186e+00
7.116248464642907848e-03	-2.676790210382856139e-01	-2.720308878840074218e-01	-1.597105338156701082e+00
7.149587646955610394e-03	-2.628564992630222918e-01	-2.672354263498912808e-01	-1.567874732438669705e+00
7.182926829268279981e-03	-2.579679376115689982e-01	-2.623636162760472623e-01	-1.538673767102865853e+00
7.216266011580984262e-03	-2.530565036132317314e-01	-2.574721553130041030e-01	-1.509301422725722208e+00
7.249605193893653848e-03	-2.481238079964309118e-01	-2.525571777115656058e-01	-1.479523498872028942e+00
7.282944376206356395e-03	-2.431843473192970562e-01	-2.475800259822718563e-01	-1.449516209640380193e+00
7.316283558519025981e-03	-2.380905788312284999e-01	-2.425793576139809449e-01	-1.419328843412939634e+00
7.349622740831728528e-03	-2.330219377107333456e-01	-2.374730254419075148e-01	-1.389188513300393613e+00
7.382961923144396379e-03	-2.279758467915430076e-01	-2.323805455363566752e-01	-1.359076534739486419e+00
7.416301105457100661e-03	-2.229668026317719043e-01	-2.273579712562984745e-01	-1.329304745195724058e+00
7.449640287769768512e-03	-2.178720677029497843e-01	-2.223482828048900239e-01	-1.299281039803911408e+00
7.482979470082472793e-03	-2.127886078734135544e-01	-2.172248769047231964e-01	-1.269120746874681016e+00
7.516318652395140645e-03	-2.077299532640670687e-01	-2.121021152942470789e-01	-1.239036804987727391e+00
7.549657834707844926e-03	-2.026912716884369248e-01	-2.070582793888003925e-01	-1.208702557884275386e+00
7.582997017020511911e-03	-1.975385505168019695e-01	-2.019667659108658475e-01	-1.178102864671842775e+00
7.616336199333217059e-03	-1.924499363450712375e-01	-1.968175883419854277e-01	-1.147631387850317042e+00
7.649675381645884044e-03	-1.873506913603533441e-01	-1.917273634410720240e-01	-1.117191483504387017e+00
7.683014563958589192e-03	-1.822491913516445794e-01	-1.866084675654313962e-01	-1.086925862249505492e+00
7.716353746271256177e-03	-1.771718522696717202e-01	-1.814934374348701196e-01	-1.056567142778150004e+00
7.749692928583962193e-03	-1.721099761790468863e-01	-1.764109440203425472e-01	-1.026236774085028003e+00
7.783032110896668208e-03	-1.671180057104562078e-01	-1.713977119365504842e-01	-9.962359625786740835e-01
7.816371293209334326e-03	-1.622052830903812914e-01	-1.664141172566528937e-01	-9.665489229830853679e-01
7.849710475522003045e-03	-1.572232991298353477e-01	-1.614888309517735487e-01	-9.373438153529964900e-01
7.883049657834708193e-03	-1.523208851631248084e-01	-1.564852632254569997e-01	-9.079196500250849011e-01
7.916388840147409872e-03	-1.474065517981222873e-01	-1.515412924566181263e-01	-8.786997266798348694e-01
7.949728022460080326e-03	-1.426091573333718443e-01	-1.466820460134160287e-01	-8.496209046345876148e-01
7.983067204772782005e-03	-1.377383136321562729e-01	-1.418466383495851635e-01	-8.206548349628305372e-01
8.016406387085452459e-03	-1.329637915031499640e-01	-1.370447338373884660e-01	-7.920804959158196379e-01
8.049745569398154138e-03	-1.282617521610551758e-01	-1.322570037317754021e-01	-7.636791503446512808e-01
8.083084751710824592e-03	-1.236376720836362825e-01	-1.275069646721679051e-01	-7.355761129004119159e-01
8.116423934023526271e-03	-1.190280885583006598e-01	-1.229202535005798347e-01	-7.078570742897239976e-01
8.149763116336196725e-03	-1.144217264836643322e-01	-1.183412738204158987e-01	-6.805510275419743849e-01
8.183102298648898404e-03	-1.099393905158712187e-01	-1.137816228784903905e-01	-6.537046837048680059e-01
8.216441480961568858e-03	-1.055414567278890187e-01	-1.093331122135058203e-01	-6.277262014267919188e-01
8.249780663274270537e-03	-1.012701262133127306e-01	-1.049303462383297109e-01	-6.022415693194017594e-01
8.283119845586940991e-03	-9.699492994303668403e-02	-1.006477406215172538e-01	-5.770481576052951533e-01
8.316459027899642670e-03	-9.281927670336501124e-02	-9.641249042348570830e-02	-5.524774542343348083e-01
8.349798210212313124e-03	-8.869323390284673814e-02	-9.223103855932290873e-02	-5.281090588910182237e-01
8.383137392525014803e-03	-8.465094899144910701e-02	-8.819165296542182120e-02	-5.042177618688920004e-01
8.416476574837685257e-03	-8.077360269939833082e-02	-8.417159611017721588e-02	-4.806850134674807706e-01
8.449815757150386936e-03	-7.688433700812524751e-02	-8.031776645740688891e-02	-4.577376042532035338e-01
8.483154939463059124e-03	-7.305788973260578245e-02	-7.645974890358345211e-02	-4.351210390229444114e-01
8.516494121775762538e-03	-6.938639455909488551e-02	-7.268935498874511125e-02	-4.132689259206661081e-01
8.549833304088432992e-03	-6.582990541446114008e-02	-6.904363147509209875e-02	-3.922241102824024495e-01
8.583172486401134671e-03	-6.239228804824716729e-02	-6.549584026530136383e-02	-3.715971178505044770e-01
8.616511668713805125e-03	-5.906903242026564221e-02	-6.211073265690057049e-02	-3.512974256387320637e-01
8.649850851026506804e-03	-5.578089067462795037e-02	-5.880100715028186570e-02	-3.315653543453611629e-01
8.683190033339177258e-03	-5.255717807538598518e-02	-5.554379139695380524e-02	-3.127433448699623031e-01
8.716529215651878937e-03	-4.946167948298270389e-02	-5.234617260374279518e-02	-2.943014674353534033e-01
8.749868397964549391e-03	-4.646636821686299379e-02	-4.927612352595710926e-02	-2.764468617353366686e-01
8.783207580277251070e-03	-4.357253286047669399e-02	-4.633332201830265423e-02	-2.592845472640529780e-01
8.816546762589921524e-03	-4.089002511838249476e-02	-4.349843933573276089e-02	-2.431279718142528579e-01
8.849885944902623203e-03	-3.824746344681305421e-02	-4.084814616953050953e-02	-2.272255693553696387e-01
8.883225127215293657e-03	-3.568704894058966071e-02	-3.828225518889355472e-02	-2.120814979657618671e-01
8.916564309527995336e-03	-3.323874115583116962e-02	-3.576275319436367922e-02	-1.977308715246580972e-01
8.949903491840665790e-03	-3.098082151304065029e-02	-3.340206905679352772e-02	-1.842088039140664102e-01
8.983242674153367469e-03	-2.885691450449328482e-02	-3.122017581396676136e-02	-1.713423028669011638e-01
9.016581856466037923e-03	-2.683158409678581061e-02	-2.908660443283384023e-02	-1.593652461934998987e-01
9.049921038778739601e-03	-2.488679012748487573e-02	-2.711797167956845125e-02	-1.478098782713381243e-01
9.083260221091410055e-03	-2.259182371132049602e-02	-2.505205090374221580e-02	-1.337707665978868643e-01
9.116599403404122143e-03	-1.872671883877406740e-02	-2.192111623181598745e-02	-1.094571383112609431e-01
9.149938585716785658e-03	-1.173873291092562658e-02	-1.653193974679805292e-02	-6.713749498772365876e-02
9.183277768029494276e-03	-4.048469184532141156e-03	-9.017567629579054458e-03	-2.302478759773199726e-02
9.216616950342157791e-03	-1.388511586446935760e-03	-4.116764087608002637e-03	-9.205056465823457587e-03
9.249956132654866409e-03	-8.067163305371892728e-04	-2.430008851927612651e-03	-6.190094241610107940e-03
9.283295314967529924e-03	-5.560869234295239428e-04	-1.871408091628061444e-03	-4.676975576203399113e-03
9.316634497280238542e-03	-3.888932700815566387e-04	-1.643973179919270850e-03	-3.584901426759802123e-03
9.349973679592902057e-03	-2.668000241756584168e-04	-1.432001265036751897e-03	-2.812073731763131863e-03
9.383312861905610675e-03	-1.878743111158767784e-04	-1.314418059954853939e-03	-2.249607222375198372e-03
9.416652044218274190e-03	-1.360088425355550118e-04	-1.257720404891950194e-03	-1.829206996153028876e-03
9.449991226530982807e-03	-8.253264511156464713e-05	-1.179116837648107145e-03	-1.513504144208506399e-03
9.483330408843646323e-03	-6.384819058865801738e-05	-1.131117118312165463e-03	-1.276404859440615110e-03
9.516669591156354940e-03	-1.778134581977083110e-05	-1.076030192090765992e-03	-1.091493188957937859e-03
9.550008773469018455e-03	-9.083410092723926777e-06	-1.050580676462643239e-03	-9.410511155719127573e-04
9.583347955781727073e-03	1.958756322617511103e-05	-1.050902822224103082e-03	-8.215350358435534678e-04
9.616687138094390588e-03	1.765468861936840686e-05	-1.039949866134914089e-03	-7.277906175102966634e-04
9.650026320407099206e-03	2.989622779253115506e-05	-1.025775452362446367e-03	-6.759251489459054858e-04
9.683365502719762721e-03	5.534574343509127912e-05	-1.009346018222353038e-03	-6.205160769348858638e-04
9.716704685032471339e-03	5.309072306085331282e-05	-9.726214007436982190e-04	-5.879793544160394608e-04
9.750043867345134854e-03	6.694299107097926845e-05	-9.867958144987754466e-04	-5.435232385003814113e-04
9.783383049657843472e-03	6.404367916161692953e-05	-9.751985668719159814e-04	-5.171072855640478257e-04
9.816722231970506987e-03	7.725165563687956809e-05	-9.829300652919987190e-04	-5.084093498398025573e-04
9.850061414283215605e-03	7.531878103026747821e-05	-1.006768852078365880e-03	-4.968121022080833728e-04
9.883400596595879120e-03	6.339938762701277067e-05	-9.855072314258030500e-04	-4.681411288985528989e-04
9.916739778908587738e-03	7.209732335184437552e-05	-9.661784853722700907e-04	-4.652418169924430716e-04
9.950078961221251253e-03	8.659388289768083023e-05	-9.745542753353760067e-04	-4.352822606096087604e-04
9.983418143533959871e-03	7.370805219304081644e-05	-9.687556515176905638e-04	-4.349601148426333647e-04
1.001675732584662339e-02	7.757380140528802163e-05	-9.381518036198063576e-04	-4.343158233079645603e-04
1.005009650815933200e-02	8.884890327354931462e-05	-9.346082001703867430e-04	-4.230407214437401043e-04
1.008343569047199552e-02	8.530529982691097677e-05	-9.626348819404376448e-04	-4.024233923219679415e-04
1.011677487278470414e-02	7.854023870576030768e-05	-9.549033835215373382e-04	-4.156313687896789899e-04
1.015011405509736939e-02	9.464752708921215130e-05	-9.684335057472870292e-04	-3.898597073876257390e-04
1.018345323741007627e-02	7.403019795923927292e-05	-9.452390104955320227e-04	-3.869603954800200380e-04
1.021679241972273978e-02	6.984230298053666888e-05	-9.716549634199245309e-04	-4.053227042282723288e-04
1.025013160203545014e-02	7.596307256421929973e-05	-1.009668163974286647e-03	-3.731081274741923680e-04
1.028347078434811365e-02	8.047311331380469640e-05	-9.607020073352054868e-04	-3.679537951920253103e-04
1.031680996666082747e-02	7.306376065720260511e-05	-9.887286890957473935e-04	-3.627994629133727482e-04
1.035014914897348579e-02	8.917104904000345308e-05	-9.822857737462476879e-04	-3.634437544488863087e-04
1.038348833128620134e-02	8.627173713031379353e-05	-9.578026954209893510e-04	-3.608665883074138494e-04
1.041682751359887006e-02	9.529181862440308038e-05	-9.732656922676029016e-04	-3.573229848618229322e-04
1.045016669591158041e-02	9.690254746280026036e-05	-9.658563396155417065e-04	-3.524907983506653155e-04
1.048350587822423699e-02	9.883542206817070837e-05	-9.549033835222490085e-04	-3.518465068143698826e-04
1.051684506053694734e-02	9.722469323029685922e-05	-9.462054477897603342e-04	-3.347727811346094687e-04
1.055018424284961606e-02	8.852675750390111655e-05	-9.445947189593608935e-04	-3.257526996429973534e-04
1.058352342516232468e-02	1.068890662593784629e-04	-9.371853663190591720e-04	-3.267191369449679527e-04
1.061686260747498126e-02	7.757380140411532145e-05	-9.288095763554343569e-04	-3.067460993585159829e-04
1.065020178978768987e-02	9.239250671334345007e-05	-9.156015998914194621e-04	-3.147997435464672277e-04
1.068354097210036033e-02	9.786898476666105768e-05	-9.288095763561496051e-04	-3.138333062420233465e-04
1.071688015441306895e-02	9.980185937033584059e-05	-9.172123287130198432e-04	-3.093232654982333899e-04
1.075021933672572552e-02	1.104326697028214943e-04	-9.246216813738215509e-04	-3.157661808475927456e-04
1.078355851903843414e-02	1.030233170464140037e-04	-9.278431390601378894e-04	-3.077125366594460191e-04
1.081689770135110633e-02	1.094662324015697211e-04	-9.139908710537919707e-04	-3.144775977766926930e-04
1.085023688366381321e-02	1.030233170475232916e-04	-8.885413554202837693e-04	-3.173769096862477895e-04
1.088357606597646979e-02	1.027011712801565124e-04	-8.962728538311929638e-04	-3.070682451251673106e-04
1.091691524828917667e-02	9.690254746188675227e-05	-9.265545559754987184e-04	-3.044910789841490236e-04
1.095025443060185580e-02	9.464752708771359416e-05	-9.545812377445853309e-04	-2.922495398173693124e-04
1.098359361291455748e-02	8.723817443221886631e-05	-9.426618443521164563e-04	-2.961152890270752833e-04
1.101693279522721926e-02	1.027011712819159286e-04	-9.455611562527695482e-04	-2.851623329296973657e-04
1.105027197753992094e-02	8.401671675776996090e-05	-9.191452033247469143e-04	-2.825851667896566496e-04
1.108361115985260180e-02	1.052783374201333419e-04	-9.204337863883810776e-04	-2.916052482816587524e-04
1.111695034216530174e-02	1.113991070081151732e-04	-9.584469869527440910e-04	-2.925716855825901980e-04
1.115028952447795832e-02	1.043119001169240688e-04	-9.326753255550261851e-04	-2.841958956253847813e-04
1.118362870679066173e-02	9.722469322938428625e-05	-9.352524916999363242e-04	-2.809744379514537722e-04
1.121696788910334260e-02	1.275063953918295970e-04	-9.098029760713395586e-04	-2.854844786970005158e-04
1.125030707141604601e-02	1.010904424416286590e-04	-9.104472676197049264e-04	-2.832294583233489673e-04
1.128364625372870259e-02	9.335894401831239687e-05	-9.387960951488297755e-04	-2.754979599021153492e-04
1.131698543604140600e-02	1.229963546424403325e-04	-9.242995356059948396e-04	-2.751758141348773054e-04
1.135032461835408686e-02	1.142984189159788059e-04	-9.642456107789084286e-04	-2.690550445490487268e-04
1.138366380066679028e-02	1.304057072984533361e-04	-9.168901829681598949e-04	-2.742093768306951506e-04
1.141700298297944685e-02	1.142984189166979301e-04	-9.220445152437578258e-04	-2.703436276209901555e-04
1.145034216529214853e-02	8.594959136223158998e-05	-8.969171453718124661e-04	-2.903166652119301260e-04
1.148368134760483286e-02	1.126876900760826622e-04	-8.737226501178546861e-04	-2.722765022265581452e-04
1.151702052991753454e-02	1.117212527750915312e-04	-9.159237456673470067e-04	-2.922495398160673483e-04
1.155035971223019112e-02	1.059226289569512925e-04	-9.123801422230591379e-04	-2.700214818530350205e-04
1.158369889454289800e-02	1.155870019859668818e-04	-8.862863350532397284e-04	-2.725986479921686388e-04
1.161703807685558060e-02	8.433886252226929640e-05	-8.811320027823787851e-04	-2.642228580379575175e-04
1.165037725916828228e-02	9.722469322892618373e-05	-9.098029760804874060e-04	-2.825851667883538180e-04
1.168371644148094059e-02	9.529181862433579208e-05	-9.368632205628471933e-04	-2.774308345095702843e-04
1.171705562379363880e-02	1.130098358449486084e-04	-9.397625324646132188e-04	-2.687328987829175450e-04
1.175039480610632833e-02	1.014125882080816997e-04	-9.159237456691020048e-04	-2.619678376623532125e-04
1.178373398841902654e-02	1.097883781706307694e-04	-9.275209932982955404e-04	-2.796858548806188801e-04
1.181707317073168312e-02	1.120433985425238097e-04	-9.590912784974580827e-04	-2.571356511496999389e-04
1.185041235304438306e-02	9.980185937216239599e-05	-9.375075120744513855e-04	-2.671221699445203244e-04
1.188375153535707260e-02	1.133319816128368210e-04	-9.645677565402391426e-04	-2.619678376639156020e-04
1.191709071766977081e-02	1.101105239370850705e-04	-9.636013192419769485e-04	-2.548806307755922666e-04
1.195042989998242912e-02	1.004461509078731729e-04	-9.848629398876370972e-04	-2.742093768321919459e-04
1.198376908229512559e-02	1.123655443100188500e-04	-9.658563396089395658e-04	-2.664778784087459590e-04
1.201710826460781860e-02	1.110769612393149025e-04	-9.284874305947593684e-04	-2.577799426856071190e-04
1.205044744692051507e-02	1.113991070072688585e-04	-9.346082001756554234e-04	-2.684107530152251664e-04
1.208378662923317338e-02	1.310499988350132059e-04	-9.284874305886517323e-04	-2.680886072485092202e-04
1.211712581154586986e-02	1.014125882110799795e-04	-9.346082001642258726e-04	-2.661557326434594250e-04
1.215046499385856286e-02	1.014125882083438462e-04	-9.178566202604617960e-04	-2.674443157122132451e-04
1.218380417617125934e-02	1.200970427317720314e-04	-9.165680371862651183e-04	-2.867730617677690546e-04
1.221714335848391765e-02	1.049561916540708986e-04	-9.081922472350291561e-04	-2.516591731002951085e-04
1.225048254079661413e-02	1.120433985415456561e-04	-9.172123287283362588e-04	-2.490820069609051305e-04
1.228382172310930887e-02	1.094662324010485586e-04	-9.049707895619424694e-04	-2.581020884538191558e-04
1.231716090542200708e-02	1.304057072996261989e-04	-8.869306265782723065e-04	-2.706657733869240667e-04
1.235050008773466192e-02	1.059226289572119889e-04	-9.320310340273047856e-04	-2.767865429734709293e-04
1.238383927004735839e-02	1.136541273800723847e-04	-9.349303459234043368e-04	-2.655114411069047051e-04
1.241717845236005660e-02	1.014125882095802568e-04	-9.774535872281949790e-04	-2.639007122706544216e-04
1.245051763467275134e-02	1.197748969671467252e-04	-9.777757329812383769e-04	-2.690550445521059058e-04
1.248385681698540618e-02	1.020568797439901673e-04	-9.355746374576438514e-04	-2.587463799870557291e-04
1.251719599929810092e-02	1.007682966743284227e-04	-9.275209932812938408e-04	-2.616456918973294890e-04
1.255053518161080087e-02	1.056004831900419924e-04	-9.259102644489350300e-04	-2.571356511507417487e-04
1.258387436392349561e-02	1.155870019855107715e-04	-9.297760136522258308e-04	-2.587463799876406562e-04
1.261721354623615045e-02	8.981534057317367326e-05	-9.297760136397155472e-04	-2.568135053825934631e-04
1.265055272854884519e-02	1.178420223607924586e-04	-9.300981594024596271e-04	-2.552027765456297745e-04
1.268389191086154513e-02	1.246070834797943609e-04	-9.452390104778352412e-04	-2.445719662147068357e-04
1.271723109317423987e-02	1.075333577950879387e-04	-9.510376343053436642e-04	-2.581020884531683634e-04
1.275057027548689298e-02	1.065669204950064533e-04	-9.333196170961821506e-04	-2.661557326405313202e-04
1.278390945779958945e-02	1.275063953911779915e-04	-9.030379149588909672e-04	-2.506927357990406790e-04
1.281724864011228940e-02	1.355600395816663236e-04	-9.452390104909861798e-04	-2.455384035172638257e-04
1.285058782242498587e-02	1.126876900781676914e-04	-9.516819258411229627e-04	-2.571356511502203017e-04
1.288392700473764245e-02	1.023790255133101774e-04	-9.465275935624597754e-04	-2.622899834308254035e-04
1.291726618705038403e-02	1.056004831877607226e-04	-9.439504274131548228e-04	-2.513370273350119897e-04
1.295060536936307877e-02	1.133319816125742002e-04	-9.072258099186975401e-04	-2.639007122677258289e-04
1.298394455167573187e-02	1.014125882127104976e-04	-9.081922472243037945e-04	-2.510148815666688729e-04
1.301728373398842488e-02	1.081776493303427951e-04	-9.072258099145597910e-04	-2.561692138465577508e-04
1.305062291630112829e-02	1.307278530670605374e-04	-8.872527723419158406e-04	-2.513370273351423108e-04
1.308396209861382303e-02	1.078555035621300536e-04	-9.284874305772641400e-04	-2.626121291968919668e-04
1.311730128092647614e-02	1.184863138968298785e-04	-9.204337863913589473e-04	-2.587463799886178476e-04
1.315064046323916915e-02	1.268621038535111512e-04	-9.120579964392034732e-04	-2.645450038027198940e-04
1.318397964555187603e-02	1.081776493310592088e-04	-9.239773898362802071e-04	-2.419948000729727042e-04
1.321731882786456730e-02	1.175198765948598349e-04	-8.949842707667324216e-04	-2.581020884543389223e-04
1.325065801017722041e-02	1.001240051387464083e-04	-9.255881186753283285e-04	-2.542363392422255348e-04
1.328399719248991341e-02	1.049561916546565575e-04	-9.159237456641680175e-04	-2.613235461283341162e-04
1.331733637480262029e-02	1.152648562201641184e-04	-9.246216813894478316e-04	-2.442498204492283978e-04
1.335067555711531156e-02	1.039897543517746185e-04	-9.542590919907659695e-04	-2.516591731023126461e-04
1.338401473942796467e-02	1.062447747251662973e-04	-9.271988475272289077e-04	-2.561692138485106699e-04
1.341735392174065594e-02	1.084997950984256085e-04	-9.230109525334865899e-04	-2.526256104031131744e-04
1.345069310405336456e-02	1.126876900779069136e-04	-9.197894948670703487e-04	-2.597128172914342872e-04
1.348403228636605583e-02	1.068890662606796003e-04	-9.197894948581829266e-04	-2.503705900319342574e-04
1.351737146867870894e-02	1.033454628165199384e-04	-9.214002237016354025e-04	-2.635785665031575788e-04
1.355071065099140194e-02	1.165534392883929544e-04	-9.233330983074086859e-04	-2.713100649243270122e-04
1.358404983330411056e-02	1.133319816114679074e-04	-9.439504274278117182e-04	-2.423169458420967447e-04
1.361738901561680357e-02	1.084997950998608076e-04	-9.011050403545055711e-04	-2.523034646379582083e-04
1.365072819792945320e-02	1.088219408663793070e-04	-9.136687252821808517e-04	-2.529477561722371336e-04
1.368406738024214621e-02	1.017347339774686863e-04	-9.236552440735505470e-04	-2.513370273350112307e-04
1.371740656255485483e-02	1.046340458880062733e-04	-9.223666610045287663e-04	-2.423169458432689299e-04
1.375074574486754783e-02	1.155870019864890065e-04	-9.236552440798961655e-04	-2.481155696590624671e-04
1.378408492718019747e-02	1.146205646869324240e-04	-9.365410747782205525e-04	-2.574577969179138188e-04
1.381742410949288874e-02	1.062447747281648752e-04	-9.503933427787253320e-04	-2.603571088256479435e-04
1.385076329180559909e-02	1.027011712802208192e-04	-9.114137049205085989e-04	-2.645450038042180987e-04
1.388410247411829210e-02	1.113991070081788294e-04	-9.410511155189031857e-04	-2.613235461300915537e-04
1.391744165643094173e-02	1.081776493304066952e-04	-9.288095763421461582e-04	-2.481155696587380739e-04
1.395078083874363301e-02	1.142984189185223577e-04	-9.468497393293185110e-04	-2.429612373788487352e-04
1.398412002105634509e-02	1.123655443104756786e-04	-9.610241531082808208e-04	-2.742093768316702820e-04
1.401745920336903636e-02	1.181641681271822767e-04	-9.990373536666063460e-04	-2.561692138474690769e-04
1.405079838568168600e-02	9.915756783605995104e-05	-9.768092957010627349e-04	-2.600349630578257859e-04
1.408413756799437727e-02	1.268621038539678714e-04	-9.458833020212511176e-04	-2.574577969186304222e-04
1.411747675030708936e-02	1.104326697066010501e-04	-9.838965025729506497e-04	-2.600349630580845849e-04
1.415081593261978063e-02	1.020568797446410139e-04	-9.329974713245234351e-04	-2.571356511498316694e-04
1.418415511493243027e-02	9.593611015978816296e-05	-9.478161766327640589e-04	-2.610014003622690166e-04
1.421749429724511980e-02	9.658040169614852605e-05	-9.049707895551217535e-04	-2.648671495735369975e-04
1.425083347955783362e-02	1.146205646849114847e-04	-9.223666610007554174e-04	-2.432833831453045813e-04
1.428417266187052663e-02	1.062447747254919239e-04	-9.526483631311556287e-04	-2.629342749656253964e-04
1.431751184418317800e-02	9.786898476691970766e-05	-9.333196170946900716e-04	-2.545584850103071420e-04
1.435085102649586580e-02	1.171977308266457788e-04	-9.297760136698539823e-04	-2.426390916077732121e-04
1.438419020880858309e-02	1.068890662598981481e-04	-9.300981594266472018e-04	-2.436055289116304044e-04
1.441752939112127090e-02	1.165534392903484214e-04	-9.462054478022262740e-04	-2.693771903181721981e-04
1.445086857343392227e-02	1.036676085832995001e-04	-9.436282816725671731e-04	-2.626121291990388498e-04
1.448420775574661007e-02	9.529181862505311379e-05	-9.185009118022712101e-04	-2.423169458422912235e-04
1.451754693805932910e-02	1.075333577977616626e-04	-8.943399792456909001e-04	-2.452162577512632903e-04
1.455088612037201516e-02	1.049561916536780379e-04	-8.962728538508689564e-04	-2.606792545946410937e-04
1.458422530268466653e-02	9.786898476568111510e-05	-9.246216813786810535e-04	-2.465048408206663849e-04
1.461756448499735260e-02	1.223520631080957858e-04	-9.239773898309932036e-04	-2.658335868762883307e-04
1.465090366731007336e-02	1.027011712789841511e-04	-9.445947189495645848e-04	-2.671221699467340484e-04
1.468424284962275943e-02	1.184863138970233408e-04	-9.429839901073353058e-04	-2.603571088263634085e-04
1.471758203193541080e-02	1.001240051395296089e-04	-9.561919665849246287e-04	-2.597128172924105028e-04
1.475092121424809687e-02	1.210634800358276870e-04	-9.462054477910077088e-04	-2.503705900292667406e-04
1.478426039656081763e-02	1.191306054294117428e-04	-9.059372268600884371e-04	-2.513370273342313099e-04
1.481759957887350369e-02	1.159091477561366624e-04	-9.426618443571702479e-04	-2.616456918966779920e-04
1.485093876118615507e-02	1.101105239360427863e-04	-9.081922472220362941e-04	-2.626121292005362414e-04
1.488427794349884113e-02	1.020568797454890497e-04	-9.130244337349046734e-04	-2.655114411088566485e-04
1.491761712581156189e-02	1.329828734406454888e-04	-8.949842707649184430e-04	-2.735650852968059417e-04
1.495095630812424796e-02	1.075333577950225884e-04	-9.136687252757256204e-04	-2.568135053831127959e-04
1.498429549043689933e-02	1.242849377136647242e-04	-8.891856469555422171e-04	-2.564913596148998918e-04
1.501763467274958540e-02	1.181641681309623883e-04	-8.698569009026595623e-04	-2.461826950532344316e-04
1.505097385506230789e-02	1.349157480458241956e-04	-9.107694133637957417e-04	-2.474712781251759688e-04
1.508431303737499223e-02	1.255735207839785757e-04	-8.811320027711554495e-04	-2.474712781232236460e-04
1.511765221968764360e-02	1.014125882105611345e-04	-8.882192096489535671e-04	-2.510148815642602093e-04
1.515099140200033834e-02	1.249292292506804197e-04	-9.188230575630163465e-04	-2.474712781233530997e-04
1.518433058431305216e-02	1.065669204929888209e-04	-9.188230575632924928e-04	-2.506927357993656686e-04
1.521766976662574690e-02	1.159091477549644501e-04	-9.413732612818303874e-04	-2.484377154262358924e-04
1.525100894893838786e-02	1.200970427339244844e-04	-9.210780779358384261e-04	-2.548806307765053274e-04
1.528434813125108260e-02	1.159091477540513351e-04	-9.281652848246590851e-04	-2.603571088265596491e-04
1.531768731356379643e-02	1.149427104491478876e-04	-9.333196171024671622e-04	-2.368404677941878965e-04
1.535102649587649117e-02	1.049561916534191440e-04	-9.722992549599800312e-04	-2.581020884517362408e-04
1.538436567818913213e-02	1.197748969659696611e-04	-9.442725732001692020e-04	-2.558470680804271653e-04
1.541770486050182340e-02	1.200970427335972045e-04	-9.120579964579138754e-04	-2.716322106910438799e-04
1.545104404281455283e-02	1.062447747234707948e-04	-9.226888067756473322e-04	-2.584242342181914363e-04
1.548438322512723543e-02	1.023790255102470623e-04	-9.107694133812446746e-04	-2.513370273342953863e-04
1.551772240743988507e-02	9.819113053363297044e-05	-9.433061358861926900e-04	-2.523034646371780706e-04
1.555106158975256767e-02	1.072112120286333801e-04	-9.307424509605606968e-04	-2.600349630587353773e-04
1.558440077206529710e-02	9.174821517939370208e-05	-9.233330983081751084e-04	-2.432833831438075420e-04
1.561773995437797970e-02	1.049561916538109882e-04	-9.520040716160090228e-04	-2.622899834306299761e-04
1.565107913669063280e-02	1.181641681305724414e-04	-9.365410747874470046e-04	-2.606792545913892462e-04
1.568441831900332234e-02	1.110769612378807334e-04	-9.310645967331825090e-04	-2.613235461291803360e-04
1.571775750131602922e-02	1.072112120283071301e-04	-9.300981594331431991e-04	-2.693771903171964161e-04
1.575109668362871876e-02	1.039897543524244893e-04	-9.120579964516039272e-04	-2.548806307783254860e-04
1.578443586594137707e-02	1.052783374204589549e-04	-9.236552440837818376e-04	-2.532699019412315306e-04
1.581777504825406661e-02	1.117212527752213508e-04	-9.278431390677996209e-04	-2.587463799884218239e-04
1.585111423056677349e-02	1.104326697039301859e-04	-9.033600607441113171e-04	-2.503705900301770367e-04
1.588445341287946302e-02	1.188084596628922269e-04	-9.175344745078870988e-04	-2.780751260413775539e-04
1.591779259519212134e-02	1.059226289562984131e-04	-9.629570277103522043e-04	-2.584242342207294994e-04
1.595113177750481087e-02	8.949319480769641450e-05	-9.220445152343655993e-04	-2.651892953391464069e-04
1.598447095981752816e-02	1.104326697046482259e-04	-9.536148004466262797e-04	-2.545584850108951590e-04
1.601781014213020729e-02	1.194527511986025566e-04	-9.545812377458799767e-04	-2.584242342209247642e-04
1.605114932444286560e-02	1.188084596643270601e-04	-9.468497393310054211e-04	-2.529477561727576590e-04
1.608448850675555514e-02	1.162312935216798813e-04	-9.323531797942290070e-04	-2.568135053818768596e-04
1.611782768906827243e-02	1.110769612408795418e-04	-9.268767017435895414e-04	-2.545584850097234618e-04
1.615116687138095156e-02	1.052783374220879145e-04	-9.384739493815860397e-04	-2.410283627708711604e-04
1.618450605369360987e-02	1.017347339792305826e-04	-9.642456107576867974e-04	-2.529477561710000047e-04
1.621784523600629940e-02	1.110769612410089142e-04	-9.558698208023676214e-04	-2.465048408203404737e-04
1.625118441831901669e-02	1.110769612408153706e-04	-9.500711969937277856e-04	-2.632564207339704648e-04
1.628452360063169582e-02	1.104326697051036585e-04	-9.587691327186815800e-04	-2.532699019399301085e-04
1.631786278294435413e-02	9.593611015998224870e-05	-9.294538678901687013e-04	-2.690550445503494441e-04
1.635120196525704367e-02	1.097883781688053525e-04	-9.255881186732067617e-04	-2.642228580356794461e-04
1.638454114756976096e-02	1.062447747239909950e-04	-9.027157691867523839e-04	-2.445719662141868523e-04
1.641788032988244009e-02	1.239627919493627812e-04	-9.307424509478353074e-04	-2.545584850099833450e-04
1.645121951219509840e-02	1.007682966743271758e-04	-9.578026954219754328e-04	-2.648671495734720538e-04
1.648455869450778100e-02	1.117212527738524643e-04	-9.391182409154109553e-04	-2.490820069609713753e-04
1.651789787682050523e-02	1.010904424439091834e-04	-9.655341938403390594e-04	-2.735650852968720781e-04
1.655123705913318435e-02	1.155870019863591868e-04	-9.693999430458828323e-04	-2.461826950519325216e-04
1.658457624144584266e-02	1.094662324013091737e-04	-9.313867424860153548e-04	-2.642228580394538249e-04
1.661791542375853220e-02	1.072112120286988253e-04	-9.156015998877207063e-04	-2.571356511500914985e-04
1.665125460607124949e-02	1.339493107444418303e-04	-9.081922472332681949e-04	-2.577799426838497899e-04
1.668459378838393209e-02	1.207413342696340823e-04	-9.110915591320146089e-04	-2.545584850084861160e-04
1.671793297069659387e-02	1.378150599577932412e-04	-9.185009117839970910e-04	-2.413505085400614457e-04
1.675127215300927647e-02	1.175198765938816948e-04	-9.346082001615230650e-04	-2.587463799887482771e-04
1.678461133532200417e-02	1.084997950986231095e-04	-9.223666609994855999e-04	-2.564913596165271708e-04
1.681795051763467982e-02	1.078555035642147169e-04	-9.352524917020277502e-04	-2.622899834307605683e-04
1.685128969994733814e-02	9.883542206915050187e-05	-9.152794541118621169e-04	-2.423169458424233606e-04
1.688462888226002073e-02	1.178420223598152807e-04	-9.436282816475970213e-04	-2.635785665004253351e-04
1.691796806457274843e-02	1.094662324011127434e-04	-9.246216813725872952e-04	-2.526256104050651720e-04
1.695130724688542409e-02	1.168755850569968354e-04	-9.445947189456316414e-04	-2.555249223110419134e-04
1.698464642919808240e-02	9.013748634066991974e-05	-9.194673490985408575e-04	-2.622899834323886605e-04
1.701798561151076500e-02	1.046340458874193133e-04	-8.946621249930614269e-04	-2.477934238911105847e-04
1.705132479382349270e-02	1.142984189179362516e-04	-9.407289697432278264e-04	-2.542363392425518796e-04
1.708466397613616836e-02	1.204191885019423135e-04	-9.239773898421871573e-04	-2.668000241785193011e-04
1.711800315844882667e-02	1.110769612395106552e-04	-9.297760136469561745e-04	-2.571356511504815402e-04
1.715134234076150926e-02	1.204191885017470080e-04	-9.020714776551633099e-04	-2.448941119825955091e-04
1.718468152307423696e-02	1.316942903705949357e-04	-8.856420435114320490e-04	-2.526256104057156390e-04
1.721802070538691262e-02	1.101105239371497974e-04	-9.127022879779687729e-04	-2.568135053831786070e-04
1.725135988769957093e-02	1.168755850567385106e-04	-9.462054477979462775e-04	-2.510148815676449801e-04
1.728469907001225353e-02	1.123655443093675020e-04	-9.487826139401430922e-04	-2.671221699436739962e-04
1.731803825232498123e-02	9.883542206843277359e-05	-9.133465795294658587e-04	-2.564913596167228151e-04
1.735137743463765689e-02	1.036676085823218750e-04	-9.323531798062777457e-04	-2.516591731017275564e-04
1.738471661695031520e-02	1.246070834823363813e-04	-9.352524917114135800e-04	-2.603571088264934044e-04
1.741805579926299780e-02	1.155870019867487542e-04	-9.346082001847895015e-04	-2.635785665018562109e-04
1.745139498157572550e-02	1.030233170475244165e-04	-9.052929353471395090e-04	-2.593906715230261182e-04
1.748473416388840115e-02	1.175198765931654031e-04	-9.346082001806294177e-04	-2.584242342211216553e-04
1.751807334620105946e-02	1.075333577944372277e-04	-9.439504274287750319e-04	-2.542363392397525238e-04
1.755141252851373512e-02	1.007682966748495716e-04	-9.468497393309869897e-04	-2.590685257575466504e-04
1.758475171082646976e-02	1.152648562199039777e-04	-9.259102644620344691e-04	-2.603571088274054353e-04
1.761809089313914542e-02	1.194527511997114922e-04	-9.156015999003071009e-04	-2.571356511504809439e-04
1.765143007545180373e-02	1.004461509093727465e-04	-9.329974713314752310e-04	-2.645450038042176108e-04
1.768476925776455572e-02	9.593611016030710278e-05	-9.120579964491546060e-04	-2.387733423981311821e-04
1.771810844007722444e-02	1.043119001199873058e-04	-9.114137049188928124e-04	-2.561692138498129594e-04
1.775144762238989316e-02	9.303679825049053736e-05	-9.159237456614518743e-04	-2.616456918955723768e-04
1.778478680470256187e-02	9.786898476450768308e-05	-9.246216813921871768e-04	-2.490820069603836293e-04
1.781812598701523059e-02	1.339493107443752874e-04	-9.236552440898118449e-04	-2.558470680802957058e-04
1.785146516932798258e-02	1.162312935229173626e-04	-9.175344744975718909e-04	-2.581020884539482300e-04
1.788480435164064089e-02	1.056004831912141776e-04	-8.840313146860985429e-04	-2.461826950537554992e-04
1.791814353395331655e-02	9.915756783808034824e-05	-8.837091689163951861e-04	-2.635785665017255103e-04
1.795148271626605119e-02	8.884890327055175311e-05	-8.840313146844094644e-04	-2.494041527266437227e-04
1.798482189857872685e-02	1.033454628146927731e-04	-8.856420435253330387e-04	-2.516591731017276106e-04
1.801816108089138516e-02	1.130098358474913200e-04	-9.281652848124747127e-04	-2.548806307784560240e-04
1.805150026320406081e-02	1.159091477543106898e-04	-8.846756062079365194e-04	-2.542363392420312457e-04
1.808483944551679545e-02	1.130098358457319580e-04	-8.914406673330865392e-04	-2.539141934751845448e-04
1.811817862782947111e-02	1.104326697048429350e-04	-8.791991281690218329e-04	-2.590685257569603681e-04
1.815151781014212942e-02	1.065669204933787677e-04	-9.146351625886106661e-04	-2.561692138484455094e-04
1.818485699245480508e-02	1.110769612397711483e-04	-8.914406673265336213e-04	-2.526256104053258142e-04
1.821819617476753972e-02	1.056004831886712898e-04	-9.004607488210677156e-04	-2.561692138468821983e-04
1.825153535708021538e-02	1.207413342684616532e-04	-9.139908710529634234e-04	-2.526256104028516648e-04
1.828487453939287369e-02	1.200970427354882699e-04	-9.400846782217421073e-04	-2.564913596168527567e-04
1.831821372170554935e-02	1.097883781695221050e-04	-9.416954070610374268e-04	-2.581020884531669540e-04
1.835155290401828398e-02	1.007682966745228879e-04	-9.539369462111417291e-04	-2.461826950541465167e-04
1.838489208633095964e-02	1.204191885018780881e-04	-9.442725731968618433e-04	-2.716322106913022995e-04
1.841823126864361795e-02	9.335894401909441834e-05	-9.098029760789415506e-04	-2.494041527283366502e-04
1.845157045095629361e-02	1.097883781676316087e-04	-9.165680371998242591e-04	-2.677664614797760616e-04
1.848490963326902825e-02	1.210634800369348200e-04	-9.317088882709509932e-04	-2.539141934744025639e-04
1.851824881558170391e-02	1.133319816161615135e-04	-8.779105450973476599e-04	-2.593906715220497942e-04
1.855158799789436222e-02	1.252513750170694247e-04	-9.062593726363366887e-04	-2.561692138481853009e-04
1.858492718020703788e-02	1.133319816139442658e-04	-9.081922472363441849e-04	-2.419948000750546976e-04
1.861826636251977252e-02	1.162312935228514702e-04	-9.114137049109638251e-04	-2.490820069602540129e-04
1.865160554483244817e-02	9.947971360427312621e-05	-9.165680371881934803e-04	-2.516591731021190618e-04
1.868494472714510649e-02	1.323385819079309859e-04	-8.878970638891861642e-04	-2.581020884543391933e-04
1.871828390945778214e-02	1.039897543524255329e-04	-9.139908710495111069e-04	-2.577799426863866604e-04
1.875162309177051678e-02	9.722469322944958232e-05	-9.072258099430319158e-04	-2.590685257562447405e-04
1.878496227408319244e-02	1.130098358448828786e-04	-9.101251218479817010e-04	-2.455384035167427581e-04
1.881830145639585075e-02	1.178420223611191829e-04	-8.895077927248532012e-04	-2.558470680804280327e-04
1.885164063870852641e-02	1.017347339774710174e-04	-9.217223694690733190e-04	-2.378069050969409915e-04
1.888497982102126105e-02	1.175198765942080126e-04	-9.368632205359350186e-04	-2.442498204488380308e-04
1.891831900333393671e-02	1.036676085842771659e-04	-9.603798615593444037e-04	-2.484377154262367056e-04
1.895165818564659502e-02	1.101105239359111777e-04	-9.497490512370694409e-04	-2.490820069601884187e-04
1.898499736795927068e-02	1.078555035633018728e-04	-9.085143929972694073e-04	-2.532699019392794246e-04
