# Time (s)	Generation (V)	PC (V)	PL (V)
1.500263204070890169e-05	1.165534392908043555e-04	1.728248786290727777e-03	-2.713100649238064867e-04
4.834181435339528833e-05	1.110769612412061035e-04	-5.167851265657747535e-04	-2.545584850110899902e-04
8.168099666608183592e-05	1.136541273820272012e-04	-8.730783577579188893e-04	-2.616456918976538823e-04
1.150201789787680921e-04	1.226742088755945531e-04	-9.185009117473894383e-04	-2.597128172911744039e-04
1.483593612914544161e-04	1.204191885008345570e-04	-9.433061358837361047e-04	-2.581020884528428317e-04
1.816985436041414854e-04	1.139762731495896247e-04	-9.384739493846374183e-04	-2.455384035164824411e-04
2.150377259168277959e-04	1.197748969644720120e-04	-9.703663803491692193e-04	-2.468269865876431901e-04
2.483769082295139165e-04	9.947971360388194607e-05	-9.565141123508097507e-04	-2.513370273350764455e-04
2.817160905422001998e-04	1.175198765936863758e-04	-9.497490512303213665e-04	-2.516591730995148624e-04
3.150552728548863747e-04	1.162312935234381726e-04	-9.600577157833618900e-04	-2.313639897460867650e-04
3.483944551675727122e-04	1.139762731480273707e-04	-9.584469869576878361e-04	-2.461826950523231055e-04
3.817336374802589413e-04	9.690254746227847452e-05	-9.262324102181321728e-04	-2.616456918968074457e-04
4.150728197929463088e-04	1.136541273807893947e-04	-9.387960951386434792e-04	-2.465048408207314913e-04
4.484120021056323211e-04	1.091440866332915209e-04	-9.442725731775223870e-04	-2.474712781228323574e-04
4.817511844183182249e-04	1.226742088753336941e-04	-9.587691327142510963e-04	-2.648671495713260924e-04
5.150903667310046709e-04	1.149427104509072360e-04	-9.549033835161698869e-04	-2.622899834321275304e-04
5.484295490436907373e-04	9.947971360479607758e-05	-9.842186483473242074e-04	-2.465048408205356301e-04
5.817687313563794059e-04	1.297614157662651320e-04	-9.880843975571026571e-04	-2.529477561728214643e-04
6.151079136690657976e-04	1.075333577961960069e-04	-9.523262173789764484e-04	-2.516591731014665889e-04
6.484470959817520809e-04	1.123655443107372695e-04	-9.549033835081225047e-04	-2.600349630590617221e-04
6.817862782944378221e-04	1.191306054325424308e-04	-9.813193364408350720e-04	-2.545584850105035452e-04
7.151254606071238886e-04	1.239627919447339156e-04	-9.636013192286117714e-04	-2.526256104032437123e-04
7.484646429198103888e-04	1.355600395849906501e-04	-9.703663803431432236e-04	-2.629342749672526213e-04
7.818038252324961300e-04	1.142984189153274850e-04	-9.845407941237104780e-04	-2.564913596155518768e-04
8.151430075451824133e-04	1.217077715734291363e-04	-9.861515229540674179e-04	-2.442498204489032998e-04
8.484821898578681545e-04	1.339493107448313028e-04	-1.048003510308881565e-03	-2.465048408215114663e-04
8.818213721705542209e-04	1.126876900772563110e-04	-9.871179602675332707e-04	-2.313639897458266920e-04
9.151605544832444074e-04	1.213856258059321986e-04	-9.706885261227556462e-04	-2.552027765450412696e-04
9.484997367959307991e-04	9.980185937144424757e-05	-9.800307533812146251e-04	-2.523034646375033854e-04
9.818389191086165403e-04	1.136541273824182187e-04	-9.655341938466305762e-04	-2.265318032316117065e-04
1.015178101421302607e-03	1.152648562200999879e-04	-1.033506950777841665e-03	-2.323304270481887695e-04
1.048517283733989107e-03	1.204191885023334530e-04	-1.024809015056714562e-03	-2.548806307787824230e-04
1.081856466046675824e-03	1.220299173401458008e-04	-1.019010391243193757e-03	-2.397397797002974798e-04
1.115195648359362541e-03	1.268621038527926776e-04	-9.845407941332445182e-04	-2.635785665019865862e-04
1.148534830672048607e-03	1.078555035638243228e-04	-9.384739493789797261e-04	-2.523034646369176452e-04
1.181874012984734674e-03	1.249292292464429239e-04	-9.481383224070101144e-04	-2.539141934725150222e-04
1.215213195297422692e-03	1.136541273796822074e-04	-9.478161766430276587e-04	-2.793637091129271520e-04
1.248552377610108758e-03	1.081776493307986072e-04	-9.378296578462608050e-04	-2.535920477076862383e-04
1.281891559922794608e-03	1.075333577944366449e-04	-8.814541485426760376e-04	-2.751758141326662377e-04
1.315230742235480241e-03	1.046340458865725379e-04	-9.162458914214264682e-04	-2.725986479924934658e-04
1.348569924548166741e-03	1.068890662612018199e-04	-9.420175528199698856e-04	-2.722765022258421381e-04
1.381909106860852374e-03	1.139762731477006463e-04	-9.610241531012067269e-04	-2.999810382374966649e-04
1.415248289173538223e-03	1.159091477548320555e-04	-9.697220888191679595e-04	-3.199540758269423879e-04
1.448587471486224290e-03	1.094662324003969667e-04	-9.626348819408921424e-04	-3.473364660699293505e-04
1.481926653798910139e-03	8.143955061499201379e-05	-9.220445152466920022e-04	-3.966247685058471107e-04
1.515265836111600543e-03	6.339938762701384132e-05	-9.468497393452704860e-04	-5.016442887211919029e-04
1.548605018424287260e-03	3.376197700321105114e-05	-9.974266248298285439e-04	-6.327576160987416444e-04
1.581944200736973543e-03	2.699691588446997734e-05	-1.010956747050583207e-03	-8.025284355606308005e-04
1.615283383049659826e-03	-2.229138656472892405e-05	-1.048969947607983908e-03	-1.017399662450191918e-03
1.648622565362346326e-03	-5.515025486376045239e-05	-1.077963066669116983e-03	-1.307008707340718895e-03
1.681961747675032610e-03	-1.118479099643518502e-04	-1.169774610383910460e-03	-1.645906054572260704e-03
1.715300929987719110e-03	-1.511496936108498257e-04	-1.222606516236974606e-03	-2.015729395385421410e-03
1.748640112300405176e-03	-2.200888878787407013e-04	-1.274794130547352326e-03	-2.476397842454109485e-03
1.781979294613091677e-03	-3.048132247485887416e-04	-1.377880776098366076e-03	-2.975079489895614358e-03
1.815318476925777960e-03	-3.731081274716559855e-04	-1.447464261838639398e-03	-3.534646687137076200e-03
1.848657659238465327e-03	-4.678189831279362643e-04	-1.546685158182971396e-03	-4.145435061103519211e-03
1.881996841551151394e-03	-5.554426318953748507e-04	-1.626577308477496946e-03	-4.780706513106173020e-03
1.915336023863837894e-03	-6.781801693166329952e-04	-1.762844968031959452e-03	-5.483950721600136871e-03
1.948675206176523960e-03	-8.012398524917476892e-04	-1.900723356435737041e-03	-6.273207849415416738e-03
1.982014388489209810e-03	-9.610241531483033851e-04	-1.989313442428804896e-03	-7.162008018592767172e-03
2.015353570801895877e-03	-1.389800169541398995e-03	-2.227379164400207674e-03	-9.727576898366207744e-03
2.048692753114581943e-03	-2.190010255405883555e-03	-2.883590091997921111e-03	-1.464545414917877222e-02
2.082031935427268009e-03	-4.247877414717972366e-03	-4.307152235870537367e-03	-2.762277408131016271e-02
2.115371117739955377e-03	-8.297893989154430869e-03	-7.347241833703879385e-03	-5.272469384828872008e-02
2.148710300052642744e-03	-1.418510785172715644e-02	-1.230860877060895725e-02	-8.794714431476807759e-02
2.182049482365330546e-03	-2.068568722816935615e-02	-1.842164679992076490e-02	-1.262953744920627952e-01
2.215388664678016612e-03	-2.714084402790356218e-02	-2.483750182484249780e-02	-1.646725973436670709e-01
2.248727846990702679e-03	-3.352802804874300407e-02	-3.127783990450703350e-02	-2.027315398997850959e-01
2.282067029303388745e-03	-3.991360131870433370e-02	-3.772558731393339110e-02	-2.405968727111597594e-01
2.315406211616074812e-03	-4.619802079881229345e-02	-4.404061064842339918e-02	-2.780930264885276282e-01
2.348745393928761745e-03	-5.255170159689826620e-02	-5.042618388344826535e-02	-3.155208854916437544e-01
2.382084576241447812e-03	-5.886318128088882662e-02	-5.678534114608213557e-02	-3.529300603002677450e-01
2.415423758554133878e-03	-6.505514487034205762e-02	-6.303013664573725583e-02	-3.906745892302973533e-01
2.448762940866820812e-03	-7.132732273523180455e-02	-6.925334836150068285e-02	-4.280715234259650503e-01
2.482102123179506879e-03	-7.766070827597681969e-02	-7.560541836176425112e-02	-4.651675741423689225e-01
2.515441305492192945e-03	-8.392483246259596630e-02	-8.193815959939440563e-02	-5.024507923356344996e-01
2.548780487804879012e-03	-9.030525124973126649e-02	-8.825157207507429435e-02	-5.401576331581140478e-01
2.582119670117565078e-03	-9.670854236919952662e-02	-9.467419194481928313e-02	-5.778699515389924546e-01
2.615458852430251144e-03	-1.031955913684685228e-01	-1.011177512725265765e-01	-6.166566273948511645e-01
2.648798034742938078e-03	-1.096807074779513475e-01	-1.075899815567904066e-01	-6.561513811867770718e-01
2.682137217055624145e-03	-1.162946818728228804e-01	-1.141752849846448536e-01	-6.958577864471108265e-01
2.715476399368310211e-03	-1.229579445529581233e-01	-1.208427355640449008e-01	-7.356956290415019861e-01
2.748815581680996711e-03	-1.296698512272382586e-01	-1.275259712710542226e-01	-7.759049078300961355e-01
2.782154763993682778e-03	-1.365099718959196518e-01	-1.343206693935008467e-01	-8.169095670062398451e-01
2.815493946306369278e-03	-1.434467362758310438e-01	-1.412403600528909509e-01	-8.587904655107552188e-01
2.848833128619055344e-03	-1.503596618580446687e-01	-1.481606949911328797e-01	-9.003740261014077095e-01
2.882172310931741411e-03	-1.573270300598445526e-01	-1.550929493102118084e-01	-9.422587960864022838e-01
2.915511493244428345e-03	-1.643433644042125996e-01	-1.621624377059792954e-01	-9.842559981524229284e-01
2.948850675557114411e-03	-1.713046118160325426e-01	-1.691420474283159281e-01	-1.026588235439513941e+00
2.982189857869800478e-03	-1.784871733454659881e-01	-1.762814414307416755e-01	-1.069914296810355436e+00
3.015529040182486544e-03	-1.857248217885193176e-01	-1.835149019816947891e-01	-1.112857008365724543e+00
3.048868222495171743e-03	-1.930291543927526998e-01	-1.907519061277149208e-01	-1.156573518968040171e+00
3.082207404807858677e-03	-2.003608693782380490e-01	-1.980887754471679085e-01	-1.200512314872029584e+00
3.115546587120545177e-03	-2.076938729406902773e-01	-2.054897517632786053e-01	-1.244543571489445277e+00
3.148885769433231244e-03	-2.151528354837612400e-01	-2.128233996135971695e-01	-1.288711745225663563e+00
3.182224951745917310e-03	-2.226762271713717822e-01	-2.203467913023844371e-01	-1.333207546939383370e+00
3.215564134058603377e-03	-2.301442097881002680e-01	-2.278450556197998134e-01	-1.378037742027692358e+00
3.248903316371289443e-03	-2.377230105384523229e-01	-2.353926082335719150e-01	-1.423646892795777275e+00
3.282242498683975510e-03	-2.453643075620435265e-01	-2.430915693453159776e-01	-1.468731917738312909e+00
3.315581680996661576e-03	-2.529212024011964211e-01	-2.506352562088214331e-01	-1.513636547105691399e+00
3.348920863309347642e-03	-2.605692644869860852e-01	-2.582275870805317286e-01	-1.558868161726544743e+00
3.382260045622033709e-03	-2.682137829721173983e-01	-2.659178502603055105e-01	-1.604521473050181113e+00
3.415599227934719775e-03	-2.758827845374287047e-01	-2.735816974924933920e-01	-1.649838148516674874e+00
3.448938410247408010e-03	-2.836168595478065768e-01	-2.813608729053835855e-01	-1.695617111837520063e+00
3.482277592560094077e-03	-2.912517136751715530e-01	-2.890553239934700036e-01	-1.742208859018857137e+00
3.515616774872780143e-03	-2.989155609266567759e-01	-2.967310906353198274e-01	-1.787693718400682918e+00
3.548955957185466210e-03	-3.066460923556016405e-01	-3.044935144904530322e-01	-1.832790399139084592e+00
3.582295139498152276e-03	-3.142815907994213620e-01	-3.121551067368362187e-01	-1.878846763677588960e+00
3.615634321810838343e-03	-3.219296529378955496e-01	-3.197796522328301139e-01	-1.925356719964461449e+00
3.648973504123524409e-03	-3.295967216871314998e-01	-3.274863449053933007e-01	-1.970148031473367256e+00
3.682312686436210476e-03	-3.371739117860838020e-01	-3.351144340286236756e-01	-2.015009902147633536e+00
3.715651868748896976e-03	-3.448306718983763508e-01	-3.427786034892054690e-01	-2.060633337752221461e+00
3.748991051061583042e-03	-3.524452309329097477e-01	-3.504363300497669309e-01	-2.105735226790069525e+00
3.782330233374269109e-03	-3.599992265829671245e-01	-3.580041779626453313e-01	-2.150444428077042502e+00
3.815669415686955175e-03	-3.675661080800511904e-01	-3.656316228559468584e-01	-2.194101506046554295e+00
3.849008597999641242e-03	-3.750266814978305274e-01	-3.731376188197531030e-01	-2.239606108931124773e+00
3.882347780312327308e-03	-3.825239795500409712e-01	-3.806912923734598886e-01	-2.283734830508405977e+00
3.915686962625015109e-03	-3.899326875405220161e-01	-3.881541208452811142e-01	-2.326693200360185898e+00
3.949026144937704645e-03	-3.972183358741274151e-01	-3.954848695792765878e-01	-2.370193754518457929e+00
3.982365327250390712e-03	-4.045429638648982973e-01	-4.028381685370034937e-01	-2.412920842406347965e+00
4.015704509563076778e-03	-4.117013646683641004e-01	-4.100996559767718930e-01	-2.454503993735889900e+00
4.049043691875768049e-03	-4.186017267437995293e-01	-4.170728229880600879e-01	-2.494382670728856333e+00
4.082382874188454115e-03	-4.254750285970515522e-01	-4.240053996557093807e-01	-2.534893733318048348e+00
4.115722056501140182e-03	-4.323560619705759667e-01	-4.309498957386913576e-01	-2.575316859117667168e+00
4.149061238813826248e-03	-4.390798882368256995e-01	-4.377304196537512015e-01	-2.614983591041919908e+00
4.182400421126509713e-03	-4.457892179665854382e-01	-4.445138429036245564e-01	-2.654061767951022777e+00
4.215739603439195779e-03	-4.523835416830302436e-01	-4.511638978322807247e-01	-2.693947257716995836e+00
4.249078785751881845e-03	-4.587890880062350796e-01	-4.576081016426667980e-01	-2.732233935487208054e+00
4.282417968064567912e-03	-4.651057221214673354e-01	-4.640113929639768098e-01	-2.770138876781936599e+00
4.315757150377253978e-03	-4.713730679574752447e-01	-4.703815032948511776e-01	-2.806822240520046030e+00
4.349096332689940045e-03	-4.774748308929243068e-01	-4.765335209660931937e-01	-2.844971066789539815e+00
4.382435515002626111e-03	-4.834458026694596344e-01	-4.826056465099536341e-01	-2.881086500648781357e+00
4.415774697315314780e-03	-4.893114328018852710e-01	-4.885154106094662385e-01	-2.916607256834226281e+00
4.449113879628000846e-03	-4.950150236340957188e-01	-4.943443161429282862e-01	-2.950114913993755472e+00
4.482453061940686913e-03	-5.005842797011827994e-01	-4.999564175950221290e-01	-2.982890656820436082e+00
4.515792244253372979e-03	-5.060758986578525187e-01	-5.055611097151639921e-01	-3.015846166273226103e+00
4.549131426566056444e-03	-5.114802161304475847e-01	-5.110578830226222280e-01	-3.047809142438264729e+00
4.582470608878747714e-03	-5.167299036517251087e-01	-5.164009928167023755e-01	-3.079216740928972129e+00
4.615809791191433781e-03	-5.218114310977586268e-01	-5.215791639940490221e-01	-3.109251669088397563e+00
4.649148973504117245e-03	-5.267151340938486248e-01	-5.266152689033077872e-01	-3.138327565717160983e+00
4.682488155816803312e-03	-5.315312134560176149e-01	-5.314642071344103380e-01	-3.167173776245888472e+00
4.715827338129489378e-03	-5.361095492508405336e-01	-5.361646361790026738e-01	-3.194019767641421925e+00
4.749166520442175445e-03	-5.405777112049306998e-01	-5.406759656677286863e-01	-3.219966001193657945e+00
4.782505702754861511e-03	-5.449450415448887641e-01	-5.451447719289483906e-01	-3.246831332371860501e+00
4.815844885067547577e-03	-5.491268159294012685e-01	-5.494325322762603214e-01	-3.271661650410420563e+00
4.849184067380233644e-03	-5.531662018917156143e-01	-5.535495553732193708e-01	-3.295405684810408520e+00
4.882523249692919710e-03	-5.569965152533387087e-01	-5.574739353048581147e-01	-3.318854956703624293e+00
4.915862432005605777e-03	-5.606142124090858214e-01	-5.611815111359382824e-01	-3.340946371866093667e+00
4.949201614318291843e-03	-5.641359101313527802e-01	-5.648104834064876512e-01	-3.363396987935705518e+00
4.982540796630977910e-03	-5.675219844877439357e-01	-5.682700070041486473e-01	-3.384452377088964070e+00
5.015879978943663976e-03	-5.706893218641211352e-01	-5.716154910030318836e-01	-3.402452822473343907e+00
5.049219161256350043e-03	-5.737229687468395900e-01	-5.747316072099184492e-01	-3.420448760392595045e+00
5.082558343569036977e-03	-5.765411001045821493e-01	-5.776318857463057510e-01	-3.437660587929894263e+00
5.115897525881722176e-03	-5.790837968190386542e-01	-5.803098836949279749e-01	-3.452592884400192297e+00
5.149236708194409110e-03	-5.815891246273988680e-01	-5.828532247092248486e-01	-3.467737801740212067e+00
5.182575890507094309e-03	-5.839916879338691302e-01	-5.853440559652197672e-01	-3.483646216767607662e+00
5.215915072819802059e-03	-5.860933670760257730e-01	-5.876058415684819458e-01	-3.496015814564674251e+00
5.249254255132470778e-03	-5.880036916215928278e-01	-5.895718973386925299e-01	-3.506695736132986685e+00
5.282593437445174192e-03	-5.896927020108316819e-01	-5.913933096512434817e-01	-3.518085677627992069e+00
5.315932619757862861e-03	-5.912737935619607477e-01	-5.930810314624513913e-01	-3.527824600375409236e+00
5.349271802070550662e-03	-5.925968463347600634e-01	-5.945400297624594543e-01	-3.535501440257474037e+00
5.382610984383234126e-03	-5.937749335019145702e-01	-5.957506536569006084e-01	-3.542726948064398140e+00
5.415950166695924529e-03	-5.947555452985625601e-01	-5.968449829208012369e-01	-3.548604579630222133e+00
5.449289349008606259e-03	-5.955035678325681925e-01	-5.977370046265726433e-01	-3.552770949166864423e+00
5.482628531321296662e-03	-5.960663565352832816e-01	-5.983787190502130038e-01	-3.556374844458170870e+00
5.515967713633976657e-03	-5.964754816942769988e-01	-5.988345553503776619e-01	-3.559240371317418994e+00
5.549306895946668795e-03	-5.966426753616356216e-01	-5.991244865660967367e-01	-3.561764418975071678e+00
5.582646078259348790e-03	-5.966243130513297910e-01	-5.992301503869722490e-01	-3.561227072245657599e+00
5.615985260572042663e-03	-5.964268376792358772e-01	-5.991170772128004973e-01	-3.559584105720746461e+00
5.649324442884723525e-03	-5.959977394809857776e-01	-5.988100722698799228e-01	-3.556935708086949699e+00
5.682663625197414796e-03	-5.953846960344055805e-01	-5.982888403733082061e-01	-3.554127524008484862e+00
5.716002807510094791e-03	-5.945493719903063301e-01	-5.976210321403087056e-01	-3.549187027339312461e+00
5.749341989822786929e-03	-5.934795258090092007e-01	-5.967083931038074107e-01	-3.542367428388955020e+00
5.782681172135466924e-03	-5.921951305303495561e-01	-5.955596212007947532e-01	-3.534234745471088068e+00
5.816020354448159062e-03	-5.906932868429655148e-01	-5.941495890601146135e-01	-3.525868504192402053e+00
5.849359536760837322e-03	-5.890255380745069713e-01	-5.925427258414880383e-01	-3.517154985641073317e+00
5.882698719073532062e-03	-5.871831862893073239e-01	-5.907702796875785589e-01	-3.506358766940840255e+00
5.916037901386209455e-03	-5.851552785313007821e-01	-5.888309620159944968e-01	-3.494019772281390601e+00
5.949377083698906797e-03	-5.829038015981654608e-01	-5.866706523346514324e-01	-3.480689200901991409e+00
5.982716266011584190e-03	-5.804899631913217339e-01	-5.843550683861038486e-01	-3.466765230642653961e+00
6.016055448324278930e-03	-5.779147297490890844e-01	-5.818381433233027478e-01	-3.451802650341499579e+00
6.049394630636955456e-03	-5.751587725252217398e-01	-5.791305079585061799e-01	-3.435638774642169047e+00
6.082733812949651063e-03	-5.721483201354992110e-01	-5.763146316150060677e-01	-3.417339047127014862e+00
6.116072995262327588e-03	-5.689887142541413256e-01	-5.732329850032334972e-01	-3.397878616331827306e+00
6.149412177575023196e-03	-5.656325994517097389e-01	-5.699332457016039744e-01	-3.376992675693755164e+00
6.182751359887697987e-03	-5.621176667866331078e-01	-5.665185003634410910e-01	-3.355674735709913481e+00
6.216090542200395329e-03	-5.584355404697148861e-01	-5.628695550491223942e-01	-3.333902568341289729e+00
6.249429724513070120e-03	-5.546216565385592157e-01	-5.590923957236114683e-01	-3.310640140451139413e+00
6.282768906825767462e-03	-5.505432909319697421e-01	-5.552105390301480536e-01	-3.286831995441287901e+00
6.316108089138442253e-03	-5.462957988035167523e-01	-5.510777307844835216e-01	-3.262207205853189240e+00
6.349447271451139595e-03	-5.419352335203807547e-01	-5.467593665824235227e-01	-3.236560885029711176e+00
6.382786453763814385e-03	-5.374374341500687269e-01	-5.422924931903505552e-01	-3.209913328965870338e+00
6.416125636076511728e-03	-5.327730854281063078e-01	-5.377083587500873785e-01	-3.181707864248950912e+00
6.449464818389189988e-03	-5.278748588885769921e-01	-5.329299704219062628e-01	-3.151798235946602578e+00
6.482804000701888197e-03	-5.228348882254556518e-01	-5.279447645221292396e-01	-3.121346115128813548e+00
6.516143183014561253e-03	-5.176505962737893984e-01	-5.228506733685002184e-01	-3.089569646269190617e+00
6.549482365327260330e-03	-5.123506540085825955e-01	-5.176090394690056051e-01	-3.056458521362889869e+00
6.582821547639933386e-03	-5.068451827604667503e-01	-5.122198628248617602e-01	-3.023192450697437916e+00
6.616160729952632463e-03	-5.012185847231506175e-01	-5.066113049303317961e-01	-2.989210251072682567e+00
6.649499912265305519e-03	-4.955166045968023014e-01	-5.009015932851572650e-01	-2.954483573739194124e+00
6.682839094578004596e-03	-4.896583837940765016e-01	-4.950936272019239026e-01	-2.919574890795587407e+00
6.716178276890677652e-03	-4.836165399259209630e-01	-4.891745208506140807e-01	-2.883968120190713247e+00
6.749517459203376729e-03	-4.774674215403886257e-01	-4.831162475502081000e-01	-2.847177140074808044e+00
6.782856641516048918e-03	-4.713344104657849476e-01	-4.769432903798619394e-01	-2.810055000408729686e+00
6.816195823828748862e-03	-4.649256426398351572e-01	-4.706894746455727030e-01	-2.772279552907509270e+00
6.849535006141421051e-03	-4.584601771831753880e-01	-4.642294856456737895e-01	-2.733341159281611699e+00
6.882874188454121862e-03	-4.519180410585139640e-01	-4.576564235070300635e-01	-2.693692760642991679e+00
6.916213370766793184e-03	-4.451890604160776976e-01	-4.510798177887779259e-01	-2.653817257471597024e+00
6.949552553079493995e-03	-4.383373422630235661e-01	-4.442345425300903150e-01	-2.613585790572253043e+00
6.982891735392165317e-03	-4.314669396795391965e-01	-4.372877913816003437e-01	-2.572777366495138107e+00
7.016230917704866128e-03	-4.244148469122466794e-01	-4.303529596502002064e-01	-2.529947152096824414e+00
7.049570100017535715e-03	-4.172802848546108834e-01	-4.232522228773561990e-01	-2.487475176853246595e+00
7.082909282330238261e-03	-4.101321926980239785e-01	-4.161041307017928625e-01	-2.445241923513146176e+00
7.116248464642907848e-03	-4.028513765128936552e-01	-4.089164146210897410e-01	-2.402526425232042406e+00
7.149587646955610394e-03	-3.955779697017280938e-01	-4.015830886818437806e-01	-2.359578668652696276e+00
7.182926829268279981e-03	-3.882829791459295743e-01	-3.942568499709677154e-01	-2.315544318533880208e+00
7.216266011580984262e-03	-3.807869696614332167e-01	-3.868967859770320872e-01	-2.271839857747965041e+00
7.249605193893653848e-03	-3.732919266339587705e-01	-3.793943335812652862e-01	-2.227622548316817053e+00
7.282944376206356395e-03	-3.657727226940790111e-01	-3.718329285328902944e-01	-2.183050564688775452e+00
7.316283558519025981e-03	-3.581391570312226214e-01	-3.642373760540476568e-01	-2.137537276788933571e+00
7.349622740831728528e-03	-3.504849740576653772e-01	-3.565532335122389429e-01	-2.092105180062162173e+00
7.382961923144396379e-03	-3.427834356754029810e-01	-3.489196678699806875e-01	-2.045873846199859347e+00
7.416301105457100661e-03	-3.350255218026066406e-01	-3.411598211106785516e-01	-2.000074843562035021e+00
7.449640287769768512e-03	-3.273897011816221392e-01	-3.334044844068933533e-01	-1.954503286157150521e+00
7.482979470082472793e-03	-3.196559482666006535e-01	-3.257103554087003583e-01	-1.908264249551787195e+00
7.516318652395140645e-03	-3.119386247962441794e-01	-3.179807903909878664e-01	-1.861969168559686860e+00
7.549657834707844926e-03	-3.042174355874165403e-01	-3.102631447772513096e-01	-1.815662177061868388e+00
7.582997017020511911e-03	-2.964997899910115642e-01	-3.025187610769271562e-01	-1.770108373242526012e+00
7.616336199333217059e-03	-2.888523721748488260e-01	-2.947859746324391628e-01	-1.724359356714693980e+00
7.649675381645884044e-03	-2.811856256208699611e-01	-2.871572412710327038e-01	-1.678559126854263228e+00
7.683014563958589192e-03	-2.735063153885425868e-01	-2.794334749217998182e-01	-1.632598153606189983e+00
7.716353746271256177e-03	-2.659078637422599978e-01	-2.717709162692499847e-01	-1.587244111904327015e+00
7.749692928583962193e-03	-2.582701103186127445e-01	-2.641647331259894815e-01	-1.541744789270390159e+00
7.783032110896668208e-03	-2.507000075031633468e-01	-2.565643486091281344e-01	-1.496411378966172379e+00
7.816371293209334326e-03	-2.432088303957612718e-01	-2.489984336886628680e-01	-1.451644308550413820e+00
7.849710475522003045e-03	-2.356396940184625477e-01	-2.414431495784803150e-01	-1.406585701972500324e+00
7.883049657834708193e-03	-2.281939394595630111e-01	-2.339319994347431597e-01	-1.361470725874686982e+00
7.916388840147409872e-03	-2.208129361928098111e-01	-2.265000971423817011e-01	-1.316788397995159121e+00
7.949728022460080326e-03	-2.134177585101278696e-01	-2.191045973165278160e-01	-1.272123793676949832e+00
7.983067204772782005e-03	-2.061585263269616330e-01	-2.116965338032199273e-01	-1.228534518470986603e+00
8.016406387085452459e-03	-1.989817634490915754e-01	-2.045226702409858599e-01	-1.185331179127350198e+00
8.049745569398154138e-03	-1.918233628726929985e-01	-1.973088606012919355e-01	-1.142457399739305046e+00
8.083084751710824592e-03	-1.847980084818891533e-01	-1.902274528562440670e-01	-1.100127729277848854e+00
8.116423934023526271e-03	-1.777832848931646115e-01	-1.831840583021107360e-01	-1.058574112527635336e+00
8.149763116336196725e-03	-1.708774465579558643e-01	-1.761802876668718265e-01	-1.017625489575186615e+00
8.183102298648898404e-03	-1.641590970377541925e-01	-1.693208383169788334e-01	-9.767876881670949363e-01
8.216441480961568858e-03	-1.574246402209529549e-01	-1.626253611426194401e-01	-9.367204630062677673e-01
8.249780663274270537e-03	-1.508328939598150009e-01	-1.558944479268267458e-01	-8.972205396766841368e-01
8.283119845586940991e-03	-1.443377914124219508e-01	-1.493149432017054912e-01	-8.580753016036436476e-01
8.316459027899642670e-03	-1.379158159389006211e-01	-1.428642967649543516e-01	-8.196832430217022569e-01
8.349798210212313124e-03	-1.316233430449509634e-01	-1.365090054587229373e-01	-7.821619468913684203e-01
8.383137392525014803e-03	-1.254809900585203142e-01	-1.302819281491821302e-01	-7.455935601308821825e-01
8.416476574837685257e-03	-1.195216158461965966e-01	-1.241444073465188119e-01	-7.098798279908128395e-01
8.449815757150386936e-03	-1.136099191935694280e-01	-1.182178919981583531e-01	-6.750529648297474150e-01
8.483154939463059124e-03	-1.078628390077792237e-01	-1.123532286224949162e-01	-6.408997098955147020e-01
8.516494121775762538e-03	-1.023241871115406210e-01	-1.067018257222143995e-01	-6.082515213235462070e-01
8.549833304088432992e-03	-9.688862184471412620e-02	-1.011886233380227540e-01	-5.764154632856579585e-01
8.583172486401134671e-03	-9.160607579924212596e-02	-9.576658819048340654e-02	-5.454566090790897714e-01
8.616511668713805125e-03	-8.646430743697468280e-02	-9.058680663782822662e-02	-5.149832292951632695e-01
8.649850851026506804e-03	-8.150906145552772042e-02	-8.548659507567001048e-02	-4.852527183003119138e-01
8.683190033339177258e-03	-7.665529137647791869e-02	-8.065183160421182662e-02	-4.563423909645015208e-01
8.716529215651878937e-03	-7.192200379978029579e-02	-7.583446399366876312e-02	-4.283099112734699565e-01
8.749868397964549391e-03	-6.737813791766644744e-02	-7.116173981728382558e-02	-4.013556537924571344e-01
8.783207580277251070e-03	-6.305880761848063620e-02	-6.667489373241920758e-02	-3.755398596874875428e-01
8.816546762589921524e-03	-5.895692569664426341e-02	-6.248764319206131373e-02	-3.504063705023852116e-01
8.849885944902623203e-03	-5.488274830200969706e-02	-5.836739896094422092e-02	-3.263436939500369283e-01
8.883225127215293657e-03	-5.099477114766548524e-02	-5.442852278343326272e-02	-3.034181919986926879e-01
8.916564309527995336e-03	-4.730877937671001954e-02	-5.062140421358649056e-02	-2.816884951285678618e-01
8.949903491840665790e-03	-4.382638371894741897e-02	-4.700048588528257104e-02	-2.608575849278265135e-01
8.983242674153367469e-03	-4.061040259855028256e-02	-4.359508306351317364e-02	-2.412840095813454933e-01
9.016581856466037923e-03	-3.746561568583006707e-02	-4.035816246832304305e-02	-2.223756651921920402e-01
9.049921038778739601e-03	-3.445161994687986201e-02	-3.728972410048216751e-02	-2.045059186608178814e-01
9.083260221091410055e-03	-3.112159921068159349e-02	-3.411336689752417911e-02	-1.842719444773491810e-01
9.116599403404122143e-03	-2.624592309963122080e-02	-3.005884034211177974e-02	-1.538398023425499028e-01
9.149938585716785658e-03	-1.819034613987927096e-02	-2.358338836899977198e-02	-1.045105902665074693e-01
9.183277768029494276e-03	-7.208074860481591441e-03	-1.390806249205574566e-02	-3.980278310501941808e-02
9.216616950342157791e-03	-1.791515941296835434e-03	-5.773237619253595090e-03	-1.122587685222793674e-02
9.249956132654866409e-03	-8.621254025396359998e-04	-2.849442640646909861e-03	-6.638843294105196968e-03
9.283295314967529924e-03	-5.683284625972778639e-04	-1.992857045857717151e-03	-4.853189310567825737e-03
9.316634497280238542e-03	-3.953361854313702751e-04	-1.659436176750268095e-03	-3.674135804190731616e-03
9.349973679592902057e-03	-2.587463799862112441e-04	-1.482900296263152352e-03	-2.826248145517087917e-03
9.383312861905610675e-03	-1.888407484209709641e-04	-1.334068951749651849e-03	-2.245097181634190045e-03
9.416652044218274190e-03	-1.389081544452437633e-04	-1.254498947204549329e-03	-1.809878250120296227e-03
9.449991226530982807e-03	-7.963333319966207674e-05	-1.197157000608470648e-03	-1.482900296312095407e-03
9.483330408843646323e-03	-5.160665142044584472e-05	-1.147546552422520211e-03	-1.221640078985742391e-03
9.516669591156354940e-03	-1.681490851662776546e-05	-1.101801853453272589e-03	-1.081506670166821867e-03
9.550008773469018455e-03	4.768857915122487001e-06	-1.087627439691361527e-03	-9.107694134292498942e-04
9.583347955781727073e-03	2.441974974039019819e-05	-1.069909422490433228e-03	-8.311994088677571646e-04
9.616687138094390588e-03	2.506404127857461285e-05	-1.035117679614612311e-03	-7.294013463435629514e-04
9.650026320407099206e-03	4.954711961936137098e-05	-1.032540513481629806e-03	-6.611064436380440076e-04
9.683365502719762721e-03	4.825853654820411854e-05	-9.980709163642271110e-04	-6.018316224184219699e-04
9.716704685032471339e-03	5.566788920337017050e-05	-1.009023872457448685e-03	-5.734827948773650423e-04
9.750043867345134854e-03	4.858068231622040937e-05	-9.874401060392841434e-04	-5.241944924452829726e-04
9.783383049657843472e-03	6.372153339346751900e-05	-9.964601875307051680e-04	-5.209730347739501997e-04
9.816722231970506987e-03	7.950667600981497390e-05	-9.929165840826630323e-04	-5.090536413751872062e-04
9.850061414283215605e-03	6.468797069837055986e-05	-1.005158123246517512e-03	-4.855370003445086250e-04
9.883400596595879120e-03	8.562744559486725024e-05	-9.896951264032711679e-04	-4.568660270336144416e-04
9.916739778908587738e-03	8.176169638170735011e-05	-9.774535872429884840e-04	-4.584767558730516832e-04
9.950078961221251253e-03	6.629869953689797963e-05	-9.990373536470887553e-04	-4.520338405212865913e-04
9.983418143533959871e-03	8.369457098714568272e-05	-9.771314414682304682e-04	-4.236850129795139818e-04
1.001675732584662339e-02	7.757380140379119922e-05	-1.010634601283203404e-03	-4.301279283312148347e-04
1.005009650815933200e-02	6.211080455559015974e-05	-9.877622517972014637e-04	-4.298057825623536319e-04
1.008343569047199552e-02	8.176169638346775562e-05	-1.009990309746407449e-03	-4.169199518573266528e-04
1.011677487278470414e-02	8.562744559447428116e-05	-9.735878380179141100e-04	-3.937254565968754234e-04
1.015011405509736939e-02	9.464752708901742859e-05	-9.706885261128310764e-04	-4.133763484178482506e-04
1.018345323741007627e-02	7.918453024199108151e-05	-9.900172721546225598e-04	-3.769738766836386182e-04
1.021679241972273978e-02	7.660736410025579808e-05	-9.529705089028040442e-04	-3.892154158515905146e-04
1.025013160203545014e-02	8.981534057362924146e-05	-9.990373536467424612e-04	-3.756852936155360783e-04
1.028347078434811365e-02	8.949319480495870915e-05	-9.819636279822967825e-04	-3.776181682181778605e-04
1.031680996666082747e-02	9.335894401720419317e-05	-9.693999430462216455e-04	-3.698866698003909752e-04
1.035014914897348579e-02	8.723817443221817513e-05	-9.716549634172107729e-04	-3.508800695132435516e-04
1.038348833128620134e-02	8.272813368458831326e-05	-9.136687252795554562e-04	-3.386385303465937278e-04
1.041682751359887006e-02	9.142606941111326572e-05	-9.255881186725902843e-04	-3.589337137030809829e-04
1.045016669591158041e-02	9.722469323016404445e-05	-9.326753255669491564e-04	-3.470143203026904936e-04
1.048350587822423699e-02	8.756032019906497097e-05	-9.194673491011221261e-04	-3.518465068165142718e-04
1.051684506053694734e-02	1.010904424424751769e-04	-9.404068239874132078e-04	-3.280077200169088936e-04
1.055018424284961606e-02	1.078555035630409189e-04	-9.268767017563593830e-04	-3.247862623414816854e-04
1.058352342516232468e-02	8.337242522225415064e-05	-9.207559321699589419e-04	-3.347727811349357594e-04
1.061686260747498126e-02	7.789594717057013755e-05	-9.394403866925736231e-04	-3.396049676485642728e-04
1.065020178978768987e-02	9.786898476483332321e-05	-9.452390104953108454e-04	-3.183433469899761515e-04
1.068354097210036033e-02	1.081776493306034779e-04	-9.375075120763689054e-04	-3.144775977792290756e-04
1.071688015441306895e-02	9.786898476353053232e-05	-9.520040716011852686e-04	-3.057796620544630650e-04
1.075021933672572552e-02	9.980185937464089571e-05	-9.069036641629669472e-04	-3.064239535877001804e-04
1.078355851903843414e-02	9.561396439131212297e-05	-9.288095763485701645e-04	-3.173769096879399581e-04
1.081689770135110633e-02	1.181641681260730024e-04	-9.487826139307853433e-04	-2.848401871597941361e-04
1.085023688366381321e-02	1.039897543489712241e-04	-9.188230575568419236e-04	-3.064239535893267547e-04
1.088357606597646979e-02	9.529181862218542615e-05	-9.014271861209507920e-04	-3.096454112639079057e-04
1.091691524828917667e-02	9.915756783553884282e-05	-8.866084808234782474e-04	-2.835516040920181037e-04
1.095025443060185580e-02	9.271465248344648450e-05	-8.991721657580157689e-04	-2.838737498602295442e-04
1.098359361291455748e-02	1.059226289572128021e-04	-9.023936234335659798e-04	-2.980481636339450745e-04
1.101693279522721926e-02	1.078555035641488922e-04	-9.062593726489841239e-04	-2.790415633463401174e-04
1.105027197753992094e-02	9.947971360407944705e-05	-9.165680372022231648e-04	-2.893502279105466223e-04
1.108361115985260180e-02	1.107548154726009486e-04	-8.685683178544148899e-04	-2.732429395278125747e-04
1.111695034216530174e-02	1.049561916551769745e-04	-8.969171453940928207e-04	-2.771086887396658079e-04
1.115028952447795832e-02	1.133319816130979105e-04	-9.040043522788353617e-04	-2.822630210217036287e-04
1.118362870679066173e-02	9.915756783501788367e-05	-8.953064165594604379e-04	-3.025582043763040468e-04
1.121696788910334260e-02	9.368108978450589313e-05	-9.214002237203177239e-04	-2.790415633456268208e-04
1.125030707141604601e-02	1.027011712830913122e-04	-9.468497393435164637e-04	-2.806522921818752612e-04
1.128364625372870259e-02	1.171977308238421811e-04	-9.175344745050982055e-04	-2.903166652128415606e-04
1.131698543604140600e-02	1.014125882091911638e-04	-9.242995356087261617e-04	-2.671221699448460729e-04
1.135032461835408686e-02	1.191306054309758400e-04	-9.478161766330466019e-04	-2.729207937603800251e-04
1.138366380066679028e-02	9.754683899837896790e-05	-9.768092957096090670e-04	-2.658335868752466835e-04
1.141700298297944685e-02	1.078555035634958637e-04	-9.558698208237245610e-04	-2.716322106913685985e-04
1.145034216529214853e-02	9.851327630067320150e-05	-9.474940308684799781e-04	-2.616456918953118972e-04
1.148368134760483286e-02	1.068890662595074287e-04	-9.590912785027120181e-04	-2.925716855833034947e-04
1.151702052991753454e-02	1.194527511987329726e-04	-9.719771091862019173e-04	-2.597128172901988388e-04
1.155035971223019112e-02	1.188084596630883049e-04	-9.545812377379165117e-04	-2.584242342194272100e-04
1.158369889454289800e-02	1.059226289567554178e-04	-9.413732612824026293e-04	-2.909609567460781881e-04
1.161703807685558060e-02	1.023790255138319903e-04	-8.994943115217574232e-04	-2.626121291991686288e-04
1.165037725916828228e-02	1.072112120285694258e-04	-9.246216813841466250e-04	-2.790415633453660702e-04
1.168371644148094059e-02	1.229963546413304889e-04	-9.474940308683941093e-04	-2.696993360860588116e-04
1.171705562379363880e-02	1.046340458857904893e-04	-9.500711969937216056e-04	-2.751758141368947888e-04
1.175039480610632833e-02	1.036676085843434377e-04	-9.300981594188731470e-04	-2.764643972036954730e-04
1.178373398841902654e-02	9.658040169673670573e-05	-9.130244337425604418e-04	-2.555249223111084292e-04
1.181707317073168312e-02	9.915756783612522001e-05	-9.693999430430317059e-04	-2.639007122683129244e-04
1.185041235304438306e-02	1.036676085836897045e-04	-9.365410747682371105e-04	-2.790415633460156157e-04
1.188375153535707260e-02	1.065669204922083173e-04	-9.355746374538043662e-04	-2.738872310628072903e-04
1.191709071766977081e-02	1.017347339787750280e-04	-9.197894948520286698e-04	-2.616456918965478335e-04
1.195042989998242912e-02	1.030233170488914463e-04	-9.259102644379206201e-04	-2.684107530146406188e-04
1.198376908229512559e-02	1.191306054321499632e-04	-9.420175528110795362e-04	-2.600349630596462697e-04
1.201710826460781860e-02	1.188084596633492995e-04	-9.162458914149958483e-04	-2.613235461290508281e-04
1.205044744692051507e-02	1.184863138964363131e-04	-9.474940308546542320e-04	-2.754979599027002220e-04
1.208378662923317338e-02	1.014125882112752578e-04	-9.445947189456833579e-04	-2.532699019407752441e-04
1.211712581154586986e-02	1.094662324007861546e-04	-9.333196170867787567e-04	-2.439276746810143824e-04
1.215046499385856286e-02	1.239627919464289301e-04	-9.552255292854067116e-04	-2.610014003609678114e-04
1.218380417617125934e-02	1.271842496206821100e-04	-9.413732612901078373e-04	-2.477934238906556535e-04
1.221714335848391765e-02	1.191306054318891990e-04	-9.429839901251217509e-04	-2.668000241785858169e-04
1.225048254079661413e-02	9.819113053369888993e-05	-9.587691327335189952e-04	-2.568135053836999456e-04
1.228382172310930887e-02	1.213856258062594108e-04	-9.468497393370328263e-04	-2.732429395291794284e-04
1.231716090542200708e-02	9.851327630067493622e-05	-9.761650041750076457e-04	-2.490820069608385063e-04
1.235050008773466192e-02	1.030233170492169645e-04	-9.993594994210605077e-04	-2.635785665032236609e-04
1.238383927004735839e-02	1.159091477556807554e-04	-9.375075120678712541e-04	-2.613235461282691725e-04
1.241717845236005660e-02	1.065669204932489210e-04	-9.581248411880910563e-04	-2.632564207344242576e-04
1.245051763467275134e-02	1.155870019859670986e-04	-9.600577157866008356e-04	-2.519813188700703479e-04
1.248385681698540618e-02	1.062447747251645355e-04	-9.259102644516843499e-04	-2.561692138485095315e-04
1.251719599929810092e-02	1.252513750151794164e-04	-9.526483631484401965e-04	-2.642228580359406846e-04
1.255053518161080087e-02	1.162312935231776931e-04	-9.916280010014643601e-04	-2.581020884523869789e-04
1.258387436392349561e-02	1.181641681278978095e-04	-9.771314414761397230e-04	-2.706657733905693170e-04
1.261721354623615045e-02	1.046340458870281468e-04	-9.242995356173415574e-04	-2.600349630601024478e-04
1.265055272854884519e-02	1.191306054311062559e-04	-9.281652848288086521e-04	-2.558470680805571070e-04
1.268389191086154513e-02	1.120433985420014818e-04	-9.297760136605878484e-04	-2.532699019390837803e-04
1.271723109317423987e-02	1.065669204910333809e-04	-9.597355700325067374e-04	-2.635785665014011713e-04
1.275057027548689298e-02	1.159091477533340811e-04	-9.426618443554848556e-04	-2.651892953407735233e-04
1.278390945779958945e-02	1.039897543528811959e-04	-9.449168647223380769e-04	-2.581020884538168790e-04
1.281724864011228940e-02	1.184863138976769928e-04	-9.587691327231579255e-04	-2.619678376655409295e-04
1.285058782242498587e-02	1.123655443119081130e-04	-9.671449226771256435e-04	-2.532699019409054026e-04
1.288392700473764245e-02	1.104326697059499325e-04	-9.806750449112911286e-04	-2.484377154274721540e-04
1.291726618705038403e-02	1.268621038555981591e-04	-9.806750449031309894e-04	-2.610014003624637393e-04
1.295060536936307877e-02	9.915756783821018145e-05	-9.497490512272163199e-04	-2.642228580375675841e-04
1.298394455167573187e-02	1.162312935204394727e-04	-9.658563396021432445e-04	-2.361961762562676240e-04
1.301728373398842488e-02	1.175198765930361662e-04	-9.603798615636760082e-04	-2.645450038036327922e-04
1.305062291630112829e-02	1.184863138948743030e-04	-9.281652848203716076e-04	-2.448941119818141246e-04
1.308396209861382303e-02	1.130098358456644257e-04	-9.313867424974192101e-04	-2.500484442651526628e-04
1.311730128092647614e-02	1.258956665518014110e-04	-9.313867424878824594e-04	-2.564913596165926024e-04
1.315064046323916915e-02	1.107548154700574238e-04	-9.603798615594529324e-04	-2.481155696589977403e-04
1.318397964555187603e-02	1.226742088750728892e-04	-9.500711969981199970e-04	-2.384511966298525753e-04
1.321731882786456730e-02	1.155870019862940127e-04	-9.168901829599162721e-04	-2.516591731035490703e-04
1.325065801017722041e-02	9.915756783736499164e-05	-9.098029760721193168e-04	-2.545584850075744646e-04
1.328399719248991341e-02	1.097883781678273343e-04	-9.336417628540007001e-04	-2.513370273354014351e-04
1.331733637480262029e-02	1.213856258057374624e-04	-9.626348819346059382e-04	-2.423169458417076788e-04
1.335067555711531156e-02	9.529181862564045321e-05	-9.304203051886363518e-04	-2.355518847238115949e-04
1.338401473942796467e-02	1.200970427375099546e-04	-9.136687252716918463e-04	-2.481155696569802027e-04
1.341735392174065594e-02	1.043119001187484151e-04	-9.085143929926014833e-04	-2.555249223122789339e-04
1.345069310405336456e-02	1.094662324010488432e-04	-9.368632205383447663e-04	-2.661557326424196751e-04
1.348403228636605583e-02	1.084997950977764695e-04	-9.764871499350548812e-04	-2.590685257576102931e-04
1.351737146867870894e-02	1.130098358455353515e-04	-9.436282816539050180e-04	-2.523034646348351097e-04
1.355071065099140194e-02	1.046340458872243738e-04	-9.903394179263376538e-04	-2.561692138489014706e-04
1.358404983330411056e-02	9.335894402098655442e-05	-9.391182409064798399e-04	-2.519813188666217177e-04
1.361738901561680357e-02	1.146205646824332289e-04	-9.162458914215478988e-04	-2.642228580374377509e-04
1.365072819792945320e-02	1.081776493310600626e-04	-9.310645967281873728e-04	-2.716322106920825456e-04
1.368406738024214621e-02	1.017347339802741001e-04	-9.062593726306975364e-04	-2.548806307774802420e-04
1.371740656255485483e-02	1.101105239379310599e-04	-8.946621250041087966e-04	-2.642228580369803802e-04
1.375074574486754783e-02	1.204191884993999543e-04	-9.017493318893722966e-04	-2.432833831436123043e-04
1.378408492718019747e-02	1.136541273812460877e-04	-9.104472676076994474e-04	-2.535920477065797016e-04
1.381742410949288874e-02	1.120433985429797438e-04	-8.972392911439531094e-04	-2.571356511498305852e-04
1.385076329180559909e-02	1.097883781688054202e-04	-8.965949996058367047e-04	-2.535920477076217283e-04
1.388410247411829210e-02	9.335894401792018673e-05	-8.969171453873575400e-04	-2.539141934755092633e-04
1.391744165643094173e-02	1.136541273798770250e-04	-8.601925278908541510e-04	-2.632564207331228355e-04
1.395078083874363301e-02	1.200970427360751485e-04	-9.094808303081295970e-04	-2.600349630595167076e-04
1.398412002105634509e-02	1.226742088758529998e-04	-9.062593726426321087e-04	-2.561692138480554134e-04
1.401745920336903636e-02	1.175198765932325016e-04	-9.107694133882454765e-04	-2.523034646365254893e-04
1.405079838568168600e-02	1.171977308246912333e-04	-8.991721657609953733e-04	-2.516591731010766014e-04
1.408413756799437727e-02	1.226742088742248263e-04	-8.904742300432360192e-04	-2.629342749672526213e-04
1.411747675030708936e-02	9.593611015907046178e-05	-8.998164572904561584e-04	-2.548806307772200335e-04
1.415081593261978063e-02	1.052783374225430354e-04	-8.688904636181812640e-04	-2.432833831446544394e-04
1.418415511493243027e-02	1.110769612397711483e-04	-8.862863350596010678e-04	-2.619678376654117468e-04
1.421749429724511980e-02	7.918453024192718135e-05	-8.927292504092304440e-04	-2.558470680813378409e-04
1.425083347955783362e-02	1.126876900771897275e-04	-8.988500199912949438e-04	-2.561692138485758847e-04
1.428417266187052663e-02	1.200970427336627987e-04	-8.769441077980937461e-04	-2.581020884546646708e-04
1.431751184418317800e-02	1.162312935235682905e-04	-9.281652848164098244e-04	-2.519813188698104105e-04
1.435085102649586580e-02	1.320164361373077919e-04	-9.133465795163514577e-04	-2.455384035177198411e-04
1.438419020880858309e-02	1.049561916550475343e-04	-9.123801422064605447e-04	-2.555249223135157375e-04
1.441752939112127090e-02	1.065669204937060342e-04	-9.007828945888706829e-04	-2.484377154251937573e-04
1.445086857343392227e-02	1.084997951001225340e-04	-8.988500199839535940e-04	-2.600349630583470703e-04
1.448420775574661007e-02	1.104326697054281467e-04	-8.872527723527834495e-04	-2.587463799889429456e-04
1.451754693805932910e-02	1.010904424429328322e-04	-9.062593726247382192e-04	-2.503705900315446493e-04
1.455088612037201516e-02	1.139762731482865898e-04	-9.094808303095113042e-04	-2.526256104035692440e-04
1.458422530268466653e-02	1.342714565117424325e-04	-9.149573083522190720e-04	-2.574577969166119088e-04
1.461756448499735260e-02	1.088219408659877474e-04	-9.545812377433493404e-04	-2.571356511523686483e-04
1.465090366731007336e-02	1.246070834818145819e-04	-8.988500199841042981e-04	-2.548806307778705548e-04
1.468424284962275943e-02	1.046340458870971833e-04	-8.840313146659178542e-04	-2.465048408206023086e-04
1.471758203193541080e-02	1.104326697043208781e-04	-8.798434196896105916e-04	-2.487598611932766656e-04
1.475092121424809687e-02	1.130098358478805756e-04	-8.476288429563586966e-04	-2.503705900324546202e-04
1.478426039656081763e-02	1.007682966741965430e-04	-8.411859276047993321e-04	-2.471491323563751018e-04
1.481759957887350369e-02	1.097883781704342713e-04	-8.804877112268080265e-04	-2.529477561730825402e-04
1.485093876118615507e-02	1.036676085838875172e-04	-9.146351625893219027e-04	-2.613235461304177359e-04
1.488427794349884113e-02	1.046340458853328340e-04	-9.091586845387473808e-04	-2.616456918941410673e-04
1.491761712581156189e-02	1.155870019887718077e-04	-9.065815183941659718e-04	-2.548806307783266787e-04
1.495095630812424796e-02	1.313721446018584703e-04	-9.120579964504507697e-04	-2.606792545944469673e-04
1.498429549043689933e-02	1.213856258056056911e-04	-9.117358506861910836e-04	-2.461826950536241481e-04
1.501763467274958540e-02	1.165534392887853000e-04	-9.188230575741195526e-04	-2.365183220253254468e-04
1.505097385506230789e-02	1.104326697058186899e-04	-9.410511155295453890e-04	-2.455384035169386734e-04
1.508431303737499223e-02	1.194527511986690589e-04	-9.030379149681230571e-04	-2.590685257557881287e-04
1.511765221968764360e-02	1.155870019872707162e-04	-9.030379149681090709e-04	-2.587463799892685858e-04
1.515099140200033834e-02	1.075333577943700207e-04	-8.933735419420128993e-04	-2.564913596134678233e-04
1.518433058431305216e-02	1.207413342698292251e-04	-8.630918397980478010e-04	-2.574577969170032516e-04
1.521766976662574690e-02	1.207413342704831888e-04	-9.191452033426385270e-04	-2.571356511508720698e-04
1.525100894893838786e-02	9.754683899824966324e-05	-8.817762943232793126e-04	-2.616456918963539239e-04
1.528434813125108260e-02	1.027011712772241657e-04	-9.036822065037481821e-04	-2.484377154251285968e-04
1.531768731356379643e-02	1.252513750164167892e-04	-9.059372268770785356e-04	-2.622899834315424407e-04
1.535102649587649117e-02	1.213856258035850635e-04	-8.827427316146169243e-04	-2.552027765453675060e-04
1.538436567818913213e-02	1.133319816141402896e-04	-8.875749181288790455e-04	-2.513370273360533659e-04
1.541770486050182340e-02	1.265399580877734536e-04	-8.940178334788917956e-04	-2.600349630586716804e-04
1.545104404281455283e-02	1.088219408637721802e-04	-8.862863350552569949e-04	-2.513370273335154654e-04
1.548438322512723543e-02	1.155870019853808841e-04	-9.078701014753741850e-04	-2.529477561710011973e-04
1.551772240743988507e-02	1.097883781692613408e-04	-9.491047597023096177e-04	-2.407062170050013527e-04
1.555106158975256767e-02	1.059226289597526270e-04	-9.288095763490123022e-04	-2.600349630579558901e-04
1.558440077206529710e-02	1.065669204920756516e-04	-9.188230575468115356e-04	-2.555249223118898679e-04
1.561773995437797970e-02	1.123655443113870454e-04	-9.059372268578818688e-04	-2.468269865883588720e-04
1.565107913669063280e-02	1.217077715746035983e-04	-9.271988475106241346e-04	-2.574577969188230307e-04
1.568441831900332234e-02	1.249292292488547859e-04	-9.478161766311031695e-04	-2.603571088249976391e-04
1.571775750131602922e-02	1.242849377134700828e-04	-9.339639086313798830e-04	-2.526256104061710040e-04
1.575109668362871876e-02	1.133319816124452885e-04	-9.310645967131984946e-04	-2.439276746788668218e-04
1.578443586594137707e-02	1.226742088750738650e-04	-9.091586845398683375e-04	-2.487598611920404583e-04
1.581777504825406661e-02	1.104326697036039088e-04	-9.323531797956439993e-04	-2.703436276215757331e-04
1.585111423056677349e-02	1.200970427343152309e-04	-9.455611562685389436e-04	-2.658335868738164582e-04
1.588445341287946302e-02	1.084997950967973672e-04	-9.342860544021678757e-04	-2.513370273311714203e-04
1.591779259519212134e-02	1.178420223606617715e-04	-9.252659729082727018e-04	-2.445719662147073778e-04
1.595113177750481087e-02	1.081776493302105224e-04	-9.139908710540603108e-04	-2.610014003617485453e-04
1.598447095981752816e-02	1.091440866337457609e-04	-9.407289697502937888e-04	-2.542363392426804660e-04
1.601781014213020729e-02	1.204191885020065118e-04	-9.387960951417489595e-04	-2.693771903186932657e-04
1.605114932444286560e-02	1.175198765944047952e-04	-9.133465795032485492e-04	-2.632564207328631691e-04
1.608448850675555514e-02	1.194527511966479570e-04	-9.049707895583832505e-04	-2.545584850092032073e-04
1.611782768906827243e-02	1.252513750178522187e-04	-9.114137049035389918e-04	-2.622899834304368797e-04
1.615116687138095156e-02	9.883542206901882552e-05	-9.233330983068233251e-04	-2.526256104047395860e-04
1.618450605369360987e-02	1.152648562189917029e-04	-9.297760136534495698e-04	-2.323304270474069243e-04
1.621784523600629940e-02	1.155870019876631568e-04	-9.181787660209011874e-04	-2.519813188681172119e-04
1.625118441831901669e-02	1.226742088763119697e-04	-9.410511155213728898e-04	-2.468269865873823853e-04
1.628452360063169582e-02	1.097883781708270642e-04	-9.587691327159528600e-04	-2.610014003616193084e-04
1.631786278294435413e-02	1.056004831902364983e-04	-9.690777972720393410e-04	-2.581020884502411802e-04
1.635120196525704367e-02	1.117212527723531075e-04	-9.342860544047906692e-04	-2.629342749675137514e-04
1.638454114756976096e-02	1.200970427360738475e-04	-9.565141123518418028e-04	-2.635785665032223599e-04
1.641788032988244009e-02	1.165534392893078855e-04	-9.629570277077534801e-04	-2.439276746802988090e-04
1.645121951219509840e-02	1.171977308256700917e-04	-9.661784853748733685e-04	-2.465048408198204362e-04
1.648455869450778100e-02	1.139762731490689095e-04	-9.800307533756366218e-04	-2.571356511500888422e-04
1.651789787682050523e-02	1.139762731482866847e-04	-9.281652848157119235e-04	-2.500484442639808028e-04
1.655123705913318435e-02	1.039897543521014920e-04	-9.336417628715396218e-04	-2.468269865890752044e-04
1.658457624144584266e-02	1.184863138951362463e-04	-9.413732612859489462e-04	-2.561692138481843251e-04
1.661791542375853220e-02	1.188084596627630307e-04	-9.909837094681554163e-04	-2.561692138485771857e-04
1.665125460607124949e-02	1.094662324011785138e-04	-9.690777972788493233e-04	-2.410283627717174344e-04
1.668459378838393209e-02	1.197748969670138697e-04	-9.503933427601153269e-04	-2.506927357984539088e-04
1.671793297069659387e-02	9.915756783495070380e-05	-9.429839901035810389e-04	-2.610014003592093981e-04
1.675127215300927647e-02	1.126876900776465425e-04	-9.722992549457097622e-04	-2.535920477075560256e-04
1.678461133532200417e-02	9.883542206784577298e-05	-9.610241530814183026e-04	-2.597128172898720603e-04
1.681795051763467982e-02	1.107548154722088468e-04	-9.532926546690217995e-04	-2.532699019407747562e-04
1.685128969994733814e-02	1.152648562189909304e-04	-9.458833020244992789e-04	-2.581020884535582967e-04
1.688462888226002073e-02	1.188084596634142296e-04	-9.445947189560032278e-04	-2.542363392421610247e-04
1.691796806457274843e-02	1.223520631073151603e-04	-9.368632205429892716e-04	-2.445719662145126551e-04
1.695130724688542409e-02	1.133319816124469690e-04	-9.803528991467681981e-04	-2.503705900323904355e-04
1.698464642919808240e-02	1.210634800378498595e-04	-9.239773898443596816e-04	-2.487598611937972995e-04
1.701798561151076500e-02	9.142606941241898395e-05	-9.632791734737599244e-04	-2.506927358002774284e-04
1.705132479382349270e-02	1.072112120279825607e-04	-9.761650041674149779e-04	-2.523034646366569488e-04
1.708466397613616836e-02	1.130098358465143725e-04	-9.545812377541888685e-04	-2.465048408200146168e-04
1.711800315844882667e-02	1.075333577965858318e-04	-9.803528991558397177e-04	-2.503705900308922849e-04
1.715134234076150926e-02	1.126876900784291196e-04	-9.693999430597108552e-04	-2.725986479963318668e-04
1.718468152307423696e-02	9.722469323192740442e-05	-9.806750449225497008e-04	-2.610014003598620878e-04
1.721802070538691262e-02	1.217077715744084283e-04	-9.510376343194215957e-04	-2.545584850104396315e-04
1.725135988769957093e-02	1.165534392886542607e-04	-9.542590919821391897e-04	-2.532699019380421873e-04
1.728469907001225353e-02	1.136541273798111868e-04	-9.233330983189408023e-04	-2.523034646361356102e-04
1.731803825232498123e-02	1.165534392913918440e-04	-9.368632205559593654e-04	-2.481155696582826547e-04
1.735137743463765689e-02	1.168755850603880029e-04	-9.246216813936621254e-04	-2.500484442638519454e-04
1.738471661695031520e-02	9.883542206791262759e-05	-9.313867425009842837e-04	-2.658335868745319232e-04
1.741805579926299780e-02	1.139762731486765638e-04	-9.429839901163663846e-04	-2.442498204474697677e-04
1.745139498157572550e-02	1.191306054297368408e-04	-9.268767017403495116e-04	-2.539141934751843821e-04
1.748473416388840115e-02	1.242849377143817884e-04	-9.407289697497962485e-04	-2.545584850106983221e-04
1.751807334620105946e-02	1.033454628157368734e-04	-9.433061358882116913e-04	-2.590685257544229013e-04
1.755141252851373512e-02	1.084997950958840082e-04	-9.619905903887823739e-04	-2.597128172904579631e-04
1.758475171082646976e-02	1.175198765915999642e-04	-9.584469869532616891e-04	-2.564913596160064285e-04
1.761809089313914542e-02	1.188084596636753191e-04	-9.349303459296531360e-04	-2.577799426863868230e-04
1.765143007545180373e-02	1.039897543504710958e-04	-9.030379149498953418e-04	-2.474712781215968006e-04
1.768476925776455572e-02	1.036676085815405854e-04	-9.181787660227029146e-04	-2.635785665010750975e-04
1.771810844007722444e-02	1.265399580875777551e-04	-9.139908710507478563e-04	-2.526256104042192232e-04
1.775144762238989316e-02	1.130098358455996040e-04	-9.094808303033217025e-04	-2.490820069618803162e-04
1.778478680470256187e-02	1.065669204925970851e-04	-9.004607488157235747e-04	-2.632564207324072079e-04
1.781812598701523059e-02	1.081776493300168839e-04	-9.156015998937472441e-04	-2.787194175802102367e-04
1.785146516932798258e-02	9.335894401772519297e-05	-9.172123287206573970e-04	-2.661557326427455863e-04
1.788480435164064089e-02	1.200970427346393802e-04	-8.991721657539197615e-04	-2.448941119820755258e-04
1.791814353395331655e-02	9.754683899922841320e-05	-9.268767017514864363e-04	-2.555249223118893258e-04
1.795148271626605119e-02	1.027011712811340698e-04	-9.110915591429005408e-04	-2.584242342201446265e-04
1.798482189857872685e-02	1.049561916540674698e-04	-8.982057284476767552e-04	-2.436055289139725250e-04
1.801816108089138516e-02	1.030233170481104142e-04	-9.117358506864463048e-04	-2.474712781240680768e-04
1.805150026320406081e-02	1.342714565108938545e-04	-9.516819258476732785e-04	-2.455384035172645304e-04
1.808483944551679545e-02	1.200970427341811964e-04	-9.645677565345953282e-04	-2.410283627689195152e-04
1.811817862782947111e-02	1.039897543515143287e-04	-9.545812377439465190e-04	-2.471491323553994825e-04
1.815151781014212942e-02	1.217077715712111432e-04	-9.288095763435078077e-04	-2.571356511507414777e-04
1.818485699245480508e-02	1.052783374206526612e-04	-9.304203051896080138e-04	-2.529477561739282721e-04
1.821819617476753972e-02	1.065669204925967734e-04	-8.933735419329454997e-04	-2.471491323544235379e-04
1.825153535708021538e-02	1.123655443084538449e-04	-8.727562128132518608e-04	-2.626121291980632847e-04
1.828487453939287369e-02	1.165534392893052834e-04	-9.236552440691928132e-04	-2.484377154266914742e-04
1.831821372170554935e-02	1.184863138968301224e-04	-9.558698208124870224e-04	-2.545584850107652716e-04
1.835155290401828398e-02	8.788246596688727770e-05	-9.313867424878052642e-04	-2.564913596160069706e-04
1.838489208633095964e-02	1.188084596627622718e-04	-9.210780779367222677e-04	-2.387733423989769140e-04
1.841823126864361795e-02	1.130098358460565410e-04	-9.329974713300461442e-04	-2.703436276223548950e-04
1.845157045095629361e-02	1.252513750152446583e-04	-9.362189290098170457e-04	-2.622899834321926367e-04
1.848490963326902825e-02	1.101105239381936808e-04	-9.207559321740352168e-04	-2.487598611934075830e-04
1.851824881558170391e-02	1.175198765919916052e-04	-9.407289697573061917e-04	-2.581020884519974251e-04
1.855158799789436222e-02	1.033454628120866221e-04	-9.201116406415118859e-04	-2.410283627730198865e-04
1.858492718020703788e-02	1.146205646828881737e-04	-8.849977519915270966e-04	-2.494041527271646818e-04
1.861826636251977252e-02	1.123655443079336853e-04	-9.452390105037780307e-04	-2.461826950547310643e-04
1.865160554483244817e-02	1.204191885010304046e-04	-9.075479557011667271e-04	-2.626121291992992209e-04
1.868494472714510649e-02	1.146205646840638012e-04	-8.743669416579471576e-04	-2.545584850118039373e-04
1.871828390945778214e-02	1.207413342674824560e-04	-8.991721657574978455e-04	-2.516591731032885365e-04
1.875162309177051678e-02	1.284728326926913285e-04	-9.075479557149540924e-04	-2.481155696561353923e-04
1.878496227408319244e-02	1.120433985421977088e-04	-9.271988475085586210e-04	-2.748536683667300497e-04
1.881830145639585075e-02	1.168755850568028445e-04	-8.772662535499203438e-04	-2.523034646364627140e-04
1.885164063870852641e-02	1.097883781674366421e-04	-8.953064165296897641e-04	-2.474712781222474845e-04
1.888497982102126105e-02	1.097883781695226335e-04	-9.429839901096116967e-04	-2.581020884528434280e-04
1.891831900333393671e-02	1.191306054327999695e-04	-8.895077927293257520e-04	-2.564913596152267787e-04
1.895165818564659502e-02	1.049561916559607307e-04	-8.624475482601449841e-04	-2.452162577500927314e-04
1.898499736795927068e-02	1.210634800360230873e-04	-8.672797347751826352e-04	-2.651892953397320929e-04
