# Time (s)	Generation (V)	PC (V)	PL (V)
1.500263204070890169e-05	1.213856258059999206e-04	2.264943651651539751e-03	-2.564913596142506715e-04
4.834181435339528833e-05	1.126876900794045492e-04	-5.702613234689070084e-04	-2.526256104057155848e-04
8.168099666608183592e-05	1.023790255139635989e-04	-9.098029751914344689e-04	-2.597128172911746208e-04
1.150201789787680921e-04	1.017347339768827022e-04	-9.133465794864839647e-04	-2.468269865856904336e-04
1.483593612914544161e-04	1.165534392892394994e-04	-9.442725732023203675e-04	-2.635785665021161484e-04
1.816985436041414854e-04	1.094662324015029071e-04	-9.252659729208831656e-04	-2.571356511498951495e-04
2.150377259168277959e-04	1.268621038542266705e-04	-9.381518036267423241e-04	-2.552027765458869473e-04
2.483769082295139165e-04	1.046340458853985096e-04	-9.449168647395831799e-04	-2.513370273338394250e-04
2.817160905422001998e-04	1.136541273821598804e-04	-9.497490512502220058e-04	-2.545584850088763746e-04
3.150552728548863747e-04	1.120433985415453308e-04	-9.420175528317099520e-04	-2.600349630586075498e-04
3.483944551675727122e-04	1.130098358455994414e-04	-9.410511155218224000e-04	-2.639007122682489022e-04
3.817336374802589413e-04	9.271465248318634374e-05	-9.284874305889684277e-04	-2.426390916098550700e-04
4.150728197929463088e-04	1.284728326942567267e-04	-9.603798615673050498e-04	-2.506927357999523846e-04
4.484120021056323211e-04	1.027011712795700675e-04	-9.059372268834966872e-04	-2.548806307766332091e-04
4.817511844183182249e-04	1.097883781684153920e-04	-8.734005043743899976e-04	-2.555249223148173222e-04
5.150903667310046709e-04	1.278285411596530015e-04	-9.114137049283564879e-04	-2.494041527287922319e-04
5.484295490436907373e-04	1.142984189150020075e-04	-9.081922472599329547e-04	-2.513370273347515101e-04
5.817687313563794059e-04	9.658040169471518368e-05	-9.297760136692787046e-04	-2.506927357983259187e-04
6.151079136690657976e-04	1.159091477526170576e-04	-9.072258099506879010e-04	-2.680886072480538011e-04
6.484470959817520809e-04	1.104326697062767788e-04	-8.901520842713243594e-04	-2.651892953396673661e-04
6.817862782944378221e-04	9.754683899838033671e-05	-9.278431390679894647e-04	-2.436055289114349228e-04
7.151254606071238886e-04	1.181641681292684715e-04	-9.033600607334482972e-04	-2.558470680795820839e-04
7.484646429198103888e-04	1.258956665504973055e-04	-8.827427316127178358e-04	-2.600349630591913385e-04
7.818038252324961300e-04	1.136541273804625755e-04	-9.014271861269781971e-04	-2.471491323561810297e-04
8.151430075451824133e-04	1.178420223611847365e-04	-9.033600607092529163e-04	-2.581020884538834490e-04
8.484821898578681545e-04	1.059226289571460965e-04	-8.991721657341799094e-04	-2.735650852971969593e-04
8.818213721705542209e-04	1.329828734397999466e-04	-9.110915591279709685e-04	-2.603571088247372137e-04
9.151605544832444074e-04	1.188084596629581058e-04	-9.313867424757588023e-04	-2.432833831441328569e-04
9.484997367959307991e-04	1.171977308231926220e-04	-9.358967832160531826e-04	-2.619678376641102163e-04
9.818389191086165403e-04	1.081776493328200073e-04	-9.391182408911131173e-04	-2.613235461291155007e-04
1.015178101421302607e-03	1.162312935240896426e-04	-9.893729806161976996e-04	-2.555249223131251537e-04
1.048517283733989107e-03	1.068890662595740394e-04	-9.494269054531002602e-04	-2.535920477075567303e-04
1.081856466046675824e-03	1.255735207858702375e-04	-9.046486437824732699e-04	-2.622899834316067881e-04
1.115195648359362541e-03	1.181641681279630514e-04	-9.110915591381739615e-04	-2.687328987810964106e-04
1.148534830672048607e-03	1.139762731479612072e-04	-9.304203051858084272e-04	-2.532699019403857987e-04
1.181874012984734674e-03	1.113991070066810447e-04	-9.317088882721386283e-04	-2.481155696597792332e-04
1.215213195297422692e-03	1.130098358460569205e-04	-9.294538679054182217e-04	-2.603571088269496367e-04
1.248552377610108758e-03	1.104326697018440047e-04	-8.962728538533916781e-04	-2.664778784091368681e-04
1.281891559922794608e-03	1.133319816127697360e-04	-8.779105451110372303e-04	-2.774308345079438184e-04
1.315230742235480241e-03	1.084997950985580573e-04	-9.146351625874904684e-04	-2.693771903186916936e-04
1.348569924548166741e-03	9.980185937216109495e-05	-9.120579964479682720e-04	-2.887059363750953491e-04
1.381909106860852374e-03	1.165534392889800227e-04	-9.317088882673232528e-04	-3.057796620543319307e-04
1.415248289173538223e-03	1.088219408643584083e-04	-9.413732612853005933e-04	-3.222090962003321558e-04
1.448587471486224290e-03	9.915756783599489891e-05	-9.223666610072415485e-04	-3.769738766827296231e-04
1.481926653798910139e-03	9.239250671366959163e-05	-9.584469869492848355e-04	-4.214299926063839346e-04
1.515265836111600543e-03	6.887586567478818072e-05	-9.764871499209716371e-04	-5.135636821207336788e-04
1.548605018424287260e-03	3.859416351710097929e-05	-1.011278892804000872e-03	-6.617507351747933418e-04
1.581944200736973543e-03	4.446712146842978136e-06	-1.015466787787675830e-03	-8.946621250554926070e-04
1.615283383049659826e-03	-2.003636619244465280e-05	-1.073130880153941097e-03	-1.174606796946203822e-03
1.648622565362346326e-03	-8.575410278575430626e-05	-1.106311894204983293e-03	-1.513826289973546277e-03
1.681961747675032610e-03	-1.514718393800401381e-04	-1.189103356420778473e-03	-1.968696113369824627e-03
1.715300929987719110e-03	-2.271760947649789533e-04	-1.249666760690533104e-03	-2.544370599311077119e-03
1.748640112300405176e-03	-3.331620522931575627e-04	-1.342122595932211844e-03	-3.224098167785446889e-03
1.781979294613091677e-03	-4.491345286132910654e-04	-1.502551188076394709e-03	-4.096791050301458979e-03
1.815318476925777960e-03	-6.279254295860882623e-04	-1.682630672002082082e-03	-5.137966168286822732e-03
1.848657659238465327e-03	-8.237900562145409689e-04	-1.878173152734560801e-03	-6.516427902968420505e-03
1.881996841551151394e-03	-1.515437018746578846e-03	-2.265392364917065936e-03	-1.110539433530233384e-02
1.915336023863837894e-03	-5.316434921713623050e-03	-4.445997061023271649e-03	-3.575920954442916161e-02
1.948675206176523960e-03	-1.608898931758231260e-02	-1.182603441223759218e-02	-1.012962199243010314e-01
1.982014388489209810e-03	-2.945513918061621467e-02	-2.386816522111537622e-02	-1.804161820210918865e-01
2.015353570801895877e-03	-4.278488647443712267e-02	-3.703039675938564479e-02	-2.595979950823307236e-01
2.048692753114581943e-03	-5.589750743560555069e-02	-5.018457456174370279e-02	-3.376371574314413482e-01
2.082031935427268009e-03	-6.877012972566039217e-02	-6.327432312668127001e-02	-4.148458294935795654e-01
2.115371117739955377e-03	-8.165048343913162976e-02	-7.619333436172898155e-02	-4.916856472716595317e-01
2.148710300052642744e-03	-9.438877080638531647e-02	-8.897865503746298088e-02	-5.681401824568752534e-01
2.182049482365330546e-03	-1.071827893261791120e-01	-1.018171296969430234e-01	-6.448952845682461854e-01
2.215388664678016612e-03	-1.201755717156328396e-01	-1.146784766442583980e-01	-7.222550605126700773e-01
2.248727846990702679e-03	-1.333149303667146290e-01	-1.277856207428314794e-01	-8.014133842239917760e-01
2.282067029303388745e-03	-1.467074955258199087e-01	-1.410912065703998075e-01	-8.815326781998991112e-01
2.315406211616074812e-03	-1.603117103950863209e-01	-1.546309923087483273e-01	-9.625375619483853562e-01
2.348745393928761745e-03	-1.741188770439301703e-01	-1.683595554117939264e-01	-1.044898048247768774e+00
2.382084576241447812e-03	-1.883573968101731333e-01	-1.824534317525263183e-01	-1.129808656849249582e+00
2.415423758554133878e-03	-2.028343043978244886e-01	-1.968066353857793604e-01	-1.217249095488561972e+00
2.448762940866820812e-03	-2.176140289620376866e-01	-2.114513808919124271e-01	-1.306786402955373516e+00
2.482102123179506879e-03	-2.327245971896728938e-01	-2.264350237019518153e-01	-1.397432237781323527e+00
2.515441305492192945e-03	-2.482123980758535742e-01	-2.417565973863612661e-01	-1.489013288002595692e+00
2.548780487804879012e-03	-2.639843315102429755e-01	-2.573474849107684204e-01	-1.583208583830281180e+00
2.582119670117565078e-03	-2.801209339392749520e-01	-2.733339674165012334e-01	-1.679368360207180721e+00
2.615458852430251144e-03	-2.964150656614742974e-01	-2.896129582770696209e-01	-1.777240380556304400e+00
2.648798034742938078e-03	-3.130197459178575281e-01	-3.060800822837949076e-01	-1.876898743099393085e+00
2.682137217055624145e-03	-3.298325323753325544e-01	-3.228699963710428555e-01	-1.977220770049997967e+00
2.715476399368310211e-03	-3.469964577601816758e-01	-3.398722045628777000e-01	-2.079667080215528596e+00
2.748815581680996711e-03	-3.644892940329653719e-01	-3.572664642019426351e-01	-2.183656203466838974e+00
2.782154763993682778e-03	-3.822247061513431299e-01	-3.748678636466433733e-01	-2.288443984324617819e+00
2.815493946306369278e-03	-4.001366542544660398e-01	-3.927717580572637757e-01	-2.394739473923250372e+00
2.848833128619055344e-03	-4.182444671058828112e-01	-4.108486448609268149e-01	-2.501581711043037171e+00
2.882172310931741411e-03	-4.364904806353374633e-01	-4.290195983662528079e-01	-2.609087961797692756e+00
2.915511493244428345e-03	-4.550795795658169052e-01	-4.474640537796559236e-01	-2.719169214103535737e+00
2.948850675557114411e-03	-4.738068792173633081e-01	-4.661958633922219652e-01	-2.830018223517520415e+00
2.982189857869800478e-03	-4.927277886835604859e-01	-4.850307598512935692e-01	-2.942309252498989558e+00
3.015529040182486544e-03	-5.118732339829499267e-01	-5.040689305122348918e-01	-3.053358484688352359e+00
3.048868222495171743e-03	-5.312155106049791797e-01	-5.234044419666137316e-01	-3.165942847528804283e+00
3.082207404807858677e-03	-5.507195046867802146e-01	-5.428295102170479502e-01	-3.278820461671262620e+00
3.115546587120545177e-03	-5.704467460994786521e-01	-5.624926444931424019e-01	-3.393403959076873644e+00
3.148885769433231244e-03	-5.903682417525787374e-01	-5.823261942096260579e-01	-3.509833805348600677e+00
3.182224951745917310e-03	-6.105345685669191225e-01	-6.023978100126877733e-01	-3.626624896339907256e+00
3.215564134058603377e-03	-6.308059152974139216e-01	-6.226449956496498128e-01	-3.744741112466765998e+00
3.248903316371289443e-03	-6.512309259896591485e-01	-6.430712947565663251e-01	-3.862042411740260306e+00
3.282242498683975510e-03	-6.716968496384487786e-01	-6.635742649963362050e-01	-3.978510110985088666e+00
3.315581680996661576e-03	-6.924726780344805377e-01	-6.842238120406183288e-01	-4.095914114566125086e+00
3.348920863309347642e-03	-7.132568827192329319e-01	-7.051101367534644559e-01	-4.213848839054429973e+00
3.382260045622033709e-03	-7.339914774669784592e-01	-7.258701808154803814e-01	-4.330687420333706683e+00
3.415599227934719775e-03	-7.547338042577104167e-01	-7.466057423280204608e-01	-4.446649244522884459e+00
3.448938410247408010e-03	-7.755160777010522422e-01	-7.674530890098200109e-01	-4.563498425110415369e+00
3.482277592560094077e-03	-7.964404180643495090e-01	-7.883803284520122245e-01	-4.680367408705544463e+00
3.515616774872780143e-03	-8.172774575170889122e-01	-8.093156221550504847e-01	-4.796189868895880615e+00
3.548955957185466210e-03	-8.380590885178257343e-01	-8.301578163348080075e-01	-4.910931979144361748e+00
3.582295139498152276e-03	-8.590098467764784029e-01	-8.511140508187137188e-01	-5.025111120270733700e+00
3.615634321810838343e-03	-8.796713187024103320e-01	-8.719259646213376458e-01	-5.137770813354061161e+00
3.648973504123524409e-03	-9.004790455758944212e-01	-8.927253154350414110e-01	-5.249179412096060204e+00
3.682312686436210476e-03	-9.211572705168344921e-01	-9.135488279156307456e-01	-5.358764764193725050e+00
3.715651868748896976e-03	-9.418013487320304744e-01	-9.342724759017946301e-01	-5.466213406734702573e+00
3.748991051061583042e-03	-9.622882204864385836e-01	-9.548646891030814210e-01	-5.571624880297223470e+00
3.782330233374269109e-03	-9.825541008816668365e-01	-9.753064609144890262e-01	-5.674428315187872052e+00
3.815669415686955175e-03	-1.002756197154373918e+00	-9.956026235311911110e-01	-5.775265765031978304e+00
3.849008597999641242e-03	-1.022921891726870980e+00	-1.015836612769648539e+00	-5.874442308320031003e+00
3.882347780312327308e-03	-1.043008661343224786e+00	-1.035986844860227851e+00	-5.971777531400842776e+00
3.915686962625015109e-03	-1.062932103756552893e+00	-1.056029158863725392e+00	-6.067412534691155379e+00
3.949026144937704645e-03	-1.082672245913432585e+00	-1.075932306621785850e+00	-6.161282881065617723e+00
3.982365327250390712e-03	-1.102307369299296402e+00	-1.095706918957405351e+00	-6.252833482310619750e+00
4.015704509563076778e-03	-1.121675756597093621e+00	-1.115236701145721820e+00	-6.342052088492281747e+00
4.049043691875768049e-03	-1.140721676520560779e+00	-1.134485894960972185e+00	-6.429075610432293253e+00
4.082382874188454115e-03	-1.159584296155173888e+00	-1.153532137592246487e+00	-6.514044825508124248e+00
4.115722056501140182e-03	-1.178157307281612054e+00	-1.172305201179426382e+00	-6.596453931868121678e+00
4.149061238813826248e-03	-1.196547018094539894e+00	-1.190861461273453603e+00	-6.676519091974309816e+00
4.182400421126509713e-03	-1.214694475845072175e+00	-1.209149052335683816e+00	-6.754251895748231149e+00
4.215739603439195779e-03	-1.232561667269184147e+00	-1.227195678912518240e+00	-6.829727399498828788e+00
4.249078785751881845e-03	-1.250171464721462566e+00	-1.244952052624765937e+00	-6.903021304315014817e+00
4.282417968064567912e-03	-1.267305130925312051e+00	-1.262399488968658057e+00	-6.974218332268390164e+00
4.315757150377253978e-03	-1.284032249409699844e+00	-1.279359841074984905e+00	-7.043123244601148691e+00
4.349096332689940045e-03	-1.300474269250867287e+00	-1.295951980839505469e+00	-7.109753753061280435e+00
4.382435515002626111e-03	-1.316650519195809110e+00	-1.312326672654658299e+00	-7.174346964293695450e+00
4.415774697315314780e-03	-1.332457912424545698e+00	-1.328329286308603141e+00	-7.237025939464524882e+00
4.449113879628000846e-03	-1.347750838793325912e+00	-1.343956600301920545e+00	-7.297647952954663175e+00
4.482453061940686913e-03	-1.362742881220555757e+00	-1.359093286235391718e+00	-7.356017765636152284e+00
4.515792244253372979e-03	-1.377553233793229248e+00	-1.374055047401276042e+00	-7.412532924951483082e+00
4.549131426566056444e-03	-1.391727025938914952e+00	-1.388508462376571995e+00	-7.467254959563726757e+00
4.582470608878747714e-03	-1.405707208749433557e+00	-1.402663248348821501e+00	-7.520259251658590216e+00
4.615809791191433781e-03	-1.419304682321525402e+00	-1.416485257777167384e+00	-7.571497471326511075e+00
4.649148973504117245e-03	-1.432340977547424288e+00	-1.429807296681978146e+00	-7.621011495681505821e+00
4.682488155816803312e-03	-1.444869248511996496e+00	-1.442684774180960083e+00	-7.668869942134993956e+00
4.715827338129489378e-03	-1.456998058485726055e+00	-1.455036831493317750e+00	-7.715173000916218271e+00
4.749166520442175445e-03	-1.468662333859189539e+00	-1.466920810614226633e+00	-7.759622983864853829e+00
4.782505702754861511e-03	-1.480097563588168352e+00	-1.478588952110038379e+00	-7.802595858163506648e+00
4.815844885067547577e-03	-1.491056017078281837e+00	-1.489777740213622970e+00	-7.843968551488784691e+00
4.849184067380233644e-03	-1.501685559480532284e+00	-1.500603147582027619e+00	-7.883918897982725937e+00
4.882523249692919710e-03	-1.511867963031439999e+00	-1.511023295146432410e+00	-7.922280010270960737e+00
4.915862432005605777e-03	-1.521717911814624014e+00	-1.521072974682766699e+00	-7.959265483913015693e+00
4.949201614318291843e-03	-1.530910360052381014e+00	-1.530578227084354426e+00	-7.994875638182211475e+00
4.982540796630977910e-03	-1.539655991459643714e+00	-1.539572877678968110e+00	-8.029198100746786082e+00
5.015879978943663976e-03	-1.547905195443920245e+00	-1.548073678037314327e+00	-8.062146205027795887e+00
5.049219161256350043e-03	-1.555717891208067805e+00	-1.556208198116384445e+00	-8.093899397810755403e+00
5.082558343569036977e-03	-1.563116306824696489e+00	-1.563820841144565765e+00	-8.124317854437588693e+00
5.115897525881722176e-03	-1.569927449607178671e+00	-1.570901298395058543e+00	-8.153301054951231919e+00
5.149236708194409110e-03	-1.576309171291203404e+00	-1.577567153296339564e+00	-8.180954669268624357e+00
5.182575890507094309e-03	-1.582236022276721110e+00	-1.583716929676484142e+00	-8.207408530518558010e+00
5.215915072819802059e-03	-1.587620378690212330e+00	-1.589337097350919992e+00	-8.232613988798785698e+00
5.249254255132470778e-03	-1.592493810859382686e+00	-1.594531065316061591e+00	-8.256667049576929429e+00
5.282593437445174192e-03	-1.596840533579024557e+00	-1.599160632697335105e+00	-8.279492000616022196e+00
5.315932619757862861e-03	-1.600598372550703141e+00	-1.603202282774012888e+00	-8.301046313444107483e+00
5.349271802070550662e-03	-1.603889421278107630e+00	-1.606770699679436865e+00	-8.321363170170265278e+00
5.382610984383234126e-03	-1.606546163558714380e+00	-1.609713508093361112e+00	-8.340479619137338929e+00
5.415950166695924529e-03	-1.608779605342604668e+00	-1.612175351784375099e+00	-8.358471691775449131e+00
5.449289349008606259e-03	-1.610429639799924040e+00	-1.614215183552535349e+00	-8.375336165088228313e+00
5.482628531321296662e-03	-1.611317797749704628e+00	-1.615506346814257865e+00	-8.390906474332455289e+00
5.515967713633976657e-03	-1.611539434554409622e+00	-1.616075901867808362e+00	-8.405225145131195674e+00
5.549306895946668795e-03	-1.611422817514670758e+00	-1.616192196762962885e+00	-8.418378518845450742e+00
5.582646078259348790e-03	-1.610852296030997000e+00	-1.615839768465899828e+00	-8.430396878823760431e+00
5.615985260572042663e-03	-1.609719306729556543e+00	-1.615008308289798800e+00	-8.441249617721403808e+00
5.649324442884723525e-03	-1.608181701409753472e+00	-1.613659802949191535e+00	-8.450948655169915114e+00
5.682663625197414796e-03	-1.606144769003528650e+00	-1.611841285843455207e+00	-8.459582910407723588e+00
5.716002807510094791e-03	-1.603495113949916506e+00	-1.609511200080814497e+00	-8.467187177625408623e+00
5.749341989822786929e-03	-1.600298454153123107e+00	-1.606670834260006009e+00	-8.473630009396650564e+00
5.782681172135466924e-03	-1.596642413479833156e+00	-1.603275087884871830e+00	-8.478932024386013566e+00
5.816020354448159062e-03	-1.592500253788440512e+00	-1.599381303052792358e+00	-8.483260752624337542e+00
5.849359536760837322e-03	-1.587798847845889094e+00	-1.594963708064311980e+00	-8.486389705584638676e+00
5.882698719073532062e-03	-1.582565255984520469e+00	-1.589970115210994850e+00	-8.488416501728645258e+00
5.916037901386209455e-03	-1.576739558987297674e+00	-1.584511342914843190e+00	-8.489336952653362189e+00
5.949377083698906797e-03	-1.570323689767919584e+00	-1.578367687301405642e+00	-8.489063426983653571e+00
5.982716266011584190e-03	-1.563464869299384663e+00	-1.571675416371101086e+00	-8.487669380395510998e+00
6.016055448324278930e-03	-1.556004601554349165e+00	-1.564589804758149461e+00	-8.485118085162138613e+00
6.049394630636955456e-03	-1.548041463391514050e+00	-1.556870531232936505e+00	-8.481332541914225587e+00
6.082733812949651063e-03	-1.539576743435286055e+00	-1.548619071974771444e+00	-8.476345612681424058e+00
6.116072995262327588e-03	-1.530638146319358350e+00	-1.539946567548624801e+00	-8.470170829148699454e+00
6.149412177575023196e-03	-1.521293967126202906e+00	-1.530774092113749152e+00	-8.462577515367312841e+00
6.182751359887697987e-03	-1.511266193538705283e+00	-1.521135793235107947e+00	-8.453796348387115245e+00
6.216090542200395329e-03	-1.500808032691353766e+00	-1.510898946633370432e+00	-8.443706191585597765e+00
6.249429724513070120e-03	-1.489888880717303632e+00	-1.500192733071756379e+00	-8.432296736242784974e+00
6.282768906825767462e-03	-1.478618267430620081e+00	-1.489111541487307511e+00	-8.419507414695846848e+00
6.316108089138442253e-03	-1.466855737049915787e+00	-1.477606727814801291e+00	-8.405452599598593366e+00
6.349447271451139595e-03	-1.454610631872402582e+00	-1.465631258726449726e+00	-8.389973138473626690e+00
6.382786453763814385e-03	-1.441934495359558310e+00	-1.453149698174685867e+00	-8.373043903197665117e+00
6.416125636076511728e-03	-1.428867273703958496e+00	-1.440287683283318687e+00	-8.354620757598219427e+00
6.449464818389189988e-03	-1.415598388977314492e+00	-1.427128005698011570e+00	-8.334699192952188085e+00
6.482804000701888197e-03	-1.401901694496269446e+00	-1.413660034622424178e+00	-8.313245382980147369e+00
6.516143183014561253e-03	-1.387751096458363476e+00	-1.399692093038607643e+00	-8.290148180168859682e+00
6.549482365327260330e-03	-1.373091830047335371e+00	-1.385285388797810269e+00	-8.265304813843391329e+00
6.582821547639933386e-03	-1.357944512679237548e+00	-1.370334902264608745e+00	-8.238660839533340052e+00
6.616160729952632463e-03	-1.342403533258667236e+00	-1.355044552079939457e+00	-8.210110587730852671e+00
6.649499912265305519e-03	-1.326604193246444297e+00	-1.339400485990853928e+00	-8.179593815602020257e+00
6.682839094578004596e-03	-1.310430520028544876e+00	-1.323386274578200350e+00	-8.146956528708010126e+00
6.716178276890677652e-03	-1.294023935824673677e+00	-1.307075045071268482e+00	-8.112054720574111144e+00
6.749517459203376729e-03	-1.277094509090084040e+00	-1.290379495879675709e+00	-8.074791744539869143e+00
6.782856641516048918e-03	-1.259836171876396183e+00	-1.273288351925212503e+00	-8.035215287118219862e+00
6.816195823828748862e-03	-1.242138428084680779e+00	-1.255830284260988750e+00	-7.992864327466468133e+00
6.849535006141421051e-03	-1.224146565670432008e+00	-1.237971789722132954e+00	-7.947645120909319516e+00
6.882874188454121862e-03	-1.205930812514691031e+00	-1.219853968358176610e+00	-7.899259667595853962e+00
6.916213370766793184e-03	-1.187537557672748045e+00	-1.201546081606010619e+00	-7.847603593380504172e+00
6.949552553079493995e-03	-1.168860815087213734e+00	-1.183035565778705722e+00	-7.792464276049433813e+00
6.982891735392165317e-03	-1.149905739115442804e+00	-1.164125589622193813e+00	-7.733302737705276542e+00
7.016230917704866128e-03	-1.130569565183090708e+00	-1.145020393789114133e+00	-7.669806810234279126e+00
7.049570100017535715e-03	-1.110959245810212881e+00	-1.125562448860372156e+00	-7.601423023913016941e+00
7.082909282330238261e-03	-1.091211370936739256e+00	-1.105850975848573281e+00	-7.527520270354854048e+00
7.116248464642907848e-03	-1.071359765892735183e+00	-1.086015799620760225e+00	-7.447593413366051074e+00
7.149587646955610394e-03	-1.051403464233840790e+00	-1.066123282253573334e+00	-7.360852203494395063e+00
7.182926829268279981e-03	-1.031465203579529311e+00	-1.046196296100738055e+00	-7.266168445886987293e+00
7.216266011580984262e-03	-1.011160985891201403e+00	-1.026101150558969222e+00	-7.162025101639797775e+00
7.249605193893653848e-03	-9.906106494904284299e-01	-1.005655188854504667e+00	-7.046510816367080210e+00
7.282944376206356395e-03	-9.701460047285702659e-01	-9.851873220421856203e-01	-6.917440416010651738e+00
7.316283558519025981e-03	-9.493956172928714743e-01	-9.645197255363203714e-01	-6.771921280821943334e+00
7.349622740831728528e-03	-9.285878886614754579e-01	-9.437458216602511163e-01	-6.606192599578690761e+00
7.382961923144396379e-03	-9.077147651715047338e-01	-9.230121868039365962e-01	-6.415422426470437145e+00
7.416301105457100661e-03	-8.866509320446597231e-01	-9.020859094381238341e-01	-6.194878759693759562e+00
7.449640287769768512e-03	-8.654505097893752108e-01	-8.809170569426268971e-01	-5.940743968775128891e+00
7.482979470082472793e-03	-8.440983575378269155e-01	-8.596644472484301636e-01	-5.655400103743039253e+00
7.516318652395140645e-03	-8.227484610118024344e-01	-8.381705509990378111e-01	-5.355782282562712382e+00
7.549657834707844926e-03	-8.014075852491562291e-01	-8.166663467885283412e-01	-5.072474104432686204e+00
7.582997017020511911e-03	-7.803859566888554644e-01	-7.952465454762317476e-01	-4.833868421725919795e+00
7.616336199333217059e-03	-7.596326762355657403e-01	-7.741211861305263842e-01	-4.643671195950883401e+00
7.649675381645884044e-03	-7.390111540042334504e-01	-7.532445239913319046e-01	-4.487068514944926534e+00
7.683014563958589192e-03	-7.185710004210105195e-01	-7.325453647821273950e-01	-4.347638775909470787e+00
7.716353746271256177e-03	-6.982973967420226247e-01	-7.120984463000401554e-01	-4.215035649990023892e+00
7.749692928583962193e-03	-6.781375110188383459e-01	-6.918254870688904656e-01	-4.085663243096936625e+00
7.783032110896668208e-03	-6.581048733468377598e-01	-6.716649572023110082e-01	-3.958528021482733639e+00
7.816371293209334326e-03	-6.382233224867688293e-01	-6.516577691899516633e-01	-3.832361340673645422e+00
7.849710475522003045e-03	-6.184735296607034583e-01	-6.317833056700010719e-01	-3.709541308517052105e+00
7.883049657834708193e-03	-5.988409982807801901e-01	-6.120164392415960997e-01	-3.589295392772550386e+00
7.916388840147409872e-03	-5.793044666980416979e-01	-5.923864851457888436e-01	-3.469471940197794257e+00
7.949728022460080326e-03	-5.598929280096918149e-01	-5.728818461073537094e-01	-3.350542572574991773e+00
7.983067204772782005e-03	-5.406105700853213181e-01	-5.534580659826443538e-01	-3.232632920857801295e+00
8.016406387085452459e-03	-5.215746539630388146e-01	-5.342369158529580719e-01	-3.116428511889608899e+00
8.049745569398154138e-03	-5.026553548689609574e-01	-5.152171071081277365e-01	-3.001549523207018400e+00
8.083084751710824592e-03	-4.839824975250019423e-01	-4.963690023110784444e-01	-2.887689906754206781e+00
8.116423934023526271e-03	-4.655354645768242094e-01	-4.777541312794109096e-01	-2.775749094005142137e+00
8.149763116336196725e-03	-4.472736656350499995e-01	-4.593348029341824956e-01	-2.665846594777627754e+00
8.183102298648898404e-03	-4.292219059015761062e-01	-4.411090843784990501e-01	-2.555369136699599419e+00
8.216441480961568858e-03	-4.114555674622629722e-01	-4.231459147829421674e-01	-2.448858678568640812e+00
8.249780663274270537e-03	-3.939456571780668992e-01	-4.054675221826463116e-01	-2.344736042707156631e+00
8.283119845586940991e-03	-3.766953964873214766e-01	-3.880278397144574787e-01	-2.242578564701444677e+00
8.316459027899642670e-03	-3.597022082056235970e-01	-3.708603705175994025e-01	-2.142027366565234292e+00
8.349798210212313124e-03	-3.429419313852741791e-01	-3.539586716594023685e-01	-2.042677826353001436e+00
8.383137392525014803e-03	-3.265414914346246866e-01	-3.373018036496165939e-01	-1.944998986000081587e+00
8.416476574837685257e-03	-3.104483785818697439e-01	-3.209941416947234005e-01	-1.848478949519289261e+00
8.449815757150386936e-03	-2.947057603431538775e-01	-3.050685446456771199e-01	-1.754748741808697998e+00
8.483154939463059124e-03	-2.793796765832804452e-01	-2.894589726113538375e-01	-1.664596328175919737e+00
8.516494121775762538e-03	-2.644073088709314456e-01	-2.742247003967754337e-01	-1.575331780036706375e+00
8.549833304088432992e-03	-2.498311804343928688e-01	-2.593844124441693211e-01	-1.487537213102545941e+00
8.583172486401134671e-03	-2.356815729649338331e-01	-2.450295981351049424e-01	-1.402792107730511439e+00
8.616511668713805125e-03	-2.219797480743362084e-01	-2.310442849940115284e-01	-1.320023713045190394e+00
8.649850851026506804e-03	-2.086210083900598145e-01	-2.174468353213996341e-01	-1.240382732161390944e+00
8.683190033339177258e-03	-1.957342122045270250e-01	-2.042813830785280838e-01	-1.162639530262673304e+00
8.716529215651878937e-03	-1.832265815397382258e-01	-1.915260223502775472e-01	-1.088121990891747215e+00
8.749868397964549391e-03	-1.710913513320159174e-01	-1.791401627693550713e-01	-1.017013734605589192e+00
8.783207580277251070e-03	-1.595150439659812625e-01	-1.672549176513559999e-01	-9.475017215849494967e-01
8.816546762589921524e-03	-1.483410966086204097e-01	-1.558425824608846433e-01	-8.806384010040217980e-01
8.849885944902623203e-03	-1.376419920526275875e-01	-1.448686876027931725e-01	-8.162868591611125435e-01
8.883225127215293657e-03	-1.273806835377808144e-01	-1.343110050203542849e-01	-7.547405695034651307e-01
8.916564309527995336e-03	-1.176377075024614693e-01	-1.242539369004157374e-01	-6.964321725385229644e-01
8.949903491840665790e-03	-1.083228631389580310e-01	-1.147074697628898965e-01	-6.417617721504207395e-01
8.983242674153367469e-03	-9.960012263667689103e-02	-1.056658049868584581e-01	-5.900380423992106493e-01
9.016581856466037923e-03	-9.129552729311792014e-02	-9.711444601614865890e-02	-5.413289552380168290e-01
9.049921038778739601e-03	-8.352730460232407617e-02	-8.903921844070224190e-02	-4.948462193090697459e-01
9.083260221091410055e-03	-7.566372674289660594e-02	-8.123942545882582855e-02	-4.480857951461652000e-01
9.116599403404122143e-03	-6.635886874405254321e-02	-7.263974454108901302e-02	-3.915682215881787220e-01
9.149938585716785658e-03	-5.391115669228379453e-02	-6.180147272766567390e-02	-3.155804825036597761e-01
9.183277768029494276e-03	-3.705971201947684535e-02	-4.712773345443745793e-02	-2.132431554719314837e-01
9.216616950342157791e-03	-1.593403719703781821e-02	-2.814432806836376921e-02	-8.667660120800800561e-02
9.249956132654866409e-03	-2.339163745279530370e-03	-1.024655372348467347e-02	-1.388776730458911139e-02
9.283295314967529924e-03	-8.743669417014806938e-04	-3.654807057933989571e-03	-6.892694157848101334e-03
9.316634497280238542e-03	-5.177515770946226285e-04	-2.056319761994111935e-03	-4.711767318980705950e-03
9.349973679592902057e-03	-3.437928626239487168e-04	-1.566658195755783831e-03	-3.423184251756258324e-03
9.383312861905610675e-03	-2.104245148496602903e-04	-1.366927820000068700e-03	-2.615886959611274983e-03
9.416652044218274190e-03	-1.376195713729753934e-04	-1.269317652489913070e-03	-2.057608345124689944e-03
9.449991226530982807e-03	-8.961985199832387186e-05	-1.165908861162465344e-03	-1.671033424423621402e-03
9.483330408843646323e-03	-5.547240063138926292e-05	-1.113076955306938542e-03	-1.401075271408460917e-03
9.516669591156354940e-03	-2.615713577606202484e-05	-1.124674202942017778e-03	-1.176861817319135948e-03
9.550008773469018455e-03	-9.083410092853419479e-06	-1.052835696816912560e-03	-1.005158123288540754e-03
9.583347955781727073e-03	2.892979048997565585e-05	-1.045426344164073233e-03	-8.856420435710217519e-04
9.616687138094390588e-03	4.986926538627332737e-05	-1.038983428816731523e-03	-8.041391644000650063e-04
9.650026320407099206e-03	3.827201775234195027e-05	-1.027708326958302236e-03	-7.107168918325548713e-04
9.683365502719762721e-03	5.470145189983665316e-05	-1.054124279884962462e-03	-6.504756333131035337e-04
9.716704685032471339e-03	4.922497385010700258e-05	-1.050258530686074606e-03	-6.192274938645066619e-04
9.750043867345134854e-03	4.793639077979050826e-05	-1.001614519795607445e-03	-5.709056287388821621e-04
9.783383049657843472e-03	6.855371990911556229e-05	-9.890508348634719730e-04	-5.377246146849755035e-04
9.816722231970506987e-03	8.466100829061360582e-05	-9.909837094761858849e-04	-5.090536413749271061e-04
9.850061414283215605e-03	6.017792995054361036e-05	-1.028352618487310584e-03	-4.842484172763395693e-04
9.883400596595879120e-03	8.433886252533254700e-05	-1.035117679605810975e-03	-5.038993090932811702e-04
9.916739778908587738e-03	5.888934688062253813e-05	-1.010956747042278652e-03	-4.678189831311849135e-04
9.950078961221251253e-03	7.725165563498930226e-05	-9.942051671380652822e-04	-4.523559862913840556e-04
9.983418143533959871e-03	7.080874028387679165e-05	-1.013856058960763184e-03	-4.478459455444728978e-04
1.001675732584662339e-02	8.111740484775653147e-05	-1.022231848916411523e-03	-4.526781320556960545e-04
1.005009650815933200e-02	7.982882177744207003e-05	-9.961380417571031286e-04	-4.401144471245391839e-04
1.008343569047199552e-02	8.015096754389645244e-05	-9.816414822265383255e-04	-4.269064706561118572e-04
1.011677487278470414e-02	8.562744559245202727e-05	-9.491047597161253891e-04	-4.136984941848253269e-04
1.015011405509736939e-02	9.464752709168895695e-05	-9.697220888285488019e-04	-4.075777246019870862e-04
1.018345323741007627e-02	1.001240051418752125e-04	-9.674670684639232908e-04	-4.050005584612949273e-04
1.021679241972273978e-02	8.884890327029144972e-05	-9.703663803740625012e-04	-4.040341211584131103e-04
1.025013160203545014e-02	1.030233170462195927e-04	-9.867958145190738797e-04	-3.943697481315455830e-04
1.028347078434811365e-02	8.047311331341431586e-05	-9.768092957195950027e-04	-3.853496666418189495e-04
1.031680996666082747e-02	9.335894401844166087e-05	-9.722992549696436336e-04	-3.963026227373088375e-04
1.035014914897348579e-02	9.045963210986057094e-05	-9.922722925475220036e-04	-3.779403139875621366e-04
1.038348833128620134e-02	9.496967285664410460e-05	-9.922722925487076871e-04	-3.731081274741928017e-04
1.041682751359887006e-02	9.013748634588224879e-05	-9.822857737470825235e-04	-3.656987748198714788e-04
1.045016669591158041e-02	9.529181862603030521e-05	-9.980709163645629968e-04	-3.689202324980297380e-04
1.048350587822423699e-02	1.123655443107997195e-04	-1.004191685942142261e-03	-3.341284895998108853e-04
1.051684506053694734e-02	1.014125882095165870e-04	-1.004835977478894847e-03	-3.454035914650105269e-04
1.055018424284961606e-02	1.094662324015697482e-04	-9.964601875264900068e-04	-3.489471949065039730e-04
1.058352342516232468e-02	9.915756783769007611e-05	-9.803528991477992744e-04	-3.228533877358483184e-04
1.061686260747498126e-02	9.271465248383880305e-05	-9.826079195193110957e-04	-3.270412827140933756e-04
1.065020178978768987e-02	1.043119001179020733e-04	-9.903394179302746087e-04	-3.244641165729446591e-04
1.068354097210036033e-02	8.723817443228386423e-05	-9.636013192364377596e-04	-3.218869504330961720e-04
1.071688015441306895e-02	1.010904424441078770e-04	-9.793864618552220944e-04	-3.215648046646227341e-04
1.075021933672572552e-02	1.075333577922186383e-04	-9.722992549654292313e-04	-3.112561401025658227e-04
1.078355851903843414e-02	1.307278530669288340e-04	-9.603798615653650868e-04	-3.077125366586008835e-04
1.081689770135110633e-02	1.020568797452288954e-04	-9.300981594266492618e-04	-3.096454112659915796e-04
1.085023688366381321e-02	9.400323555350230951e-05	-9.761650041592364073e-04	-2.974038720987560156e-04
1.088357606597646979e-02	9.432538132230275634e-05	-9.993594994014156317e-04	-2.887059363728837393e-04
1.091691524828917667e-02	1.020568797465961285e-04	-1.023198286188308848e-03	-2.977260178641061923e-04
1.095025443060185580e-02	1.078555035633680498e-04	-9.809971906651578696e-04	-2.835516040916274115e-04
1.098359361291455748e-02	1.084997950975796191e-04	-9.822857737366225746e-04	-3.086789739604408364e-04
1.101693279522721926e-02	1.052783374207199630e-04	-9.665006311386819182e-04	-3.003031840055793563e-04
1.105027197753992094e-02	9.561396439196219704e-05	-9.713328176344188190e-04	-2.822630210218980262e-04
1.108361115985260180e-02	1.027011712812658139e-04	-9.716549633982700862e-04	-2.925716855851926627e-04
1.111695034216530174e-02	1.168755850593456780e-04	-9.294538678602034133e-04	-2.848401871621355250e-04
1.115028952447795832e-02	8.627173712959788129e-05	-9.587691327005280241e-04	-2.825851667899169123e-04
1.118362870679066173e-02	1.097883781689356871e-04	-9.487826139231561378e-04	-2.803301464153550677e-04
1.121696788910334260e-02	1.130098358449497332e-04	-9.236552440748276287e-04	-2.832294583235430395e-04
1.125030707141604601e-02	1.297614157654170691e-04	-9.713328176574917254e-04	-2.890280821407047044e-04
1.128364625372870259e-02	1.181641681281579909e-04	-9.739099837934423430e-04	-2.780751260425470828e-04
1.131698543604140600e-02	9.658040169732091452e-05	-9.320310340215784634e-04	-2.648671495717141826e-04
1.135032461835408686e-02	1.072112120305890369e-04	-9.623127361669186553e-04	-2.829073125566977480e-04
1.138366380066679028e-02	1.020568797463358251e-04	-9.722992549604271562e-04	-2.887059363728833056e-04
1.141700298297944685e-02	1.065669204926617306e-04	-9.758428583925189432e-04	-2.732429395312608255e-04
1.145034216529214853e-02	1.197748969690342669e-04	-9.636013192341058575e-04	-2.738872310645645109e-04
1.148368134760483286e-02	9.947971360486114326e-05	-9.584469869535204882e-04	-2.732429395299599455e-04
1.151702052991753454e-02	1.152648562208816299e-04	-9.748764210887986585e-04	-2.716322106913671348e-04
1.155035971223019112e-02	9.496967285644988333e-05	-9.710106718765632982e-04	-2.899945194428065463e-04
1.158369889454289800e-02	1.242849377163395864e-04	-9.658563395878807818e-04	-2.806522921839566041e-04
1.161703807685558060e-02	1.010904424428675903e-04	-9.684335057298414573e-04	-2.874173533019178757e-04
1.165037725916828228e-02	1.268621038557276399e-04	-9.375075120539144279e-04	-2.713100649253674126e-04
1.168371644148094059e-02	1.107548154731859841e-04	-9.462054477956111228e-04	-2.819408752544666692e-04
1.171705562379363880e-02	1.107548154724717388e-04	-9.426618443454261699e-04	-2.729207937624628859e-04
1.175039480610632833e-02	9.561396439352854392e-05	-9.436282816433813180e-04	-2.700214818543382857e-04
1.178373398841902654e-02	1.062447747256229361e-04	-9.172123287232023447e-04	-2.754979599047823239e-04
1.181707317073168312e-02	1.152648562192521689e-04	-9.487826139258607886e-04	-2.597128172912388597e-04
1.185041235304438306e-02	1.171977308264508935e-04	-9.271988475088663176e-04	-2.713100649235447061e-04
1.188375153535707260e-02	1.084997950988173172e-04	-9.574805496636655229e-04	-2.635785665025727601e-04
1.191709071766977081e-02	1.030233170499344759e-04	-9.581248411979458035e-04	-2.703436276215099763e-04
1.195042989998242912e-02	1.107548154697978658e-04	-9.342860544117761838e-04	-2.774308345073574818e-04
1.198376908229512559e-02	1.175198765943390384e-04	-9.091586845434939095e-04	-2.661557326414428631e-04
1.201710826460781860e-02	9.786898476711657167e-05	-9.062593726400395644e-04	-2.674443157128639833e-04
1.205044744692051507e-02	8.659388289872394114e-05	-9.023936234275302263e-04	-2.635785665022459816e-04
1.208378662923317338e-02	1.136541273862004851e-04	-9.085143930103689548e-04	-2.725986479932743624e-04
1.211712581154586986e-02	9.819113053291800687e-05	-9.091586845478864462e-04	-2.561692138483155677e-04
1.215046499385856286e-02	1.001240051390078637e-04	-8.869306265934982997e-04	-2.722765022270780201e-04
1.218380417617125934e-02	1.046340458869002922e-04	-9.152794541265088209e-04	-2.564913596167872709e-04
1.221714335848391765e-02	1.081776493291689565e-04	-9.246216813774305347e-04	-2.722765022257120880e-04
1.225048254079661413e-02	1.104326697052340745e-04	-9.049707895631529811e-04	-2.658335868745323027e-04
1.228382172310930887e-02	1.023790255133108008e-04	-8.659911517084531831e-04	-2.748536683654287903e-04
1.231716090542200708e-02	1.155870019851193203e-04	-8.840313146754422450e-04	-2.677664614817920814e-04
1.235050008773466192e-02	1.181641681292661404e-04	-9.362189290102043227e-04	-2.622899834321276388e-04
1.238383927004735839e-02	1.200970427326186578e-04	-9.271988475256594166e-04	-2.513370273348813433e-04
1.241717845236005660e-02	1.133319816142055721e-04	-9.156015998966020569e-04	-2.645450038057136472e-04
1.245051763467275134e-02	1.033454628148877669e-04	-9.349303459295886260e-04	-2.700214818547288695e-04
1.248385681698540618e-02	1.159091477563957732e-04	-9.146351625908192944e-04	-2.648671495728856088e-04
1.251719599929810092e-02	1.178420223606629371e-04	-9.056150811054863902e-04	-2.555249223117595468e-04
1.255053518161080087e-02	1.120433985444113515e-04	-9.307424509674222871e-04	-2.677664614814007386e-04
1.258387436392349561e-02	1.088219408681396041e-04	-9.172123287416871244e-04	-2.616456918950510924e-04
1.261721354623615045e-02	1.062447747239943696e-04	-9.236552440827434972e-04	-2.503705900317392636e-04
1.265055272854884519e-02	1.229963546422442274e-04	-9.320310340353342785e-04	-2.558470680806222675e-04
1.268389191086154513e-02	1.233185004088273317e-04	-8.969171453829306341e-04	-2.632564207352693932e-04
1.271723109317423987e-02	1.236406461788013868e-04	-9.323531798016621887e-04	-2.593906715241327092e-04
1.275057027548689298e-02	1.181641681300481483e-04	-9.452390104918940907e-04	-2.606792545945117484e-04
1.278390945779958945e-02	9.658040169797695170e-05	-9.507154885396748405e-04	-2.684107530149001768e-04
1.281724864011228940e-02	1.062447747255573961e-04	-8.859641892688714529e-04	-2.622899834322584478e-04
1.285058782242498587e-02	1.084997950999897463e-04	-8.991721657397047868e-04	-2.774308345101551571e-04
1.288392700473764245e-02	1.078555035621289965e-04	-8.885413554137931930e-04	-2.642228580362008389e-04
1.291726618705038403e-02	1.004461509076121241e-04	-9.130244337467023109e-04	-2.648671495705430816e-04
1.295060536936307877e-02	1.120433985430434678e-04	-9.085143930058323276e-04	-2.742093768323214538e-04
1.298394455167573187e-02	1.168755850571287285e-04	-8.476288429606558235e-04	-2.635785665019215341e-04
1.301728373398842488e-02	1.004461509080027893e-04	-8.798434196925299143e-04	-2.600349630599723435e-04
1.305062291630112829e-02	1.268621038534467496e-04	-9.188230575542592456e-04	-2.577799426848239998e-04
1.308396209861382303e-02	1.104326697029536314e-04	-9.201116406236667855e-04	-2.581020884531030945e-04
1.311730128092647614e-02	1.062447747250343092e-04	-9.236552440797149953e-04	-2.503705900325209734e-04
1.315064046323916915e-02	9.690254746299398019e-05	-9.204337863963686119e-04	-2.687328987828522218e-04
1.318397964555187603e-02	9.883542207078047787e-05	-9.281652848239429696e-04	-2.481155696578912035e-04
1.321731882786456730e-02	1.056004831904965171e-04	-9.172123287300050628e-04	-2.529477561727577675e-04
1.325065801017722041e-02	1.049561916549808017e-04	-9.297760136591014073e-04	-2.648671495736021038e-04
1.328399719248991341e-02	1.030233170470670729e-04	-9.433061358914676588e-04	-2.503705900319337153e-04
1.331733637480262029e-02	1.139762731498552406e-04	-9.172123287259985021e-04	-2.658335868751826071e-04
1.335067555711531156e-02	1.001240051382913687e-04	-9.007828945852519413e-04	-2.639007122704600241e-04
1.338401473942796467e-02	1.304057072993670204e-04	-9.304203051839670183e-04	-2.851623329288516880e-04
1.341735392174065594e-02	1.123655443117140001e-04	-9.339639086335686704e-04	-2.642228580376320942e-04
1.345069310405336456e-02	1.184863138969580583e-04	-9.288095763540739000e-04	-2.497262984949215163e-04
1.348403228636605583e-02	1.149427104509088759e-04	-8.911185215600120725e-04	-2.500484442644367641e-04
1.351737146867870894e-02	1.197748969680575499e-04	-9.223666610077599056e-04	-2.500484442630714283e-04
1.355071065099140194e-02	9.658040169426105204e-05	-8.988500199794211953e-04	-2.490820069620759605e-04
1.358404983330411056e-02	1.223520631071197599e-04	-8.920849588480246530e-04	-2.632564207321461320e-04
1.361738901561680357e-02	1.062447747252304143e-04	-9.081922472175069311e-04	-2.613235461303529549e-04
1.365072819792945320e-02	1.188084596652391587e-04	-8.647025686069188897e-04	-2.458605492834600595e-04
1.368406738024214621e-02	1.220299173389061646e-04	-8.962728538181748399e-04	-2.490820069621397116e-04
1.371740656255485483e-02	1.239627919485163175e-04	-9.049707895422940155e-04	-2.677664614799072501e-04
1.375074574486754783e-02	1.081776493289736646e-04	-9.613462988590275532e-04	-2.552027765443924830e-04
1.378408492718019747e-02	1.126876900777771075e-04	-9.168901829515581576e-04	-2.655114411085969278e-04
1.381742410949288874e-02	1.152648562189920010e-04	-8.727562128049462216e-04	-2.465048408206676317e-04
1.385076329180559909e-02	1.068890662608109108e-04	-8.982057284408440046e-04	-2.674443157122782973e-04
1.388410247411829210e-02	1.081776493301493734e-04	-8.972392911469195950e-04	-2.597128172903936157e-04
1.391744165643094173e-02	1.146205646841295988e-04	-9.291317221221405452e-04	-2.690550445509350217e-04
1.395078083874363301e-02	1.152648562214701348e-04	-9.165680371982533586e-04	-2.403840712339892825e-04
1.398412002105634509e-02	1.123655443098901688e-04	-9.616684446338569095e-04	-2.581020884531025524e-04
1.401745920336903636e-02	1.023790255136377284e-04	-9.442725731949766325e-04	-2.603571088261026037e-04
1.405079838568168600e-02	1.010904424429986568e-04	-9.262324102173377779e-04	-2.523034646373734438e-04
1.408413756799437727e-02	1.162312935236335730e-04	-8.982057284496752650e-04	-2.474712781221816735e-04
1.411747675030708936e-02	1.365264768845474901e-04	-9.223666610096503205e-04	-2.555249223131904226e-04
1.415081593261978063e-02	1.300835615329772293e-04	-9.632791734834303572e-04	-2.539141934750539526e-04
1.418415511493243027e-02	1.052783374218937610e-04	-9.110915591577495570e-04	-2.648671495709340449e-04
1.421749429724511980e-02	1.258956665515419886e-04	-9.098029760793282855e-04	-2.561692138462318938e-04
1.425083347955783362e-02	1.223520631060766761e-04	-9.561919665931529642e-04	-2.635785665022469032e-04
1.428417266187052663e-02	1.075333577946965960e-04	-9.329974713321032009e-04	-2.610014003610347608e-04
1.431751184418317800e-02	1.081776493318423687e-04	-9.323531798034644580e-04	-2.548806307777408842e-04
1.435085102649586580e-02	1.239627919482562716e-04	-9.436282816689302170e-04	-2.561692138468185014e-04
1.438419020880858309e-02	1.287949784616210800e-04	-9.623127361779341494e-04	-2.510148815677750301e-04
1.441752939112127090e-02	1.139762731493295923e-04	-9.300981594294445518e-04	-2.481155696572427422e-04
1.445086857343392227e-02	1.204191885012253712e-04	-9.123801422095622303e-04	-2.619678376651509962e-04
1.448420775574661007e-02	1.046340458872257697e-04	-8.975614369032841209e-04	-2.561692138481196524e-04
1.451754693805932910e-02	1.220299173387752337e-04	-9.368632205455546024e-04	-2.629342749667957927e-04
1.455088612037201516e-02	1.036676085818643553e-04	-9.078701014705982744e-04	-2.481155696586088912e-04
1.458422530268466653e-02	1.020568797480950923e-04	-9.423396985884553581e-04	-2.613235461300910658e-04
1.461756448499735260e-02	1.117212527767865999e-04	-9.259102644516703636e-04	-2.474712781225729078e-04
1.465090366731007336e-02	1.126876900775816665e-04	-9.323531798016937390e-04	-2.703436276205978370e-04
1.468424284962275943e-02	1.123655443091725760e-04	-9.532926546764987829e-04	-2.532699019392798041e-04
1.471758203193541080e-02	1.039897543511876586e-04	-9.481383223995678254e-04	-2.742093768317357136e-04
1.475092121424809687e-02	1.152648562184696731e-04	-9.665006311418669789e-04	-2.600349630594512218e-04
1.478426039656081763e-02	9.915756783625513454e-05	-9.745542753298148085e-04	-2.606792545948367380e-04
1.481759957887350369e-02	1.094662324005279925e-04	-9.726214007392879014e-04	-2.510148815647824695e-04
1.485093876118615507e-02	1.165534392891759652e-04	-9.916280010027422008e-04	-2.484377154257149333e-04
1.488427794349884113e-02	1.046340458859203767e-04	-9.948494586784421400e-04	-2.561692138484453467e-04
1.491761712581156189e-02	1.210634800341976025e-04	-9.758428583999851930e-04	-2.539141934744676161e-04
1.495095630812424796e-02	1.059226289559747516e-04	-9.632791734645444227e-04	-2.645450038046726505e-04
1.498429549043689933e-02	1.152648562199702766e-04	-9.674670684395288503e-04	-2.584242342213150770e-04
1.501763467274958540e-02	1.184863138954603550e-04	-9.549033835160994138e-04	-2.674443157131239208e-04
1.505097385506230789e-02	1.039897543513836824e-04	-9.803528991388912525e-04	-2.658335868749868002e-04
1.508431303737499223e-02	9.819113053370047558e-05	-9.652120480715919689e-04	-2.513370273333192248e-04
1.511765221968764360e-02	1.126876900778436098e-04	-9.127022879791360250e-04	-2.500484442639806944e-04
1.515099140200033834e-02	1.017347339794256306e-04	-9.693999430353860206e-04	-2.606792545939918193e-04
1.518433058431305216e-02	9.883542207019384318e-05	-9.619905903839746962e-04	-2.542363392422912916e-04
1.521766976662574690e-02	1.088219408680744435e-04	-9.697220888018858852e-04	-2.545584850087475172e-04
1.525100894893838786e-02	1.001240051377043139e-04	-9.416954070362499631e-04	-2.745315225978010301e-04
1.528434813125108260e-02	1.117212527741794596e-04	-9.687556515096526141e-04	-2.613235461298322126e-04
1.531768731356379643e-02	1.223520631068593617e-04	-9.281652848133778531e-04	-2.706657733873780221e-04
1.535102649587649117e-02	1.107548154719487061e-04	-9.433061358758255488e-04	-2.555249223126687045e-04
1.538436567818913213e-02	1.181641681290075175e-04	-9.813193364286946097e-04	-2.735650852964810606e-04
1.541770486050182340e-02	1.146205646864097979e-04	-9.732656922518265674e-04	-2.452162577494421017e-04
1.545104404281455283e-02	1.065669204920123071e-04	-9.342860543831173594e-04	-2.587463799874471803e-04
1.548438322512723543e-02	1.049561916555045256e-04	-9.581248411837481761e-04	-2.429612373769607055e-04
1.551772240743988507e-02	1.184863138961778664e-04	-9.594134242452575199e-04	-2.416726543061899983e-04
1.555106158975256767e-02	1.001240051379640074e-04	-9.964601875030278718e-04	-2.484377154254557006e-04
1.558440077206529710e-02	1.255735207858698309e-04	-9.764871499103514431e-04	-2.600349630585415761e-04
1.561773995437797970e-02	1.194527511986021501e-04	-9.407289697296890687e-04	-2.510148815673827116e-04
1.565107913669063280e-02	1.123655443078031745e-04	-9.069036641474598204e-04	-2.487598611924329937e-04
1.568441831900332234e-02	1.052783374243031428e-04	-8.814541485201008884e-04	-2.574577969197354953e-04
1.571775750131602922e-02	1.149427104507138821e-04	-9.252659729003672416e-04	-2.532699019397345185e-04
1.575109668362871876e-02	1.265399580879041270e-04	-9.368632205339810694e-04	-2.561692138485108326e-04
1.578443586594137707e-02	1.030233170499323888e-04	-9.365410747614917467e-04	-2.587463799880967801e-04
1.581777504825406661e-02	1.281506869272810057e-04	-9.665006311360753877e-04	-2.616456918977826855e-04
1.585111423056677349e-02	1.229963546439384560e-04	-9.400846782103804275e-04	-2.468269865875130859e-04
1.588445341287946302e-02	1.184863138978727048e-04	-9.197894948688957115e-04	-2.574577969196053368e-04
1.591779259519212134e-02	1.062447747230148607e-04	-9.191452033285853153e-04	-2.584242342209248184e-04
1.595113177750481087e-02	1.149427104531907285e-04	-9.346082001697498826e-04	-2.416726543072331363e-04
1.598447095981752816e-02	1.204191885025927264e-04	-9.214002237051523376e-04	-2.642228580372405888e-04
1.601781014213020729e-02	1.162312935220696385e-04	-9.529705089127217836e-04	-2.535920477073602187e-04
1.605114932444286560e-02	1.027011712825043387e-04	-9.484604681661409822e-04	-2.622899834314766838e-04
1.608448850675555514e-02	1.204191885025959790e-04	-9.381518036031217872e-04	-2.690550445502191230e-04
1.611782768906827243e-02	1.043119001210322870e-04	-9.349303459348087342e-04	-2.448941119847421210e-04
1.615116687138095156e-02	1.065669204919456015e-04	-9.433061358993492665e-04	-2.484377154255200480e-04
1.618450605369360987e-02	1.229963546419823926e-04	-9.162458914434719846e-04	-2.503705900315434025e-04
1.621784523600629940e-02	1.107548154737084882e-04	-9.181787660440383870e-04	-2.445719662159443440e-04
1.625118441831901669e-02	9.947971360336029575e-05	-9.281652848321754251e-04	-2.468269865863412802e-04
1.628452360063169582e-02	1.065669204923368223e-04	-9.397625324603358244e-04	-2.709879191565692019e-04
1.631786278294435413e-02	1.078555035661048336e-04	-9.407289697625681501e-04	-2.548806307781309260e-04
1.635120196525704367e-02	1.130098358455360562e-04	-9.578026954309035125e-04	-2.574577969171969443e-04
1.638454114756976096e-02	1.162312935244827608e-04	-8.985278742164076911e-04	-2.597128172919547584e-04
1.641788032988244009e-02	9.754683899648909510e-05	-8.972392911475767299e-04	-2.378069050958331267e-04
1.645121951219509840e-02	1.171977308237140555e-04	-9.101251218363144930e-04	-2.539141934745328850e-04
1.648455869450778100e-02	1.168755850560199963e-04	-9.069036641643254525e-04	-2.539141934749229810e-04
1.651789787682050523e-02	1.027011712831551717e-04	-9.294538678884784301e-04	-2.767865429747059440e-04
1.655123705913318435e-02	1.081776493327549958e-04	-9.413732612852963649e-04	-2.616456918969392847e-04
1.658457624144584266e-02	1.113991070062245008e-04	-9.317088882656303795e-04	-2.590685257563110394e-04
1.661791542375853220e-02	1.146205646840621614e-04	-9.104472676257292958e-04	-2.448941119831157635e-04
1.665125460607124949e-02	1.207413342702855929e-04	-9.117358506953253785e-04	-2.635785665022466863e-04
1.668459378838393209e-02	1.181641681258780222e-04	-8.759776705111135429e-04	-2.587463799879016779e-04
1.671793297069659387e-02	1.094662324033297336e-04	-8.734005043639982450e-04	-2.603571088266898076e-04
1.675127215300927647e-02	1.146205646830835063e-04	-8.994943115277139216e-04	-2.558470680798423467e-04
1.678461133532200417e-02	1.088219408655327484e-04	-8.669575890078892429e-04	-2.468269865885544079e-04
1.681795051763467982e-02	1.249292292481381825e-04	-8.814541485474069538e-04	-2.606792545944466963e-04
1.685128969994733814e-02	1.229963546429601803e-04	-8.949842707775550361e-04	-2.510148815665377928e-04
1.688462888226002073e-02	1.120433985429148001e-04	-9.271988475099558324e-04	-2.613235461290506112e-04
1.691796806457274843e-02	1.204191885007029755e-04	-9.339639086242270761e-04	-2.497262984960285409e-04
1.695130724688542409e-02	1.291171242278142239e-04	-9.069036641612831812e-04	-2.545584850110245586e-04
1.698464642919808240e-02	1.191306054307803312e-04	-9.136687252774124222e-04	-2.458605492845000262e-04
1.701798561151076500e-02	1.072112120277866318e-04	-9.207559321623700688e-04	-2.552027765451066470e-04
1.705132479382349270e-02	1.107548154752722872e-04	-9.375075120702277675e-04	-2.613235461273595811e-04
1.708466397613616836e-02	1.213856258084110643e-04	-9.484604681479010153e-04	-2.436055289097433776e-04
1.711800315844882667e-02	1.168755850558900818e-04	-9.172123287173888527e-04	-2.606792545936004765e-04
1.715134234076150926e-02	1.165534392889802938e-04	-9.223666610052557238e-04	-2.622899834302412896e-04
1.718468152307423696e-02	1.017347339774701636e-04	-9.094808303005530838e-04	-2.597128172911083218e-04
1.721802070538691262e-02	1.081776493313862990e-04	-9.268767017571375149e-04	-2.513370273363131407e-04
1.725135988769957093e-02	1.065669204929227387e-04	-9.526483631515403642e-04	-2.732429395275545888e-04
1.728469907001225353e-02	1.033454628152158329e-04	-9.098029760731581993e-04	-2.458605492836543486e-04
1.731803825232498123e-02	9.980185937281429965e-05	-9.088365387797428226e-04	-2.619678376631983481e-04
1.735137743463765689e-02	1.152648562195773076e-04	-8.711454839920995804e-04	-2.545584850105049005e-04
1.738471661695031520e-02	1.258956665524549410e-04	-8.769441078042729395e-04	-2.526256104032438207e-04
1.741805579926299780e-02	1.149427104531885872e-04	-8.927292504034591274e-04	-2.561692138469473046e-04
1.745139498157572550e-02	1.059226289580595911e-04	-8.982057284515557053e-04	-2.523034646359406706e-04
1.748473416388840115e-02	1.165534392891104523e-04	-9.168901829613409138e-04	-2.432833831434169582e-04
1.751807334620105946e-02	1.017347339755815240e-04	-8.972392911391542138e-04	-2.503705900299174245e-04
1.755141252851373512e-02	1.078555035615429310e-04	-8.772662535529484121e-04	-2.555249223144921158e-04
1.758475171082646976e-02	1.159091477543111099e-04	-8.943399792158996265e-04	-2.500484442642417703e-04
1.761809089313914542e-02	1.175198765923174621e-04	-9.552255292618086176e-04	-2.555249223122145323e-04
1.765143007545180373e-02	1.039897543517750793e-04	-9.561919665746878086e-04	-2.548806307775451857e-04
1.768476925776455572e-02	1.159091477539207429e-04	-9.809971906556316356e-04	-2.597128172895479922e-04
1.771810844007722444e-02	1.001240051397906576e-04	-9.610241530674081337e-04	-2.465048408192996397e-04
1.775144762238989316e-02	1.152648562205569249e-04	-9.636013192157799135e-04	-2.487598611926262527e-04
1.778478680470256187e-02	1.123655443119753742e-04	-9.433061358745264578e-04	-2.497262984958986535e-04
1.781812598701523059e-02	9.851327630067557319e-05	-9.465275935473007858e-04	-2.500484442648278358e-04
1.785146516932798258e-02	1.049561916540695027e-04	-9.536148004417716560e-04	-2.597128172916296062e-04
1.788480435164064089e-02	1.217077715723205802e-04	-9.629570277008069968e-04	-2.513370273336434013e-04
1.791814353395331655e-02	1.197748969668184016e-04	-9.732656922626770459e-04	-2.497262984943351798e-04
1.795148271626605119e-02	1.136541273823544541e-04	-9.516819258541750221e-04	-2.558470680792552512e-04
1.798482189857872685e-02	1.036676085839505500e-04	-9.262324102200519696e-04	-2.532699019399290786e-04
1.801816108089138516e-02	1.068890662594426612e-04	-9.284874305959827821e-04	-2.471491323563772703e-04
1.805150026320406081e-02	1.059226289577344117e-04	-9.510376343112556018e-04	-2.429612373778064374e-04
1.808483944551679545e-02	1.107548154684281390e-04	-9.732656922786166610e-04	-2.548806307788480715e-04
1.811817862782947111e-02	1.123655443109336456e-04	-9.230109525596943585e-04	-2.619678376644358564e-04
1.815151781014212942e-02	1.104326697010620781e-04	-9.619905904155010186e-04	-2.661557326427441226e-04
1.818485699245480508e-02	1.117212527746349059e-04	-9.378296578563117929e-04	-2.410283627723043673e-04
1.821819617476753972e-02	1.133319816142710850e-04	-9.378296578485278718e-04	-2.645450038052589870e-04
1.825153535708021538e-02	1.068890662612012913e-04	-9.056150811121719060e-04	-2.381290508626172963e-04
1.828487453939287369e-02	1.123655443109328054e-04	-9.355746374862351300e-04	-2.610014003605119585e-04
1.831821372170554935e-02	1.091440866315952595e-04	-9.484604681785363403e-04	-2.439276746795813382e-04
1.835155290401828398e-02	1.188084596651746623e-04	-9.455611562701670900e-04	-2.471491323562453771e-04
1.838489208633095964e-02	1.068890662602895993e-04	-9.516819258480071044e-04	-2.622899834305014981e-04
1.841823126864361795e-02	1.094662324000698900e-04	-9.468497393280225641e-04	-2.680886072505255652e-04
1.845157045095629361e-02	1.104326697043206342e-04	-9.471718851026593661e-04	-2.552027765441314613e-04
1.848490963326902825e-02	1.023790255104430589e-04	-9.404068239936444430e-04	-2.429612373762458639e-04
1.851824881558170391e-02	1.088219408667068987e-04	-9.265545559902280386e-04	-2.658335868735544607e-04
1.855158799789436222e-02	1.207413342692437288e-04	-9.030379149529396731e-04	-2.497262984954430718e-04
1.858492718020703788e-02	1.229963546428290190e-04	-9.040043522611457359e-04	-2.680886072483792786e-04
1.861826636251977252e-02	1.229963546428964292e-04	-9.426618443559411963e-04	-2.494041527279444942e-04
1.865160554483244817e-02	1.175198765921226174e-04	-9.329974713384238828e-04	-2.532699019401243976e-04
1.868494472714510649e-02	1.059226289561690135e-04	-9.407289697583625298e-04	-2.552027765468643556e-04
1.871828390945778214e-02	1.142984189166963851e-04	-9.581248411864727761e-04	-2.577799426857369522e-04
1.875162309177051678e-02	1.226742088756607979e-04	-9.516819258300286471e-04	-2.358740304900711732e-04
1.878496227408319244e-02	1.168755850572590768e-04	-9.214002236925420905e-04	-2.477934238901341522e-04
1.881830145639585075e-02	1.142984189176097847e-04	-9.539369462046767400e-04	-2.577799426831980760e-04
1.885164063870852641e-02	1.062447747264691424e-04	-9.645677565356497148e-04	-2.703436276222908729e-04
1.888497982102126105e-02	1.097883781695871706e-04	-9.619905903873193515e-04	-2.564913596165289056e-04
1.891831900333393671e-02	1.155870019857069985e-04	-9.726214007087502630e-04	-2.632564207334488551e-04
1.895165818564659502e-02	1.210634800357642882e-04	-9.491047596968786321e-04	-2.574577969179117046e-04
1.898499736795927068e-02	1.130098358442315170e-04	-9.594134242556099160e-04	-2.600349630588020015e-04
