# Time (s)	Generation (V)	PC (V)	PL (V)
1.500263204070890169e-05	9.915756783534337472e-05	3.242940777858008272e-02	-2.674443157140997027e-04
4.834181435339528833e-05	1.213856258048895620e-04	4.226169213883852575e-03	-2.587463799894639048e-04
8.168099666608183592e-05	1.181641681270521183e-04	-1.971418452906590780e-05	-2.632564207342285591e-04
1.150201789787680921e-04	1.188084596621093381e-04	-7.074954330577082253e-04	-2.587463799875127746e-04
1.483593612914544161e-04	1.072112120274601921e-04	-7.951190828036927777e-04	-2.474712781231571844e-04
1.816985436041414854e-04	1.059226289570176728e-04	-8.376423241595999745e-04	-2.452162577484002918e-04
2.150377259168277959e-04	1.194527511969760907e-04	-8.875749181172851296e-04	-2.407062170027893363e-04
2.483769082295139165e-04	9.368108978541762584e-05	-8.833870231407370656e-04	-2.526256104059764439e-04
2.817160905422001998e-04	1.133319816136201978e-04	-8.769441078035003371e-04	-2.529477561729524360e-04
3.150552728548863747e-04	1.149427104518217064e-04	-8.859641892867341174e-04	-2.513370273338386119e-04
3.483944551675727122e-04	1.126876900777112016e-04	-8.994943115205818228e-04	-2.384511966288758176e-04
3.817336374802589413e-04	1.249292292508745190e-04	-8.991721657600944013e-04	-2.407062170057178748e-04
4.150728197929463088e-04	1.136541273803326339e-04	-9.011050403641646198e-04	-2.548806307769597166e-04
4.484120021056323211e-04	1.110769612412697055e-04	-9.040043522715114676e-04	-2.484377154239581463e-04
4.817511844183182249e-04	9.819113053239455406e-05	-9.133465795166740078e-04	-2.535920477070365843e-04
5.150903667310046709e-04	1.181641681275074290e-04	-8.827427316182495437e-04	-2.484377154246738282e-04
5.484295490436907373e-04	1.075333577961312800e-04	-8.518167379406513251e-04	-2.593906715219853384e-04
5.817687313563794059e-04	1.149427104537111319e-04	-8.795212739379680913e-04	-2.455384035153121533e-04
6.151079136690657976e-04	1.155870019878593431e-04	-9.020714776571273422e-04	-2.474712781238097114e-04
6.484470959817520809e-04	1.200970427339219366e-04	-8.866084808200910914e-04	-2.648671495731463594e-04
6.817862782944378221e-04	1.271842496229630003e-04	-8.759776705004715565e-04	-2.455384035170682898e-04
7.151254606071238886e-04	1.084997951001218834e-04	-8.225014731018876401e-04	-2.680886072454507943e-04
7.484646429198103888e-04	1.181641681296583370e-04	-8.476288429683724156e-04	-2.539141934728400118e-04
7.818038252324961300e-04	1.291171242273589674e-04	-8.669575890093933566e-04	-2.506927357978056101e-04
8.151430075451824133e-04	1.181641681283557494e-04	-8.656690059399746494e-04	-2.403840712358118535e-04
8.484821898578681545e-04	1.191306054303897609e-04	-8.769441078056247228e-04	-2.626121292000802260e-04
8.818213721705542209e-04	9.561396439352674143e-05	-8.791991281700615828e-04	-2.655114411074895237e-04
9.151605544832444074e-04	1.188084596620446655e-04	-8.920849588785195738e-04	-2.622899834322568757e-04
9.484997367959307991e-04	1.097883781676323677e-04	-8.772662535663096860e-04	-2.429612373777424695e-04
9.818389191086165403e-04	1.120433985416111554e-04	-8.614811109636669531e-04	-2.564913596150298334e-04
1.015178101421302607e-03	1.255735207843057880e-04	-9.110915591566914841e-04	-2.545584850097230281e-04
1.048517283733989107e-03	1.155870019865555494e-04	-9.413732612943115060e-04	-2.400619254702024169e-04
1.081856466046675824e-03	1.236406461799098209e-04	-9.007828945904422339e-04	-2.503705900318045868e-04
1.115195648359362541e-03	1.110769612409440112e-04	-9.046486438051573814e-04	-2.577799426829385180e-04
1.148534830672048607e-03	1.242849377145775682e-04	-9.210780779438798452e-04	-2.500484442650883696e-04
1.181874012984734674e-03	1.091440866337459507e-04	-8.695347551422905356e-04	-2.410283627728250825e-04
1.215213195297422692e-03	1.014125882088660657e-04	-8.978835826762259897e-04	-2.494041527278802010e-04
1.248552377610108758e-03	1.191306054292178468e-04	-8.840313146611378237e-04	-2.606792545947720654e-04
1.281891559922794608e-03	1.039897543507971154e-04	-8.946621249799872498e-04	-2.677664614807522773e-04
1.315230742235480241e-03	1.062447747256227057e-04	-8.840313146558241488e-04	-2.812965837197325416e-04
1.348569924548166741e-03	1.197748969667543524e-04	-8.904742300122559179e-04	-2.777529802750515410e-04
1.381909106860852374e-03	1.081776493278657590e-04	-8.917628130890372252e-04	-2.986924551680936787e-04
1.415248289173538223e-03	1.023790255123341379e-04	-8.895077927252541391e-04	-3.115782858690865041e-04
1.448587471486224290e-03	1.120433985418710251e-04	-9.117358506704278682e-04	-3.537793814217593319e-04
1.481926653798910139e-03	7.725165563577070032e-05	-9.081922472377606951e-04	-3.905039989227496373e-04
1.515265836111600543e-03	8.143955061655631423e-05	-9.384739493746590720e-04	-4.633089423863540144e-04
1.548605018424287260e-03	6.565440800040621124e-05	-9.861515229527717964e-04	-5.841136052070479250e-04
1.581944200736973543e-03	4.278205849749319722e-05	-9.877622517954379004e-04	-7.007303730390347695e-04
1.615283383049659826e-03	1.797683438986218436e-05	-1.010634601281062321e-03	-8.701790467292064464e-04
1.648622565362346326e-03	-1.294915930588175168e-05	-1.012567475890138952e-03	-1.042527032308033326e-03
1.681961747675032610e-03	-5.225094295641699956e-05	-1.013211767422480354e-03	-1.267384777952770001e-03
1.715300929987719110e-03	-8.929770623252166416e-05	-1.102768290759085276e-03	-1.505450500023932173e-03
1.748640112300405176e-03	-1.331095306259980722e-04	-1.133049992895703061e-03	-1.754147032383455464e-03
1.781979294613091677e-03	-1.762770634868253818e-04	-1.170096756133595867e-03	-2.068883446980800990e-03
1.815318476925777960e-03	-2.094580775461264341e-04	-1.208754248230968584e-03	-2.361069657819611211e-03
1.848657659238465327e-03	-2.523034646353566651e-04	-1.288968544313331748e-03	-2.687081174145778545e-03
1.881996841551151394e-03	-3.028803501446450494e-04	-1.375947901506316623e-03	-3.020502043050957760e-03
1.915336023863837894e-03	-3.492693406738071231e-04	-1.403008145965783373e-03	-3.369063762932477876e-03
1.948675206176523960e-03	-4.130542026489197730e-04	-1.464215841751505785e-03	-3.738887103356831106e-03
1.982014388489209810e-03	-4.607317762420842593e-04	-1.567624633057890281e-03	-4.097435341854379839e-03
2.015353570801895877e-03	-5.167851397940167145e-04	-1.608859291274926731e-03	-4.469513702474847867e-03
2.048692753114581943e-03	-6.008651851128756719e-04	-1.655892573305464905e-03	-4.799068821811535573e-03
2.082031935427268009e-03	-6.237375346047259071e-04	-1.688429295793072516e-03	-5.150529853213654287e-03
2.115371117739955377e-03	-6.994417899693723337e-04	-1.737073306657877046e-03	-5.489749345405934254e-03
2.148710300052642744e-03	-7.287570548092820203e-04	-1.826307684193710038e-03	-5.859572685341678765e-03
2.182049482365330546e-03	-8.022062897956667082e-04	-1.908777000607342041e-03	-6.181074160239643546e-03
2.215388664678016612e-03	-8.634139856123514405e-04	-1.946790201140206596e-03	-6.518360777625744999e-03
2.248727846990702679e-03	-9.075479557535627486e-04	-2.007997896925991024e-03	-6.831808608231421803e-03
2.282067029303388745e-03	-9.594134243117254015e-04	-2.035380287141093716e-03	-7.153954374453360375e-03
2.315406211616074812e-03	-1.029319055845188393e-03	-2.123648227358982017e-03	-7.564690226294238339e-03
2.348745393928761745e-03	-1.186526190334847956e-03	-2.247352201956015483e-03	-8.458322581211284719e-03
2.382084576241447812e-03	-1.343089033281277909e-03	-2.413579417806934781e-03	-9.441833604362839458e-03
2.415423758554133878e-03	-1.522524225691113727e-03	-2.545337036569880317e-03	-1.028553336461449606e-02
2.448762940866820812e-03	-1.624000142390569397e-03	-2.657765909292230787e-03	-1.098265680117496874e-02
2.482102123179506879e-03	-1.854334365991085545e-03	-2.848154057637824078e-03	-1.223805884851285330e-02
2.515441305492192945e-03	-2.075326362314933431e-03	-3.059803826574453243e-03	-1.357367519049049003e-02
2.548780487804879012e-03	-2.298251233203534895e-03	-3.283050843097260873e-03	-1.493280817219899172e-02
2.582119670117565078e-03	-2.562732908019078621e-03	-3.503720693445964811e-03	-1.655448995052302003e-02
2.615458852430251144e-03	-2.956072889614382287e-03	-3.850671684378914605e-03	-1.915001837216950484e-02
2.648798034742938078e-03	-3.420929231371138031e-03	-4.279769845767013824e-03	-2.186377428500436981e-02
2.682137217055624145e-03	-3.845517352140577667e-03	-4.672787681184661923e-03	-2.447863144440737965e-02
2.715476399368310211e-03	-4.320038066662440328e-03	-5.119281713755549287e-03	-2.718433370528300017e-02
2.748815581680996711e-03	-4.720465254689668738e-03	-5.554822790150122473e-03	-2.960171550472193852e-02
2.782154763993682778e-03	-5.123791754532269933e-03	-5.982632368024133618e-03	-3.204325823333913081e-02
2.815493946306369278e-03	-5.568352912384104403e-03	-6.461663122625594877e-03	-3.483626198399052132e-02
2.848833128619055344e-03	-6.112457111930562868e-03	-6.970975579138480142e-03	-3.797460598558494854e-02
2.882172310931741411e-03	-6.721634756103894541e-03	-7.519589818957418507e-03	-4.159359145641137318e-02
2.915511493244428345e-03	-7.337255315370665339e-03	-8.099452197899724426e-03	-4.523416068607952895e-02
2.948850675557114411e-03	-7.903909717969228102e-03	-8.672871661311786981e-03	-4.848364495781264799e-02
2.982189857869800478e-03	-8.458644727030466617e-03	-9.257888372117703546e-03	-5.175116938691881607e-02
3.015529040182486544e-03	-9.007581112122544503e-03	-9.824542774060723849e-03	-5.503963328480768191e-02
3.048868222495171743e-03	-9.517215713620711878e-03	-1.035511685005720273e-02	-5.807327988340268976e-02
3.082207404807858677e-03	-1.004102472862754801e-02	-1.087119436644609465e-02	-6.104314161768410740e-02
3.115546587120545177e-03	-1.051908904476709337e-02	-1.135119155693591758e-02	-6.379974285718942317e-02
3.148885769433231244e-03	-1.097653603179126261e-02	-1.182764514388124494e-02	-6.679408766101670170e-02
3.182224951745917310e-03	-1.147231836475301296e-02	-1.231730670704464688e-02	-6.939928038789733300e-02
3.215564134058603377e-03	-1.194104045329860871e-02	-1.276347859178044407e-02	-7.216876744698448587e-02
3.248903316371289443e-03	-1.240782966711951804e-02	-1.322962351384689844e-02	-7.493986523155690693e-02
3.282242498683975510e-03	-1.286012232138409976e-02	-1.373217090721846022e-02	-7.762881584559964965e-02
3.315581680996661576e-03	-1.330951566363278854e-02	-1.420314801548258968e-02	-8.012157969186904649e-02
3.348920863309347642e-03	-1.376567406682941211e-02	-1.459068937054277051e-02	-8.260532345473230176e-02
3.382260045622033709e-03	-1.422215461566956642e-02	-1.506778724807920043e-02	-8.527655604342658513e-02
3.415599227934719775e-03	-1.461807176061503261e-02	-1.550010686422856158e-02	-8.749227453431922263e-02
3.448938410247408010e-03	-1.501721036310720708e-02	-1.588829251052608499e-02	-8.990579051542545164e-02
3.482277592560094077e-03	-1.540765102987356854e-02	-1.628936398731546317e-02	-9.236795050300593279e-02
3.515616774872780143e-03	-1.581419898477130770e-02	-1.671942858280978800e-02	-9.496670028715813172e-02
3.548955957185466210e-03	-1.622139123109384365e-02	-1.712758726622286634e-02	-9.704003034735642075e-02
3.582295139498152276e-03	-1.661183189757121925e-02	-1.752737015965881787e-02	-9.925574882806159627e-02
3.615634321810838343e-03	-1.699905110631745250e-02	-1.790234782915106626e-02	-1.014808095337623173e-01
3.648973504123524409e-03	-1.737821667087820210e-02	-1.825477529508595653e-02	-1.038720974451212559e-01
3.682312686436210476e-03	-1.773322130303028876e-02	-1.864006162887877488e-02	-1.060549570537951541e-01
3.715651868748896976e-03	-1.804634698578801155e-02	-1.898830119975093711e-02	-1.081092805063836870e-01
3.748991051061583042e-03	-1.840876097038072340e-02	-1.936166814011919604e-02	-1.101168928234851629e-01
3.782330233374269109e-03	-1.876602062267252596e-02	-1.973116933124279340e-02	-1.123239133586183963e-01
3.815669415686955175e-03	-1.911941452572562747e-02	-2.006426805097907828e-02	-1.144532967663557527e-01
3.849008597999641242e-03	-1.946572122190498577e-02	-2.036032000784698467e-02	-1.166773910231134193e-01
3.882347780312327308e-03	-1.979753135863373398e-02	-2.068214362573358306e-02	-1.188267474642159260e-01
3.915686962625015109e-03	-2.012966364107787384e-02	-2.104649048436708220e-02	-1.206471930939030934e-01
3.949026144937704645e-03	-2.046211806922189000e-02	-2.139118645134330601e-02	-1.226403088440805034e-01
3.982365327250390712e-03	-2.077137800230961090e-02	-2.168015120117656319e-02	-1.245957335404336980e-01
4.015704509563076778e-03	-2.106066489800585695e-02	-2.198393465606540351e-02	-1.264812526080097144e-01
4.049043691875768049e-03	-2.134350887837713207e-02	-2.227708730070949300e-02	-1.282756044276062435e-01
4.082382874188454115e-03	-2.164858091639096024e-02	-2.260696456233718746e-02	-1.300390302546002574e-01
4.115722056501140182e-03	-2.195494153740027918e-02	-2.291847951539794856e-02	-1.322798760793397199e-01
4.149061238813826248e-03	-2.224906061935293458e-02	-2.322999446840212992e-02	-1.339234636859757965e-01
4.182400421126509713e-03	-2.253802536904253237e-02	-2.349157682805450703e-02	-1.355148636806169926e-01
4.215739603439195779e-03	-2.281088283052203070e-02	-2.380792396741080938e-02	-1.369393921772553147e-01
4.249078785751881845e-03	-2.307761952246609183e-02	-2.408368074056225008e-02	-1.384183633046780770e-01
4.282417968064567912e-03	-2.337914795677860369e-02	-2.436910188656243176e-02	-1.400700045521462711e-01
4.315757150377253978e-03	-2.364330748252883516e-02	-2.465581161556261100e-02	-1.415145060836385804e-01
4.349096332689940045e-03	-2.387396384887596756e-02	-2.488034721229150092e-02	-1.429896114601955925e-01
4.382435515002626111e-03	-2.413651264572836200e-02	-2.513129876154106615e-02	-1.445652263094640289e-01
4.415774697315314780e-03	-2.438553132050741076e-02	-2.538611605991102430e-02	-1.459939426974786736e-01
4.449113879628000846e-03	-2.463390570372525276e-02	-2.565607420908815745e-02	-1.476310873831538362e-01
4.482453061940686913e-03	-2.489258875131775822e-02	-2.591604583958558028e-02	-1.491645011377663310e-01
4.515792244253372979e-03	-2.511905722259168486e-02	-2.613864856156977376e-02	-1.502807361498617045e-01
4.549131426566056444e-03	-2.532426407348793013e-02	-2.633354674796174744e-02	-1.515947686500639380e-01
4.582470608878747714e-03	-2.552947092436974597e-02	-2.656162594786013950e-02	-1.526404537430413599e-01
4.615809791191433781e-03	-2.572920129725724328e-02	-2.676844352740198260e-02	-1.539577076999832927e-01
4.649148973504117245e-03	-2.593408600232265798e-02	-2.699362341537429877e-02	-1.553158741664030229e-01
4.682488155816803312e-03	-2.611964196160933629e-02	-2.718884374742819993e-02	-1.566015578394454877e-01
4.715827338129489378e-03	-2.629907715137895508e-02	-2.735990314726590225e-02	-1.579722879889859377e-01
4.749166520442175445e-03	-2.648721027672722161e-02	-2.758379445212561648e-02	-1.590240938497657353e-01
4.782505702754861511e-03	-2.666471259189684070e-02	-2.773842441805542125e-02	-1.599770009660780867e-01
4.815844885067547577e-03	-2.685155713415935189e-02	-2.790594021446717726e-02	-1.610291289721246522e-01
4.849184067380233644e-03	-2.702938159504639226e-02	-2.809246261083516924e-02	-1.620529081523196246e-01
4.882523249692919710e-03	-2.718401156102161209e-02	-2.826738775973304182e-02	-1.628054406142811772e-01
4.915862432005605777e-03	-2.733316504902762872e-02	-2.841976270526494833e-02	-1.635795568411586576e-01
4.949201614318291843e-03	-2.750454659462904516e-02	-2.857503696264919804e-02	-1.645440612035614092e-01
4.982540796630977910e-03	-2.764661287582994426e-02	-2.874255275899251227e-02	-1.652337752448388430e-01
5.015879978943663976e-03	-2.779415563497995845e-02	-2.887463252147505141e-02	-1.663738490381092561e-01
5.049219161256350043e-03	-2.791045025517492617e-02	-2.902475244661170684e-02	-1.673966617798207657e-01
5.082558343569036977e-03	-2.801901337706983255e-02	-2.916166439550738412e-02	-1.678914776446431278e-01
5.115897525881722176e-03	-2.811630139727472680e-02	-2.924445585635520109e-02	-1.683363609189757748e-01
5.149236708194409110e-03	-2.821809945814685375e-02	-2.933433452397269867e-02	-1.686846004695578549e-01
5.182575890507094309e-03	-2.833020618341348593e-02	-2.944064262546220237e-02	-1.690724639468061119e-01
5.215915072819802059e-03	-2.841235335277992116e-02	-2.951699117105449979e-02	-1.694567838210190303e-01
5.249254255132470778e-03	-2.849353408485624795e-02	-2.961556777422422182e-02	-1.697869832099291876e-01
5.282593437445174192e-03	-2.855538607120138711e-02	-2.962652073012896417e-02	-1.703140136492543033e-01
5.315932619757862861e-03	-2.858953352199433348e-02	-2.969900352657028550e-02	-1.707273266404185363e-01
5.349271802070550662e-03	-2.865331838290238048e-02	-2.974410393327136387e-02	-1.712160217358927317e-01
5.382610984383234126e-03	-2.869294231165567949e-02	-2.981948604156422697e-02	-1.715191608821081126e-01
5.415950166695924529e-03	-2.872644547092632894e-02	-2.982786183136975147e-02	-1.717169583696186441e-01
5.449289349008606259e-03	-2.877637806405664023e-02	-2.988101588209921000e-02	-1.719266752497001505e-01
5.482628531321296662e-03	-2.879119676911959941e-02	-2.992869345487089716e-02	-1.721218955712973953e-01
5.515967713633976657e-03	-2.878088810472406028e-02	-2.992869345487754462e-02	-1.721467007936705318e-01
5.549306895946668795e-03	-2.877347875219595646e-02	-2.991000900067706733e-02	-1.721093318872067846e-01
5.582646078259348790e-03	-2.879796183011911967e-02	-2.995188794973375687e-02	-1.719975473136038935e-01
5.615985260572042663e-03	-2.876317008781167570e-02	-2.993320349554192544e-02	-1.714888791819225711e-01
5.649324442884723525e-03	-2.875028425732317761e-02	-2.990710968883024054e-02	-1.712237532335790791e-01
5.682663625197414796e-03	-2.872354615906070816e-02	-2.989357956683294515e-02	-1.710617139237681217e-01
5.716002807510094791e-03	-2.868617725064709009e-02	-2.987715013295893715e-02	-1.709560501193803372e-01
5.749341989822786929e-03	-2.862690243040391658e-02	-2.980627806534061341e-02	-1.706448573295186177e-01
5.782681172135466924e-03	-2.857954700336751488e-02	-2.973411741465413829e-02	-1.704096909354889111e-01
5.816020354448159062e-03	-2.851028566449203064e-02	-2.970673502489212109e-02	-1.700343911423706778e-01
5.849359536760837322e-03	-2.845680946797090813e-02	-2.966227890973507225e-02	-1.696065815926189879e-01
5.882698719073532062e-03	-2.841589695616491412e-02	-2.959527259124612730e-02	-1.692631742280957807e-01
5.916037901386209455e-03	-2.833793768171515362e-02	-2.954308497779914444e-02	-1.686504530206973107e-01
5.949377083698906797e-03	-2.825450192929570073e-02	-2.946609214067376359e-02	-1.682613009604135290e-01
5.982716266011584190e-03	-2.820907937681838007e-02	-2.938781072048595941e-02	-1.679278801139685584e-01
6.016055448324278930e-03	-2.810373771255791908e-02	-2.930211994778958787e-02	-1.674011718202431664e-01
6.049394630636955456e-03	-2.803576495671013247e-02	-2.927763686986183111e-02	-1.670870797184242640e-01
6.082733812949651063e-03	-2.791399385856072057e-02	-2.912590621592306417e-02	-1.664846671744268647e-01
6.116072995262327588e-03	-2.777257186890187690e-02	-2.904730264996107161e-02	-1.656483768192199557e-01
6.149412177575023196e-03	-2.767399526562488998e-02	-2.893970596542276563e-02	-1.650453199835089646e-01
6.182751359887697987e-03	-2.756317712337554363e-02	-2.880569332837176755e-02	-1.642747473601292862e-01
6.216090542200395329e-03	-2.741370148963757566e-02	-2.868939870821741664e-02	-1.634487656683412671e-01
6.249429724513070120e-03	-2.725069573384879609e-02	-2.852768153560865036e-02	-1.625428918315303395e-01
6.282768906825767462e-03	-2.707351556450560831e-02	-2.835533355284340640e-02	-1.616492595327769233e-01
6.316108089138442253e-03	-2.693306001206796640e-02	-2.821326727170208812e-02	-1.606457755346143990e-01
6.349447271451139595e-03	-2.678616154436300537e-02	-2.803608710244752042e-02	-1.594109908905224082e-01
6.382786453763814385e-03	-2.658224327668121806e-02	-2.785890693318585423e-02	-1.585357208986792610e-01
6.416125636076511728e-03	-2.641182816828353819e-02	-2.769300186557158844e-02	-1.574513783175012505e-01
6.449464818389189988e-03	-2.622176216835283083e-02	-2.749294934714398286e-02	-1.564221226586420543e-01
6.482804000701888197e-03	-2.602718612771707032e-02	-2.730546051342610039e-02	-1.552678744501532482e-01
6.516143183014561253e-03	-2.583679798198738192e-02	-2.709413289326313354e-02	-1.540443649057457176e-01
6.549482365327260330e-03	-2.559325578538351742e-02	-2.687153017139331732e-02	-1.527863857661859448e-01
6.582821547639933386e-03	-2.538547176840852057e-02	-2.665923611389302630e-02	-1.515651312413089924e-01
6.616160729952632463e-03	-2.517543273107331406e-02	-2.640119735809113438e-02	-1.501238511710982493e-01
6.649499912265305519e-03	-2.495444073777722607e-02	-2.624302378865268556e-02	-1.486993226792280298e-01
6.682839094578004596e-03	-2.474633457496510161e-02	-2.601301171413622840e-02	-1.472380695715735377e-01
6.716178276890677652e-03	-2.449280585956541481e-02	-2.578718753449937492e-02	-1.456824277598071371e-01
6.749517459203376729e-03	-2.427116957466106395e-02	-2.553140379890807277e-02	-1.443787039217512280e-01
6.782856641516048918e-03	-2.404566754056664674e-02	-2.530976751413222675e-02	-1.430856108927707482e-01
6.816195823828748862e-03	-2.377474295386057188e-02	-2.508684264626380098e-02	-1.415470428039659889e-01
6.849535006141421051e-03	-2.349093253657881172e-02	-2.482010595461852862e-02	-1.399923674271481011e-01
6.882874188454121862e-03	-2.324771248542225471e-02	-2.452856403920425712e-02	-1.386451539111732412e-01
6.916213370766793184e-03	-2.298677441724664150e-02	-2.424024358136993990e-02	-1.372457527834334556e-01
6.949552553079493995e-03	-2.272035987105940763e-02	-2.400636575742647744e-02	-1.354878034377934859e-01
6.982891735392165317e-03	-2.246457613501469386e-02	-2.373157542154757590e-02	-1.337453170871227837e-01
7.016230917704866128e-03	-2.219945017179398780e-02	-2.347579168564005100e-02	-1.320437432457829408e-01
7.049570100017535715e-03	-2.192369339835304951e-02	-2.320679997342286680e-02	-1.305235374598600340e-01
7.082909282330238261e-03	-2.166307747574477624e-02	-2.292749959675470864e-02	-1.287272527668108513e-01
7.116248464642907848e-03	-2.135542827163094612e-02	-2.262790403695081123e-02	-1.270968731335445356e-01
7.149587646955610394e-03	-2.106614137598999265e-02	-2.233120778896621403e-02	-1.254268695723352034e-01
7.182926829268279981e-03	-2.079843824645787390e-02	-2.205287384943764584e-02	-1.235816187226414231e-01
7.216266011580984262e-03	-2.052203718126374699e-02	-2.173040594027707273e-02	-1.218955078720517504e-01
7.249605193893653848e-03	-2.022952882783415202e-02	-2.141438094632037298e-02	-1.201697730933483643e-01
7.282944376206356395e-03	-1.991898031158754329e-02	-2.114699996260713255e-02	-1.182339992849693600e-01
7.316283558519025981e-03	-1.962292835465721114e-02	-2.086383383642206532e-02	-1.162331520340072477e-01
7.349622740831728528e-03	-1.931495700442019750e-02	-2.055908394404496256e-02	-1.146961946618133554e-01
7.382961923144396379e-03	-1.906046185093856690e-02	-2.027720640082419576e-02	-1.131080161143738216e-01
7.416301105457100661e-03	-1.874830260566144949e-02	-1.995667136591449536e-02	-1.113468452982456502e-01
7.449640287769768512e-03	-1.842164680094878285e-02	-1.970894127356090375e-02	-1.095930838333126212e-01
7.482979470082472793e-03	-1.812430626070835743e-02	-1.939388271653711554e-02	-1.079891201414928809e-01
7.516318652395140645e-03	-1.784178442556320215e-02	-1.908687780354188790e-02	-1.062672511039333550e-01
7.549657834707844926e-03	-1.753671238688675124e-02	-1.880242309397414310e-02	-1.047177300419635249e-01
7.582997017020511911e-03	-1.722165382945079273e-02	-1.845740498071010011e-02	-1.028183586933382188e-01
7.616336199333217059e-03	-1.691722608218688279e-02	-1.816006444048452739e-02	-1.008284643871617814e-01
7.649675381645884044e-03	-1.662052983321817001e-02	-1.787013325276602671e-02	-9.893553595100197662e-02
7.683014563958589192e-03	-1.632512216725029788e-02	-1.757730275314585422e-02	-9.710864739266168721e-02
7.716353746271256177e-03	-1.602810377240874301e-02	-1.728962658568413205e-02	-9.557394503017736798e-02
7.749692928583962193e-03	-1.573011894022818824e-02	-1.695362855352878020e-02	-9.382533788735933356e-02
7.783032110896668208e-03	-1.542472475540846572e-02	-1.664243574516546115e-02	-9.216725369976699889e-02
7.816371293209334326e-03	-1.510998834335248314e-02	-1.633188722825704153e-02	-9.040060639226553396e-02
7.849710475522003045e-03	-1.478365468371030042e-02	-1.603680170800555332e-02	-8.855922126895517110e-02
7.883049657834708193e-03	-1.449952211919120458e-02	-1.569951509253454322e-02	-8.692433157199964955e-02
7.916388840147409872e-03	-1.421603384615178697e-02	-1.542311402651868474e-02	-8.519312029364511929e-02
7.949728022460080326e-03	-1.393093484424199127e-02	-1.515315587576962150e-02	-8.357143857047749647e-02
7.983067204772782005e-03	-1.364937944570427872e-02	-1.484711739930263605e-02	-8.188758271558109481e-02
8.016406387085452459e-03	-1.337136765052993580e-02	-1.459584370281274447e-02	-8.024463937034063965e-02
8.049745569398154138e-03	-1.310140949943969409e-02	-1.434489215203920212e-02	-7.867643383901158638e-02
8.083084751710824592e-03	-1.283660568054627825e-02	-1.405786027557411402e-02	-7.707601373123895705e-02
8.116423934023526271e-03	-1.254635234615866270e-02	-1.378790212457470937e-02	-7.554678783409393694e-02
8.149763116336196725e-03	-1.229024646284736580e-02	-1.351891041084099347e-02	-7.405944088412962090e-02
8.183102298648898404e-03	-1.202995268453036469e-02	-1.327118031756693677e-02	-7.251765130046235186e-02
8.216441480961568858e-03	-1.176514886546762249e-02	-1.300476576987380332e-02	-7.090563394106073891e-02
8.249780663274270537e-03	-1.148906994457252889e-02	-1.271870033047068672e-02	-6.925656981870606521e-02
8.283119845586940991e-03	-1.124005126793106192e-02	-1.244938647081319724e-02	-6.784589355450257320e-02
8.316459027899642670e-03	-1.102002571014891984e-02	-1.220358925196570257e-02	-6.647097546813740543e-02
8.349798210212313124e-03	-1.078260428099058442e-02	-1.197035571793312117e-02	-6.507125215791491335e-02
8.383137392525014803e-03	-1.057997459447868570e-02	-1.175612878401472924e-02	-6.391764820454493012e-02
8.416476574837685257e-03	-1.037895563676476812e-02	-1.157669359271628999e-02	-6.269929295345959275e-02
8.449815757150386936e-03	-1.016923874336126375e-02	-1.136117807569406689e-02	-6.152217235855089728e-02
8.483154939463059124e-03	-9.977562012809471081e-03	-1.113116599918571523e-02	-6.036438050839108144e-02
8.516494121775762538e-03	-9.782019533050578808e-03	-1.092016052280588879e-02	-5.915246817052036143e-02
8.549833304088432992e-03	-9.568436890386321572e-03	-1.069852423615732726e-02	-5.789287825983808339e-02
8.583172486401134671e-03	-9.364196474892035396e-03	-1.054035066528561868e-02	-5.663425478561083526e-02
8.616511668713805125e-03	-9.136117272710370801e-03	-1.039699579961566624e-02	-5.543812758755342629e-02
8.649850851026506804e-03	-8.952172040414122997e-03	-1.016827230603726921e-02	-5.409252475725380427e-02
8.683190033339177258e-03	-8.772414703059006058e-03	-9.948568893865276583e-03	-5.303169877612056576e-02
8.716529215651878937e-03	-8.598133843707856175e-03	-9.786529573736917759e-03	-5.191997376455772389e-02
8.749868397964549391e-03	-8.423208692792099467e-03	-9.593242114294554812e-03	-5.092228835096564848e-02
8.783207580277251070e-03	-8.275988077745440041e-03	-9.484034699708486157e-03	-5.008889727388869673e-02
8.816546762589921524e-03	-8.128445316928170974e-03	-9.286559345302614413e-03	-4.926613700649884464e-02
8.849885944902623203e-03	-7.990244783306885146e-03	-9.162855371235848617e-03	-4.840149779014895487e-02
8.883225127215293657e-03	-7.859775748057311676e-03	-9.041084271756838833e-03	-4.758453614576641649e-02
8.916564309527995336e-03	-7.743158980735931687e-03	-8.939286209754395557e-03	-4.689385563840015037e-02
8.949903491840665790e-03	-7.619455006554047040e-03	-8.791743448993707966e-03	-4.612167225396356790e-02
8.983242674153367469e-03	-7.495751032361171184e-03	-8.663529434168202800e-03	-4.544999834595853799e-02
9.016581856466037923e-03	-7.377845681952594284e-03	-8.485060679845330203e-03	-4.484694148445338840e-02
9.049921038778739601e-03	-7.242866605921799428e-03	-8.403879946826403255e-03	-4.389661149398716572e-02
9.083260221091410055e-03	-6.754171478525964299e-03	-8.142297584839886318e-03	-4.078597203663721082e-02
9.116599403404122143e-03	-5.401481405270878132e-03	-7.245765917738452438e-03	-3.226167305744060548e-02
9.149938585716785658e-03	-3.117145773032202038e-03	-5.354125977522708989e-03	-1.888875815506733252e-02
9.183277768029494276e-03	-1.714845248749623328e-03	-3.582646406318194029e-03	-1.109637425581403575e-02
9.216616950342157791e-03	-9.848629399378410788e-04	-2.507968127576268736e-03	-7.179726035691864384e-03
9.249956132654866409e-03	-7.622602146270479693e-04	-2.052454012801489466e-03	-5.717828548057818198e-03
9.283295314967529924e-03	-5.570533607342913500e-04	-1.794415253229267142e-03	-4.599660592208970437e-03
9.316634497280238542e-03	-4.011348092502217775e-04	-1.596939897863497437e-03	-3.672202929595205344e-03
9.349973679592902057e-03	-3.109339943314919259e-04	-1.447142116062198700e-03	-2.972502323757455003e-03
9.383312861905610675e-03	-2.149345555936429909e-04	-1.339867575545628745e-03	-2.429364560452326304e-03
9.416652044218274190e-03	-1.749884804151448391e-04	-1.277049150919638051e-03	-1.988669150941105735e-03
9.449991226530982807e-03	-9.992851656272481477e-05	-1.197479146369935478e-03	-1.673610590561589069e-03
9.483330408843646323e-03	-7.963333320142070688e-05	-1.158499508521314367e-03	-1.384967983042159796e-03
9.516669591156354940e-03	-4.806304797550508965e-05	-1.109855497631134303e-03	-1.206177082151522247e-03
9.550008773469018455e-03	-2.390211540540763811e-05	-1.062500069822450849e-03	-1.040272011938470683e-03
9.583347955781727073e-03	-1.029765902952721112e-06	-1.054124279875951874e-03	-9.191452033859289850e-04
9.616687138094390588e-03	2.764120741561966479e-05	-1.014822496249799142e-03	-8.096156424480383104e-04
9.650026320407099206e-03	3.472841430642010065e-05	-9.871179602453533132e-04	-7.248913056021094505e-04
9.683365502719762721e-03	4.471493310319310039e-05	-9.867958144751717148e-04	-6.578849859645667913e-04
9.716704685032471339e-03	4.149347542574675544e-05	-9.890508348562720032e-04	-6.253482634464361785e-04
9.750043867345134854e-03	5.373501459923517087e-05	-9.758428584036829730e-04	-5.792814186930295324e-04
9.783383049657843472e-03	5.760076380861314343e-05	-9.703663803534985470e-04	-5.528654657578660177e-04
9.816722231970506987e-03	6.114436725140613466e-05	-9.368632205374018357e-04	-5.283823874269714558e-04
9.850061414283215605e-03	9.271465248338300446e-05	-8.978835826847724301e-04	-5.022885802571603947e-04
9.883400596595879120e-03	8.401671675809531642e-05	-9.162458914284275953e-04	-4.797383765309248273e-04
9.916739778908587738e-03	6.919801144560907896e-05	-9.355746374761156206e-04	-4.716847323410215849e-04
9.950078961221251253e-03	8.369457098883875928e-05	-9.284874305909241116e-04	-4.455909251710159094e-04
9.983418143533959871e-03	9.013748634106074752e-05	-9.751985668768500771e-04	-4.446244878696953978e-04
1.001675732584662339e-02	7.854023870647520349e-05	-9.713328176662426464e-04	-4.591210474089563154e-04
1.005009650815933200e-02	8.369457098714501865e-05	-9.594134242642438515e-04	-4.217521383746616198e-04
1.008343569047199552e-02	7.757380140059591989e-05	-9.526483631487349911e-04	-4.178863891640438350e-04
1.011677487278470414e-02	8.498315405869845212e-05	-9.342860544037211038e-04	-4.275507621872716413e-04
1.015011405509736939e-02	8.337242521938663918e-05	-9.123801422165028589e-04	-3.950140396666703487e-04
1.018345323741007627e-02	9.078177787879315491e-05	-9.474940308659323199e-04	-3.895375616172674698e-04
1.021679241972273978e-02	9.207036094936721501e-05	-9.307424509527635484e-04	-3.975912058059322823e-04
1.025013160203545014e-02	8.176169638326983452e-05	-9.587691327154312503e-04	-3.856718124095106235e-04
1.028347078434811365e-02	8.015096754572064970e-05	-9.465275935601934676e-04	-3.872825412461507319e-04
1.031680996666082747e-02	8.691602866459185149e-05	-9.378296578399042361e-04	-3.834167920364450321e-04
1.035014914897348579e-02	7.435234372529888377e-05	-9.223666610076258982e-04	-3.660209205877583633e-04
1.038348833128620134e-02	9.368108978724260915e-05	-9.371853663170577348e-04	-3.570008390966643340e-04
1.041682751359887006e-02	9.658040169275991993e-05	-9.130244337608044202e-04	-3.560344017944992289e-04
1.045016669591158041e-02	9.561396439144038409e-05	-9.336417628794484429e-04	-3.650544832848757874e-04
1.048350587822423699e-02	9.690254746338566177e-05	-9.046486438091120089e-04	-3.495914864419534030e-04
1.051684506053694734e-02	9.529181862427129560e-05	-9.117358506913740036e-04	-3.354170726675236545e-04
1.055018424284961606e-02	1.007682966736084989e-04	-8.734005043626363787e-04	-3.363835099721621501e-04
1.058352342516232468e-02	1.039897543477986730e-04	-8.788769824148986781e-04	-3.347727811320735740e-04
1.061686260747498126e-02	9.915756783664657218e-05	-8.943399792568396426e-04	-3.231755335024990498e-04
1.065020178978768987e-02	9.335894401759666080e-05	-8.798434197190143713e-04	-3.218869504317955089e-04
1.068354097210036033e-02	1.123655443096928033e-04	-8.917628131147361777e-04	-3.164104723846032641e-04
1.071688015441306895e-02	9.561396439124703018e-05	-8.978835826784977185e-04	-3.202762215928137406e-04
1.075021933672572552e-02	1.123655443098229076e-04	-8.969171453736082301e-04	-3.147997435458812165e-04
1.078355851903843414e-02	1.004461509088514621e-04	-9.168901829661460978e-04	-3.112561401015248260e-04
1.081689770135110633e-02	1.004461509069595699e-04	-9.201116406313348053e-04	-3.073903908929907693e-04
1.085023688366381321e-02	1.152648562183400161e-04	-9.181787660266791176e-04	-2.957931432606854109e-04
1.088357606597646979e-02	1.236406461789974376e-04	-9.127022879778139489e-04	-3.006253297730119060e-04
1.091691524828917667e-02	9.754683899674984572e-05	-9.223666610045333199e-04	-2.864509159995560963e-04
1.095025443060185580e-02	9.561396438974757858e-05	-8.972392911391692842e-04	-3.038467874494147334e-04
1.098359361291455748e-02	9.658040169536745326e-05	-8.878970638822065043e-04	-2.993367467030227458e-04
1.101693279522721926e-02	1.104326697034082509e-04	-8.624475482519905912e-04	-2.996588924700657416e-04
1.105027197753992094e-02	9.819113053278670999e-05	-9.152794541278188624e-04	-2.974038720971946561e-04
1.108361115985260180e-02	1.059226289568860235e-04	-8.956285623067201593e-04	-3.006253297724922478e-04
1.111695034216530174e-02	1.220299173394265817e-04	-8.862863350508700961e-04	-2.829073125566325874e-04
1.115028952447795832e-02	1.033454628171054211e-04	-8.904742300276273026e-04	-2.829073125558516908e-04
1.118362870679066173e-02	1.123655443096272362e-04	-8.534274667601067206e-04	-3.032024959114931056e-04
1.121696788910334260e-02	1.191306054316944085e-04	-8.782326908530498468e-04	-2.825851667898515891e-04
1.125030707141604601e-02	1.010904424427365238e-04	-8.550381955916623545e-04	-2.777529802757016286e-04
1.128364625372870259e-02	1.142984189153260213e-04	-8.830648773745128051e-04	-2.819408752540752180e-04
1.131698543604140600e-02	1.004461509085902100e-04	-8.962728538416473833e-04	-2.780751260429383171e-04
1.135032461835408686e-02	1.152648562182737713e-04	-8.824205858297263887e-04	-2.639007122700041713e-04
1.138366380066679028e-02	1.027011712790489186e-04	-9.117358506632203090e-04	-3.012696213085912776e-04
1.141700298297944685e-02	1.291171242291172994e-04	-9.127022879701794308e-04	-2.668000241766984378e-04
1.145034216529214853e-02	1.262178123179291233e-04	-9.001386030444865054e-04	-2.590685257567004848e-04
1.148368134760483286e-02	1.065669204905110936e-04	-8.521388836889458090e-04	-2.719543564579553620e-04
1.151702052991753454e-02	1.068890662615277581e-04	-8.808098569822676773e-04	-2.709879191563741539e-04
1.155035971223019112e-02	1.072112120263531539e-04	-9.043264980179474121e-04	-2.767865429721687483e-04
1.158369889454289800e-02	9.658040169471561736e-05	-8.975614369118498602e-04	-2.709879191563072586e-04
1.161703807685558060e-02	1.097883781692626147e-04	-8.978835826779799035e-04	-2.800080006484413088e-04
1.165037725916828228e-02	1.271842496230954627e-04	-8.872527723504179372e-04	-2.725986479935342457e-04
1.168371644148094059e-02	1.020568797461394897e-04	-8.811320027695759838e-04	-2.851623329289177701e-04
1.171705562379363880e-02	9.915756783619202042e-05	-8.888635011860242588e-04	-2.616456918977849082e-04
1.175039480610632833e-02	1.014125882095808938e-04	-8.856420435212471144e-04	-2.709879191532510011e-04
1.178373398841902654e-02	1.091440866363540532e-04	-8.737226501353230262e-04	-2.696993360864498833e-04
1.181707317073168312e-02	1.184863138958513725e-04	-8.801655654751509980e-04	-2.642228580374365041e-04
1.185041235304438306e-02	1.117212527725492668e-04	-8.315215545879789437e-04	-2.713100649239352899e-04
1.188375153535707260e-02	1.033454628161279722e-04	-8.128371000761322332e-04	-2.870952075363729220e-04
1.191709071766977081e-02	1.155870019852499260e-04	-8.801655654694966668e-04	-2.745315225994926565e-04
1.195042989998242912e-02	1.094662324012434169e-04	-8.862863350510410748e-04	-2.516591731028994705e-04
1.198376908229512559e-02	1.220299173399473240e-04	-8.701790466843589656e-04	-2.577799426853451758e-04
1.201710826460781860e-02	1.043119001190109411e-04	-8.582596532955897141e-04	-2.603571088268190987e-04
1.205044744692051507e-02	1.162312935238955975e-04	-8.746890874256911443e-04	-2.664778784081604356e-04
1.208378662923317338e-02	1.027011712806115250e-04	-8.769441077937014262e-04	-2.603571088249312317e-04
1.211712581154586986e-02	9.013748634419045972e-05	-8.318437003460973835e-04	-2.658335868762237123e-04
1.215046499385856286e-02	1.194527511996466975e-04	-8.595482363544340891e-04	-2.629342749677081488e-04
1.218380417617125934e-02	1.078555035622593176e-04	-8.766219620208847828e-04	-2.600349630591275332e-04
1.221714335848391765e-02	1.217077715712778217e-04	-8.331322834240088631e-04	-2.448941119825954007e-04
1.225048254079661413e-02	1.155870019870747873e-04	-8.505281548597090667e-04	-2.616456918962225728e-04
1.228382172310930887e-02	1.133319816129673048e-04	-8.489174260169480950e-04	-2.584242342212514343e-04
1.231716090542200708e-02	1.142984189166309128e-04	-8.002734151371117526e-04	-2.558470680785406536e-04
1.235050008773466192e-02	1.107548154739043629e-04	-8.431188022178319995e-04	-2.800080006490280249e-04
1.238383927004735839e-02	1.043119001207695170e-04	-8.437630937445136491e-04	-2.703436276217713774e-04
1.241717845236005660e-02	1.043119001190096672e-04	-8.666354432381784051e-04	-2.548806307757236177e-04
1.245051763467275134e-02	1.075333577963261112e-04	-8.766219620289902783e-04	-2.696993360865154233e-04
1.248385681698540618e-02	1.258956665521937296e-04	-8.911185215669580138e-04	-2.558470680798414251e-04
1.251719599929810092e-02	1.342714565109617798e-04	-8.692126093739643324e-04	-2.613235461304817581e-04
1.255053518161080087e-02	1.252513750153094122e-04	-8.479509887316679208e-04	-2.581020884536886720e-04
1.258387436392349561e-02	1.249292292491145607e-04	-8.940178334788959156e-04	-2.490820069604484646e-04
1.261721354623615045e-02	1.268621038547486054e-04	-9.059372268783697120e-04	-2.513370273331239600e-04
1.265055272854884519e-02	1.287949784612293306e-04	-8.891856469748692050e-04	-2.767865429715173054e-04
1.268389191086154513e-02	1.229963546426347028e-04	-8.692126093901045248e-04	-2.700214818536861381e-04
1.271723109317423987e-02	1.171977308263225646e-04	-9.040043522733258799e-04	-2.519813188680536235e-04
1.275057027548689298e-02	1.184863138959148932e-04	-9.259102644639774678e-04	-2.597128172903282925e-04
1.278390945779958945e-02	1.120433985429795812e-04	-8.940178334835034496e-04	-2.610014003618133806e-04
1.281724864011228940e-02	1.081776493277355057e-04	-8.827427316181121753e-04	-2.593906715222456011e-04
1.285058782242498587e-02	1.030233170488273564e-04	-8.994943115162181259e-04	-2.709879191566346335e-04
1.288392700473764245e-02	1.081776493313847540e-04	-8.933735419396851172e-04	-2.581020884538840453e-04
1.291726618705038403e-02	1.188084596656308268e-04	-8.605146736515881202e-04	-2.639007122692230579e-04
1.295060536936307877e-02	1.165534392892410444e-04	-8.640582770985443190e-04	-2.564913596154225857e-04
1.298394455167573187e-02	1.088219408663807164e-04	-8.518167379359100006e-04	-2.648671495715844578e-04
1.301728373398842488e-02	1.136541273815719311e-04	-8.801655654759280457e-04	-2.590685257577401263e-04
1.305062291630112829e-02	1.165534392886555752e-04	-8.936956877027015488e-04	-2.822630210199464623e-04
1.308396209861382303e-02	1.010904424431944773e-04	-8.830648773823741382e-04	-2.593906715240025507e-04
1.311730128092647614e-02	1.168755850585635210e-04	-8.595482363596674245e-04	-2.513370273330581489e-04
1.315064046323916915e-02	1.094662324025471293e-04	-8.804877112449788212e-04	-2.606792545927550699e-04
1.318397964555187603e-02	1.107548154742287968e-04	-8.859641892912562162e-04	-2.410283627700252659e-04
1.321731882786456730e-02	1.039897543513822729e-04	-8.737226501269529854e-04	-2.584242342191032504e-04
1.325065801017722041e-02	1.159091477582239142e-04	-8.569710702246912878e-04	-2.535920477080124747e-04
1.328399719248991341e-02	1.284728326931469373e-04	-8.982057284568839084e-04	-2.490820069622718758e-04
1.331733637480262029e-02	1.217077715718657845e-04	-9.069036641800286031e-04	-2.574577969181727263e-04
1.335067555711531156e-02	1.020568797458136869e-04	-9.323531797864301239e-04	-2.574577969172633517e-04
1.338401473942796467e-02	9.432538132197439216e-05	-9.526483631286497122e-04	-2.329747185827917629e-04
1.341735392174065594e-02	1.036676085821906053e-04	-9.613462988484097445e-04	-2.706657733894631056e-04
1.345069310405336456e-02	1.081776493315155495e-04	-9.594134242503690995e-04	-2.680886072494852190e-04
1.348403228636605583e-02	1.242849377124921866e-04	-9.458833020038140025e-04	-2.687328987827239065e-04
1.351737146867870894e-02	1.265399580879036933e-04	-9.197894948350601469e-04	-2.668000241778690509e-04
1.355071065099140194e-02	1.152648562202300379e-04	-9.201116406040406662e-04	-2.503705900314127019e-04
1.358404983330411056e-02	1.142984189175439872e-04	-9.168901829347062948e-04	-2.668000241789112402e-04
1.361738901561680357e-02	1.275063953903295762e-04	-9.313867424738310908e-04	-2.661557326441117894e-04
1.365072819792945320e-02	1.010904424450176310e-04	-9.439504273994238359e-04	-2.680886072491600667e-04
1.368406738024214621e-02	1.075333577948276218e-04	-8.759776704792798492e-04	-2.571356511489841486e-04
1.371740656255485483e-02	1.020568797473784617e-04	-9.307424509425277041e-04	-2.716322106903915697e-04
1.375074574486754783e-02	1.320164361389386488e-04	-9.162458914161715571e-04	-2.436055289121503878e-04
1.378408492718019747e-02	1.181641681278336790e-04	-9.130244337419639138e-04	-2.436055289133871643e-04
1.381742410949288874e-02	1.278285411578260666e-04	-8.888635011845983161e-04	-2.390954881673865195e-04
1.385076329180559909e-02	1.004461509081336118e-04	-8.917628130949250935e-04	-2.622899834329732081e-04
1.388410247411829210e-02	1.094662324030049608e-04	-8.920849588663932062e-04	-2.664778784106981734e-04
1.391744165643094173e-02	1.165534392878710330e-04	-9.146351625821997787e-04	-2.642228580369819523e-04
1.395078083874363301e-02	1.046340458865734053e-04	-9.181787660326958976e-04	-2.651892953396677455e-04
1.398412002105634509e-02	1.123655443079332245e-04	-8.833870231504424098e-04	-2.632564207338381921e-04
1.401745920336903636e-02	1.271842496210730462e-04	-8.885413554354683460e-04	-2.661557326426784199e-04
1.405079838568168600e-02	1.223520631077070723e-04	-8.891856469679230469e-04	-2.661557326423545687e-04
1.408413756799437727e-02	1.072112120286350064e-04	-9.023936234283108518e-04	-2.465048408208620834e-04
1.411747675030708936e-02	1.136541273807258875e-04	-9.114137049113710514e-04	-2.535920477087273976e-04
1.415081593261978063e-02	1.142984189149363319e-04	-9.011050403533938302e-04	-2.655114411077498949e-04
1.418415511493243027e-02	9.368108978639580660e-05	-9.149573083584919405e-04	-2.561692138486400695e-04
1.421749429724511980e-02	8.659388289663827497e-05	-9.027157691972970089e-04	-2.606792545936016149e-04
1.425083347955783362e-02	1.023790255143557142e-04	-9.014271861264648274e-04	-2.545584850106347337e-04
1.428417266187052663e-02	1.155870019870764543e-04	-8.872527723622404029e-04	-2.581020884523877379e-04
1.431751184418317800e-02	1.081776493310608486e-04	-8.808098570145604222e-04	-2.629342749661452714e-04
1.435085102649586580e-02	1.320164361365911072e-04	-8.785548366335791792e-04	-2.610014003619432680e-04
1.438419020880858309e-02	1.052783374236522149e-04	-8.914406673352924569e-04	-2.603571088264936754e-04
1.441752939112127090e-02	1.017347339789031265e-04	-8.692126093792099193e-04	-2.574577969194094757e-04
1.445086857343392227e-02	1.001240051392677605e-04	-8.701790466888376964e-04	-2.758201056701330969e-04
1.448420775574661007e-02	1.223520631043816887e-04	-8.608368194359617082e-04	-2.429612373774162060e-04
1.451754693805932910e-02	1.062447747236664256e-04	-8.837091689292355008e-04	-2.555249223141668009e-04
1.455088612037201516e-02	1.020568797443143844e-04	-8.630918398066247076e-04	-2.468269865879038323e-04
1.458422530268466653e-02	1.036676085852567290e-04	-8.762998162555180178e-04	-2.661557326435905050e-04
1.461756448499735260e-02	1.268621038550745166e-04	-8.540717583228112043e-04	-2.426390916095288335e-04
1.465090366731007336e-02	1.113991070105279973e-04	-8.453738225881192144e-04	-2.439276746800380583e-04
1.468424284962275943e-02	1.278285411573703222e-04	-8.682461720810680716e-04	-2.648671495712599561e-04
1.471758203193541080e-02	1.159091477539874756e-04	-8.798434196967156937e-04	-2.458605492851520112e-04
1.475092121424809687e-02	1.217077715707553040e-04	-8.917628131007933378e-04	-2.516591731006860718e-04
1.478426039656081763e-02	1.136541273815076651e-04	-8.521388837069297957e-04	-2.610014003622036934e-04
1.481759957887350369e-02	1.104326697028865057e-04	-8.627696940355063585e-04	-2.574577969159612249e-04
1.485093876118615507e-02	1.155870019861622957e-04	-8.479509887184147419e-04	-2.358740304922183001e-04
1.488427794349884113e-02	1.149427104529925363e-04	-8.589039448073623913e-04	-2.651892953392787338e-04
1.491761712581156189e-02	1.097883781691970205e-04	-8.495617175613630638e-04	-2.500484442628747540e-04
1.495095630812424796e-02	1.171977308257988001e-04	-8.601925278854684852e-04	-2.510148815661474258e-04
1.498429549043689933e-02	1.104326697052327057e-04	-8.460181141078574165e-04	-2.622899834319974261e-04
1.501763467274958540e-02	1.104326697043210949e-04	-8.611589651778307763e-04	-2.597128172908489806e-04
1.505097385506230789e-02	1.159091477541814393e-04	-8.714676297263304443e-04	-2.400619254675987867e-04
1.508431303737499223e-02	1.159091477542476841e-04	-8.730783585702422966e-04	-2.529477561733432908e-04
1.511765221968764360e-02	1.049561916528971549e-04	-8.589039448118450252e-04	-2.500484442655433550e-04
1.515099140200033834e-02	1.007682966775866128e-04	-8.811320027681281402e-04	-2.751758141361801370e-04
1.518433058431305216e-02	1.162312935242861001e-04	-8.727562128160320804e-04	-2.639007122682468964e-04
1.521766976662574690e-02	1.075333577944373090e-04	-8.705011924523698829e-04	-2.555249223124757708e-04
1.525100894893838786e-02	1.088219408646215307e-04	-8.418302191460297823e-04	-2.429612373762454845e-04
1.528434813125108260e-02	1.155870019863580348e-04	-8.930513961715314105e-04	-2.477934238905260913e-04
1.531768731356379643e-02	1.178420223609888889e-04	-8.804877112421874343e-04	-2.677664614806201672e-04
1.535102649587649117e-02	1.078555035633682667e-04	-8.521388836980194970e-04	-2.642228580371764040e-04
1.538436567818913213e-02	1.155870019882488157e-04	-8.427966564311314968e-04	-2.461826950538845734e-04
1.541770486050182340e-02	1.097883781663922030e-04	-8.373201783822499565e-04	-2.568135053830501290e-04
1.545104404281455283e-02	1.233185004106533721e-04	-8.959507080718193432e-04	-2.664778784107609487e-04
1.548438322512723543e-02	1.159091477544422306e-04	-8.730783585717961752e-04	-2.526256104049996861e-04
1.551772240743988507e-02	1.023790255110954640e-04	-8.717897755017373551e-04	-2.571356511503506228e-04
1.555106158975256767e-02	1.078555035634961077e-04	-8.801655654531751957e-04	-2.664778784109584362e-04
1.558440077206529710e-02	1.249292292512036286e-04	-8.866084807988874579e-04	-2.590685257567662417e-04
1.561773995437797970e-02	1.036676085827119981e-04	-9.242995356045120847e-04	-2.700214818531675642e-04
1.565107913669063280e-02	1.258956665514770719e-04	-9.201116406282893899e-04	-2.523034646361369654e-04
1.568441831900332234e-02	1.023790255152677586e-04	-9.056150810851270249e-04	-2.490820069607087815e-04
1.571775750131602922e-02	1.213856258051498925e-04	-8.569710702123701975e-04	-2.500484442646989242e-04
1.575109668362871876e-02	1.059226289555825008e-04	-9.217223694689343242e-04	-2.529477561703492665e-04
1.578443586594137707e-02	1.162312935223956038e-04	-9.007828945819245248e-04	-2.587463799891373973e-04
1.581777504825406661e-02	1.117212527737227395e-04	-8.730783585833350137e-04	-2.677664614796458490e-04
1.585111423056677349e-02	1.039897543505999939e-04	-8.682461720738010981e-04	-2.477934238924773300e-04
1.588445341287946302e-02	1.117212527744388821e-04	-8.579375075203134497e-04	-2.561692138481856803e-04
1.591779259519212134e-02	1.126876900786911306e-04	-8.791991281692961360e-04	-2.603571088255834335e-04
1.595113177750481087e-02	1.094662324012424817e-04	-8.717897755260047270e-04	-2.622899834312813106e-04
1.598447095981752816e-02	1.107548154712976291e-04	-8.705011924512858976e-04	-2.593906715236782116e-04
1.601781014213020729e-02	1.252513750161559031e-04	-9.072258099419586641e-04	-2.519813188697447620e-04
1.605114932444286560e-02	1.229963546445923383e-04	-8.785548366354732804e-04	-2.487598611914547181e-04
1.608448850675555514e-02	1.136541273818973002e-04	-8.862863350486338207e-04	-2.613235461297653173e-04
1.611782768906827243e-02	1.091440866349859662e-04	-8.891856469576801553e-04	-2.416726543066469895e-04
1.615116687138095156e-02	1.255735207849577729e-04	-8.634139855606133129e-04	-2.545584850095939538e-04
1.618450605369360987e-02	1.349157480449765122e-04	-8.531053210036821299e-04	-2.587463799888777309e-04
1.621784523600629940e-02	1.101105239349345691e-04	-8.254007850027531273e-04	-2.542363392415736040e-04
1.625118441831901669e-02	1.136541273807905060e-04	-8.447295310498779096e-04	-2.587463799891388068e-04
1.628452360063169582e-02	1.233185004106533993e-04	-8.669575890027146712e-04	-2.503705900313494387e-04
1.631786278294435413e-02	1.123655443114542795e-04	-8.988500199858410816e-04	-2.613235461296372730e-04
1.635120196525704367e-02	1.159091477562669158e-04	-8.630918397939162318e-04	-2.500484442641762303e-04
1.638454114756976096e-02	1.310499988353396863e-04	-8.495617175626477349e-04	-2.542363392432022383e-04
1.641788032988244009e-02	1.117212527748324340e-04	-8.669575890087441363e-04	-2.436055289123455984e-04
1.645121951219509840e-02	1.146205646842575075e-04	-8.714676297605866793e-04	-2.632564207356606276e-04
1.648455869450778100e-02	1.194527511984082269e-04	-8.096156424071974987e-04	-2.581020884518014013e-04
1.651789787682050523e-02	1.175198765947939154e-04	-8.266893680937765143e-04	-2.613235461291819623e-04
1.655123705913318435e-02	1.097883781695864659e-04	-8.572932159997864905e-04	-2.581020884536230778e-04
1.658457624144584266e-02	1.049561916542000542e-04	-8.589039448322076430e-04	-2.455384035159620241e-04
1.661791542375853220e-02	1.091440866357668357e-04	-8.795212739471667878e-04	-2.523034646376979455e-04
1.665125460607124949e-02	1.049561916538085216e-04	-9.011050403595541585e-04	-2.429612373768307639e-04
1.668459378838393209e-02	1.059226289541479929e-04	-8.936956877119840541e-04	-2.600349630589973205e-04
1.671793297069659387e-02	1.152648562177532052e-04	-8.904742300320907461e-04	-2.642228580378913811e-04
1.675127215300927647e-02	1.155870019875332829e-04	-8.840313146912299634e-04	-2.455384035174581147e-04
1.678461133532200417e-02	1.097883781696533747e-04	-8.353873038079495444e-04	-2.674443157120832493e-04
1.681795051763467982e-02	1.123655443117152334e-04	-8.305551172854915053e-04	-2.448941119823351922e-04
1.685128969994733814e-02	1.010904424435177457e-04	-8.659911517148005363e-04	-2.548806307774803505e-04
1.688462888226002073e-02	1.133319816106194379e-04	-8.943399792474260573e-04	-2.639007122688982851e-04
1.691796806457274843e-02	1.065669204927931224e-04	-8.872527723652744343e-04	-2.545584850094618438e-04
1.695130724688542409e-02	1.023790255116825189e-04	-8.508503006493202186e-04	-2.561692138475336411e-04
1.698464642919808240e-02	1.039897543514486938e-04	-8.254007850125454245e-04	-2.561692138485099110e-04
1.701798561151076500e-02	1.191306054304545420e-04	-8.353873037983384174e-04	-2.455384035193464696e-04
1.705132479382349270e-02	1.123655443121708016e-04	-8.650247144030996562e-04	-2.532699019399299459e-04
1.708466397613616836e-02	1.181641681271172517e-04	-8.714676297530588468e-04	-2.487598611944483087e-04
1.711800315844882667e-02	1.068890662600294314e-04	-8.579375075133121057e-04	-2.497262984953121001e-04
1.715134234076150926e-02	1.275063953907205124e-04	-8.888635011989496834e-04	-2.442498204469500554e-04
1.718468152307423696e-02	1.242849377147745406e-04	-8.460181141191492737e-04	-2.590685257550102679e-04
1.721802070538691262e-02	1.210634800362850034e-04	-8.624475482694924332e-04	-2.616456918973929691e-04
1.725135988769957093e-02	1.139762731490025698e-04	-8.492395718010200580e-04	-2.419948000734940157e-04
1.728469907001225353e-02	1.072112120272657133e-04	-8.949842707714894671e-04	-2.523034646369179163e-04
1.731803825232498123e-02	1.056004831889323657e-04	-9.230109525320060035e-04	-2.529477561707396877e-04
1.735137743463765689e-02	1.171977308268426157e-04	-8.988500199733362190e-04	-2.629342749667961721e-04
1.738471661695031520e-02	1.159091477542450955e-04	-8.898299384952620484e-04	-2.606792545937303639e-04
1.741805579926299780e-02	1.075333577951535194e-04	-8.814541485354039684e-04	-2.477934238924766252e-04
1.745139498157572550e-02	1.200970427342499213e-04	-8.856420435067095896e-04	-2.584242342209894911e-04
1.748473416388840115e-02	1.175198765937501540e-04	-8.820984400634062847e-04	-2.481155696581521710e-04
1.751807334620105946e-02	1.056004831888032779e-04	-8.814541485339393197e-04	-2.513370273337091039e-04
1.755141252851373512e-02	1.126876900807747368e-04	-8.505281548613133607e-04	-2.606792545952930245e-04
1.758475171082646976e-02	1.223520631082258901e-04	-8.804877112355195910e-04	-2.429612373774166125e-04
1.761809089313914542e-02	1.217077715745367572e-04	-9.004607488131670260e-04	-2.410283627718484061e-04
1.765143007545180373e-02	1.017347339765576177e-04	-9.226888067673612087e-04	-2.581020884540132822e-04
1.768476925776455572e-02	1.126876900756919970e-04	-8.920849588536304119e-04	-2.519813188680543824e-04
1.771810844007722444e-02	9.432538131995536377e-05	-9.194673490810634101e-04	-2.613235461293107113e-04
1.775144762238989316e-02	1.313721446041396588e-04	-9.297760136371935845e-04	-2.645450038032412326e-04
1.778478680470256187e-02	1.229963546445265272e-04	-9.352524917008501982e-04	-2.394176339345557164e-04
1.781812598701523059e-02	1.226742088749433542e-04	-9.294538678783790869e-04	-2.474712781235487982e-04
1.785146516932798258e-02	1.165534392896972902e-04	-8.791991281597083194e-04	-2.465048408193657218e-04
1.788480435164064089e-02	9.947971360434071267e-05	-9.342860543938782828e-04	-2.484377154259750876e-04
1.791814353395331655e-02	1.130098358456012710e-04	-9.742321295514230891e-04	-2.545584850119352342e-04
1.795148271626605119e-02	1.429693922388546295e-04	-9.780978787554443169e-04	-2.497262984973289872e-04
1.798482189857872685e-02	1.168755850601260597e-04	-9.768092956819421791e-04	-2.461826950551869713e-04
1.801816108089138516e-02	1.068890662594425392e-04	-9.858293771744307092e-04	-2.349075931869937933e-04
1.805150026320406081e-02	1.213856258054754785e-04	-9.342860543967902330e-04	-2.474712781222482977e-04
1.808483944551679545e-02	1.181641681272470985e-04	-9.098029760666138466e-04	-2.539141934748581457e-04
1.811817862782947111e-02	1.191306054322150966e-04	-9.162458914138991778e-04	-2.477934238901346401e-04
1.815151781014212942e-02	1.081776493308644047e-04	-9.259102644392671992e-04	-2.590685257559844235e-04
1.818485699245480508e-02	1.078555035617374640e-04	-9.355746374658129895e-04	-2.529477561725621774e-04
1.821819617476753972e-02	1.065669204936406703e-04	-9.159237456531440667e-04	-2.535920477075561882e-04
1.825153535708021538e-02	1.171977308265800762e-04	-9.223666610039929535e-04	-2.568135053803789259e-04
1.828487453939287369e-02	1.052783374213707147e-04	-9.065815184018871176e-04	-2.458605492859325284e-04
1.831821372170554935e-02	1.220299173410570727e-04	-9.123801422060548363e-04	-2.532699019390184029e-04
1.835155290401828398e-02	1.056004831888036709e-04	-8.833870231420093769e-04	-2.532699019400584781e-04
1.838489208633095964e-02	1.033454628169768889e-04	-8.775883993444545325e-04	-2.487598611937968658e-04
1.841823126864361795e-02	1.210634800356313244e-04	-9.217223694802363729e-04	-2.516591731003613532e-04
1.845157045095629361e-02	1.194527511984741329e-04	-9.574805496612036251e-04	-2.593906715243924298e-04
1.848490963326902825e-02	1.107548154718176531e-04	-9.358967832429715373e-04	-2.381290508624859723e-04
1.851824881558170391e-02	1.262178123191030974e-04	-9.352524917125847352e-04	-2.381290508645684265e-04
1.855158799789436222e-02	1.036676085808881667e-04	-9.072258099439502350e-04	-2.378069050964209269e-04
1.858492718020703788e-02	1.117212527717667574e-04	-9.204337864064615583e-04	-2.548806307769606923e-04
1.861826636251977252e-02	1.113991070074638929e-04	-9.371853663102398379e-04	-2.529477561749697025e-04
1.865160554483244817e-02	1.159091477562015790e-04	-9.165680371966390899e-04	-2.503705900316735068e-04
1.868494472714510649e-02	1.084997950988172630e-04	-9.043264980276071114e-04	-2.564913596148358154e-04
1.871828390945778214e-02	1.142984189165004968e-04	-8.962728538467823816e-04	-2.603571088266885608e-04
1.875162309177051678e-02	1.149427104509078595e-04	-9.027157691982766940e-04	-2.545584850091373963e-04
1.878496227408319244e-02	9.529181862238101622e-05	-9.036822064868859109e-04	-2.510148815671875552e-04
1.881830145639585075e-02	9.915756783540825067e-05	-9.078701014670273461e-04	-2.677664614801655613e-04
1.885164063870852641e-02	1.081776493315827022e-04	-9.210780779388734333e-04	-2.629342749662108656e-04
1.888497982102126105e-02	1.136541273818321261e-04	-8.843534604533375082e-04	-2.513370273340349067e-04
1.891831900333393671e-02	1.004461509062433189e-04	-8.856420435203912452e-04	-2.761422514363282466e-04
1.895165818564659502e-02	9.110392364426908552e-05	-8.988500199772824981e-04	-2.564913596156816016e-04
1.898499736795927068e-02	1.265399580865355386e-04	-9.242995356065743457e-04	-2.613235461270978547e-04
