# Time (s)	Generation (V)	PC (V)	PL (V)
1.500263204070890169e-05	7.789594717232968925e-05	2.027522222095118690e-03	-2.655114411062532622e-04
4.834181435339528833e-05	1.065669204931198331e-04	-6.975089017640514555e-04	-2.732429395276836630e-04
8.168099666608183592e-05	1.101105239360402656e-04	-8.991721649096258342e-04	-2.593906715249130637e-04
1.150201789787680921e-04	9.561396439039773396e-05	-9.075479556599221585e-04	-2.548806307768939597e-04
1.483593612914544161e-04	1.036676085861036400e-04	-8.975614369144160583e-04	-2.581020884527771833e-04
1.816985436041414854e-04	8.433886252311600408e-05	-9.020714776576930789e-04	-2.568135053825285194e-04
2.150377259168277959e-04	9.980185937235661726e-05	-9.136687252851136186e-04	-2.651892953413583420e-04
2.483769082295139165e-04	9.013748634112645017e-05	-9.046486437992861014e-04	-2.742093768310192186e-04
2.817160905422001998e-04	1.030233170493495082e-04	-8.927292504005829559e-04	-2.574577969195402305e-04
3.150552728548863747e-04	8.691602866641626559e-05	-8.911185215531031026e-04	-2.674443157133184808e-04
3.483944551675727122e-04	1.200970427334679133e-04	-8.927292504012407414e-04	-2.555249223120189422e-04
3.817336374802589413e-04	1.155870019856416889e-04	-9.091586845430850569e-04	-2.545584850100475840e-04
4.150728197929463088e-04	1.075333577984129022e-04	-9.120579964532185210e-04	-2.748536683695281045e-04
4.484120021056323211e-04	1.084997950999248026e-04	-9.056150810938003171e-04	-2.651892953401871326e-04
4.817511844183182249e-04	1.075333577969810912e-04	-9.168901829530971825e-04	-2.593906715224401070e-04
5.150903667310046709e-04	1.059226289586463749e-04	-9.120579964513619332e-04	-2.555249223129956457e-04
5.484295490436907373e-04	9.947971360453238606e-05	-9.246216813741848671e-04	-2.481155696579571230e-04
5.817687313563794059e-04	1.043119001167940594e-04	-8.985278742142577182e-04	-2.590685257552050990e-04
6.151079136690657976e-04	1.027011712811998944e-04	-9.043264980302437826e-04	-2.642228580384119066e-04
6.484470959817520809e-04	8.498315406111077485e-05	-9.162458914246732200e-04	-2.854844786962179386e-04
6.817862782944378221e-04	9.496967285599271593e-05	-8.772662535645209692e-04	-2.587463799891380478e-04
7.151254606071238886e-04	8.627173713214048446e-05	-8.946621249972030792e-04	-2.645450038026558718e-04
7.484646429198103888e-04	1.062447747270561430e-04	-8.782326908674295118e-04	-2.748536683672507920e-04
7.818038252324961300e-04	1.072112120277858728e-04	-9.069036641629669472e-04	-2.622899834318671592e-04
8.151430075451824133e-04	9.529181862401123616e-05	-9.052929353352055872e-04	-2.706657733880310371e-04
8.484821898578681545e-04	1.014125882101699137e-04	-9.033600607305528269e-04	-2.490820069596680016e-04
8.818213721705542209e-04	1.130098358463170070e-04	-8.872527723544482419e-04	-2.696993360850184112e-04
9.151605544832444074e-04	1.046340458870938630e-04	-8.392530530023510800e-04	-2.703436276224210314e-04
9.484997367959307991e-04	1.046340458868964704e-04	-9.046486438001580168e-04	-2.523034646345741422e-04
9.818389191086165403e-04	9.722469323088117643e-05	-9.107694133805196686e-04	-2.477934238905907098e-04
1.015178101421302607e-03	7.821809293949991615e-05	-9.913058552372586672e-04	-2.800080006477911128e-04
1.048517283733989107e-03	1.097883781688054067e-04	-9.413732612709689584e-04	-2.587463799895939548e-04
1.081856466046675824e-03	8.852675750344382718e-05	-9.146351625810796894e-04	-2.684107530152258711e-04
1.115195648359362541e-03	1.168755850564113526e-04	-9.017493318839284091e-04	-2.584242342218363614e-04
1.148534830672048607e-03	1.065669204910970100e-04	-9.007828945841630771e-04	-2.709879191567650630e-04
1.181874012984734674e-03	9.947971360466564806e-05	-8.598703821075481769e-04	-2.793637091129262846e-04
1.215213195297422692e-03	8.659388289702868262e-05	-8.927292503829290004e-04	-2.606792545943163210e-04
1.248552377610108758e-03	1.072112120280493069e-04	-9.410511155067919969e-04	-2.700214818547285443e-04
1.281891559922794608e-03	1.001240051372473091e-04	-9.426618443450041985e-04	-2.651892953389515216e-04
1.315230742235480241e-03	9.239250671314895775e-05	-9.355746374591285578e-04	-2.883837906066228328e-04
1.348569924548166741e-03	1.091440866332257776e-04	-9.429839901197505049e-04	-2.835516040923417923e-04
1.381909106860852374e-03	1.010904424431276227e-04	-9.751985668654434029e-04	-3.106118485688724208e-04
1.415248289173538223e-03	9.207036094493402075e-05	-9.822857737461253898e-04	-3.225312419675056895e-04
1.448587471486224290e-03	8.562744559597346172e-05	-9.497490512349306352e-04	-3.476586118366443209e-04
1.481926653798910139e-03	7.628521833178084229e-05	-9.636013192340636821e-04	-3.975912058075586940e-04
1.515265836111600543e-03	6.984230297930145090e-05	-9.922722925246453378e-04	-4.761947730856591707e-04
1.548605018424287260e-03	4.858068231458905780e-05	-1.037372699968084526e-03	-5.796035644628019529e-04
1.581944200736973543e-03	2.248687513736255861e-05	-1.038983428811678707e-03	-7.290792005761325160e-04
1.615283383049659826e-03	8.956752895451397691e-06	-1.085694565079587184e-03	-9.104472676605184162e-04
1.648622565362346326e-03	-4.033154955466089660e-05	-1.142392220143742965e-03	-1.115331975745076538e-03
1.681961747675032610e-03	-5.579454639777838313e-05	-1.149479427032188165e-03	-1.349531948630895142e-03
1.715300929987719110e-03	-9.477418428101316264e-05	-1.199412020978168165e-03	-1.621100830492927351e-03
1.748640112300405176e-03	-1.279551983432447864e-04	-1.222928661995092070e-03	-1.936481536650414741e-03
1.781979294613091677e-03	-1.910957687927343474e-04	-1.286069232408175965e-03	-2.270546697245542141e-03
1.815318476925777960e-03	-2.274982405318917093e-04	-1.321183121054821412e-03	-2.579806633702669359e-03
1.848657659238465327e-03	-2.954709974912994000e-04	-1.358874175827376679e-03	-2.971213740695261094e-03
1.881996841551151394e-03	-3.528129441184217163e-04	-1.433289848073782775e-03	-3.340070643908428852e-03
1.915336023863837894e-03	-3.882489785475388435e-04	-1.517369893358343214e-03	-3.722779815012504812e-03
1.948675206176523960e-03	-4.655639627580553542e-04	-1.541852971676978051e-03	-4.100334653752394851e-03
1.982014388489209810e-03	-5.035771633276041066e-04	-1.596617752123826372e-03	-4.464681515974629200e-03
2.015353570801895877e-03	-5.725163575758474227e-04	-1.650416095270585077e-03	-4.815820401680660258e-03
2.048692753114581943e-03	-6.208382227004329316e-04	-1.705503021476888550e-03	-5.175979368776859567e-03
2.082031935427268009e-03	-6.681936505222038983e-04	-1.756724198478031625e-03	-5.514554569428485771e-03
2.115371117739955377e-03	-7.261798886720976891e-04	-1.813099707760795808e-03	-5.867626329503015069e-03
2.148710300052642744e-03	-7.851325641198708422e-04	-1.865287322047484144e-03	-6.218120923376879022e-03
2.182049482365330546e-03	-8.189578697025372408e-04	-1.936159390841423692e-03	-6.554118957689872987e-03
2.215388664678016612e-03	-8.795212739857196076e-04	-1.990279879741172018e-03	-6.883029785070568160e-03
2.248727846990702679e-03	-9.300981594759683176e-04	-2.035058141388491372e-03	-7.219994256542385837e-03
2.282067029303388745e-03	-9.764871499846673221e-04	-2.052776158585291246e-03	-7.559858039840352401e-03
2.315406211616074812e-03	-1.060567195283400668e-03	-2.132990454624093118e-03	-8.119747381236592718e-03
2.348745393928761745e-03	-1.271894818695916158e-03	-2.261526615717612994e-03	-9.248546144917952488e-03
2.382084576241447812e-03	-1.413638956334239494e-03	-2.399405004071441389e-03	-1.023205716762434596e-02
2.415423758554133878e-03	-1.561503863537778503e-03	-2.558222867265619316e-03	-1.101454923210936666e-02
2.448762940866820812e-03	-1.732563265971846442e-03	-2.753765347895526655e-03	-1.203220770482003182e-02
2.482102123179506879e-03	-1.950333804639195825e-03	-2.932556248614068359e-03	-1.344932692559230175e-02
2.515441305492192945e-03	-2.186144506239955012e-03	-3.179319906145349189e-03	-1.479557407690048655e-02
2.548780487804879012e-03	-2.468666344040335286e-03	-3.425761417871080010e-03	-1.661118760571817302e-02
2.582119670117565078e-03	-2.872314990203367162e-03	-3.784309656432336896e-03	-1.929562825812440249e-02
2.615458852430251144e-03	-3.370996637519968041e-03	-4.224682919685050775e-03	-2.222908758146299041e-02
2.648798034742938078e-03	-3.814269212783433140e-03	-4.657324684408908032e-03	-2.516480192021311804e-02
2.682137217055624145e-03	-4.311984422518166764e-03	-5.140221188625143656e-03	-2.814980455576296392e-02
2.715476399368310211e-03	-4.811632506699269063e-03	-5.645990042105637589e-03	-3.134549051473121267e-02
2.748815581680996711e-03	-5.264569454570667759e-03	-6.129208691783953611e-03	-3.427862767263530064e-02
2.782154763993682778e-03	-5.801264301591382497e-03	-6.630789650002590595e-03	-3.759898403014539509e-02
2.815493946306369278e-03	-6.447166563238405403e-03	-7.196155469768980746e-03	-4.162870534527799565e-02
2.848833128619055344e-03	-7.124316963962151750e-03	-7.865574371779799831e-03	-4.590132455451763349e-02
2.882172310931741411e-03	-7.843990605515861747e-03	-8.583315138422521057e-03	-5.007021282024638059e-02
2.915511493244428345e-03	-8.532738253226571437e-03	-9.267552745105583217e-03	-5.435249638394786670e-02
2.948850675557114411e-03	-9.204734320832136038e-03	-9.951468205741253667e-03	-5.845921050105868516e-02
2.982189857869800478e-03	-9.852569455740660745e-03	-1.061090058791755268e-02	-6.233687897738095229e-02
3.015529040182486544e-03	-1.048784090553774723e-02	-1.125035993237281581e-02	-6.620971526004272578e-02
3.048868222495171743e-03	-1.109250850737042611e-02	-1.188659781892450508e-02	-7.024684587116822310e-02
3.082207404807858677e-03	-1.171521627184863613e-02	-1.251929210182753209e-02	-7.407554817186928764e-02
3.115546587120545177e-03	-1.232600464277734849e-02	-1.312718116057280671e-02	-7.774929835801523692e-02
3.148885769433231244e-03	-1.290328985391724949e-02	-1.374537888358877066e-02	-8.141950493515708043e-02
3.182224951745917310e-03	-1.348701798015755453e-02	-1.432975130108222160e-02	-8.489030328531409209e-02
3.215564134058603377e-03	-1.406945752314196774e-02	-1.493602963035786831e-02	-8.825286065753777665e-02
3.248903316371289443e-03	-1.462934686238872781e-02	-1.549366394898080840e-02	-9.165633053571495270e-02
3.282242498683975510e-03	-1.517409535051175533e-02	-1.605355328775010318e-02	-9.509330356786774296e-02
3.315581680996661576e-03	-1.569726007224021835e-02	-1.659765748390706550e-02	-9.824743262538795929e-02
3.348920863309347642e-03	-1.623975353967590032e-02	-1.714498313752171182e-02	-1.016560568227560107e-01
3.382260045622033709e-03	-1.681607231219065315e-02	-1.766782571288158521e-02	-1.050679024732677491e-01
3.415599227934719775e-03	-1.733730415882226567e-02	-1.822546003059935527e-02	-1.083882587263611391e-01
3.448938410247408010e-03	-1.784210657132647912e-02	-1.874991333444842034e-02	-1.116899305223730821e-01
3.482277592560094077e-03	-1.835979481425007581e-02	-1.926792372286721330e-02	-1.147805968483778943e-01
3.515616774872780143e-03	-1.888392597229224951e-02	-1.976145103306973030e-02	-1.178651424021159022e-01
3.548955957185466210e-03	-1.936746676393273289e-02	-2.027301850590739266e-02	-1.208472456042303522e-01
3.582295139498152276e-03	-1.984488678592705516e-02	-2.072273399197650454e-02	-1.235046258886923071e-01
3.615634321810838343e-03	-2.030426664501811321e-02	-2.119983186782829071e-02	-1.264309978710262683e-01
3.648973504123524409e-03	-2.075462642261016386e-02	-2.167113111980484980e-02	-1.293071151142318465e-01
3.682312686436210476e-03	-2.121851632214376629e-02	-2.214146393436190741e-02	-1.322618359174008995e-01
3.715651868748896976e-03	-2.167435257747190105e-02	-2.262951476578464391e-02	-1.352816301590924475e-01
3.748991051061583042e-03	-2.217947713447603053e-02	-2.310757907839621969e-02	-1.384798931424895685e-01
3.782330233374269109e-03	-2.266559509130045696e-02	-2.361560294685698808e-02	-1.415853781479235740e-01
3.815669415686955175e-03	-2.310693478691071279e-02	-2.406209697443960349e-02	-1.447627016524307419e-01
3.849008597999641242e-03	-2.353120075697347213e-02	-2.449377229681528115e-02	-1.475051283961733017e-01
3.882347780312327308e-03	-2.398542628288682227e-02	-2.493478984620233277e-02	-1.501444684991808109e-01
3.915686962625015109e-03	-2.443514176800661714e-02	-2.541961921922689105e-02	-1.528662779114951242e-01
3.949026144937704645e-03	-2.486069632080080416e-02	-2.583003292093450851e-02	-1.554076857041587767e-01
3.982365327250390712e-03	-2.527562006331131317e-02	-2.622111787679277592e-02	-1.581246629269224546e-01
4.015704509563076778e-03	-2.564995343963029362e-02	-2.665762538507895907e-02	-1.605916550494114747e-01
4.049043691875768049e-03	-2.604200483281080697e-02	-2.703969025939978107e-02	-1.630422177374669657e-01
4.082382874188454115e-03	-2.644533132759454078e-02	-2.744269460819463019e-02	-1.655704175489323415e-01
4.115722056501140182e-03	-2.687056373415155908e-02	-2.784634324843780415e-02	-1.681253554560759866e-01
4.149061238813826248e-03	-2.726293727283212245e-02	-2.827511925803309970e-02	-1.704882944976915393e-01
4.182400421126509713e-03	-2.763437133687043218e-02	-2.861401659988022442e-02	-1.728319047935906738e-01
4.215739603439195779e-03	-2.799581888219647777e-02	-2.897449770774893768e-02	-1.749467916095463482e-01
4.249078785751881845e-03	-2.833568266138927066e-02	-2.936268335106557645e-02	-1.774853000791065116e-01
4.282417968064567912e-03	-2.870550599639915337e-02	-2.971317794013779434e-02	-1.797883200082997235e-01
4.315757150377253978e-03	-2.902604102972367386e-02	-3.004144447156829878e-02	-1.818961196154434690e-01
4.349096332689940045e-03	-2.933433452403623118e-02	-3.041545570113536601e-02	-1.837610213304384787e-01
4.382435515002626111e-03	-2.969513777749883607e-02	-3.072020559184051106e-02	-1.853537098908492053e-01
4.415774697315314780e-03	-3.002018285132421194e-02	-3.103751916720382323e-02	-1.871226121731469350e-01
4.449113879628000846e-03	-3.034490577932261873e-02	-3.135483274249832586e-02	-1.889849367206642983e-01
4.482453061940686913e-03	-3.061035388709240287e-02	-3.164154247039011048e-02	-1.908076373413116478e-01
4.515792244253372979e-03	-3.089384215748232354e-02	-3.192857434399433425e-02	-1.926673847220702618e-01
4.549131426566056444e-03	-3.120890071247181194e-02	-3.219821034642937618e-02	-1.944179246951279472e-01
4.582470608878747714e-03	-3.148272460991954902e-02	-3.249297371820723118e-02	-1.960731095275585201e-01
4.615809791191433781e-03	-3.174205194804774477e-02	-3.277485125949686912e-02	-1.978548976370131662e-01
4.649148973504117245e-03	-3.199590280819054888e-02	-3.302354778730983570e-02	-1.994211702434890432e-01
4.682488155816803312e-03	-3.222527059042731151e-02	-3.328738516586562252e-02	-2.010747443462903294e-01
4.715827338129489378e-03	-3.247203424374982966e-02	-3.350869930390307228e-02	-2.024992728249841167e-01
4.749166520442175445e-03	-3.272652939532187666e-02	-3.379540903146146386e-02	-2.037904329655800817e-01
4.782505702754861511e-03	-3.299036677393660938e-02	-3.403766264392299457e-02	-2.053483297817235986e-01
4.815844885067547577e-03	-3.323616398987791487e-02	-3.429763427321617236e-02	-2.070515143280022563e-01
4.849184067380233644e-03	-3.346746464652623071e-02	-3.457081387867759481e-02	-2.087121756358502611e-01
4.882523249692919710e-03	-3.368169157779678236e-02	-3.478085291493168696e-02	-2.101354155305162896e-01
4.915862432005605777e-03	-3.387916692945949076e-02	-3.499604628334041651e-02	-2.113321869673760456e-01
4.949201614318291843e-03	-3.408501807088543112e-02	-3.522670264825196462e-02	-2.124764486479356340e-01
4.982540796630977910e-03	-3.430053358513163869e-02	-3.537746686440878391e-02	-2.137250855492385804e-01
5.015879978943663976e-03	-3.444614346918237202e-02	-3.554594909741269626e-02	-2.149953062152401562e-01
5.049219161256350043e-03	-3.463105513607515895e-02	-3.572280712017914667e-02	-2.157420400482416289e-01
5.082558343569036977e-03	-3.476281275236874080e-02	-3.588001425150538770e-02	-2.166579003964229366e-01
5.115897525881722176e-03	-3.489875826355417349e-02	-3.603238919641705423e-02	-2.175963109465985090e-01
5.149236708194409110e-03	-3.506305260169786248e-02	-3.618637487010533532e-02	-2.185917412932294468e-01
5.182575890507094309e-03	-3.515937418424651406e-02	-3.631684390324991379e-02	-2.199257468159121487e-01
5.215915072819802059e-03	-3.526278297353631352e-02	-3.638642738758572637e-02	-2.207282118622725109e-01
5.249254255132470778e-03	-3.539003054913104906e-02	-3.647115172266717636e-02	-2.211395919763393669e-01
5.282593437445174192e-03	-3.541805723033961822e-02	-3.656682901363411675e-02	-2.214366103515625628e-01
5.315932619757862861e-03	-3.552404318570221570e-02	-3.664800974534610650e-02	-2.218206080774637878e-01
5.349271802070550662e-03	-3.560329104289972763e-02	-3.672564687368681802e-02	-2.219336812333060072e-01
5.382610984383234126e-03	-3.564549213758556878e-02	-3.678943173432241975e-02	-2.222571155594604830e-01
5.415950166695924529e-03	-3.570959914400786972e-02	-3.684419651365279658e-02	-2.227158510977114148e-01
5.449289349008606259e-03	-3.574664590651463469e-02	-3.688929692015453093e-02	-2.226933008957243110e-01
5.482628531321296662e-03	-3.576726323522045475e-02	-3.692408866229992398e-02	-2.229693797976268765e-01
5.515967713633976657e-03	-3.575341096749996145e-02	-3.692569939110876970e-02	-2.231156339650209042e-01
5.549306895946668795e-03	-3.576114246576115457e-02	-3.693633020122141786e-02	-2.230570034397640344e-01
5.582646078259348790e-03	-3.576822967250383595e-02	-3.695662538414553472e-02	-2.231307748149688186e-01
5.615985260572042663e-03	-3.577080683859021337e-02	-3.696016898752405716e-02	-2.233430688597185521e-01
5.649324442884723525e-03	-3.573923655401745753e-02	-3.694824959437718187e-02	-2.231252983373334664e-01
5.682663625197414796e-03	-3.569220327292109418e-02	-3.690186060483304636e-02	-2.229010849000860328e-01
5.716002807510094791e-03	-3.562229764279849220e-02	-3.686030380169273007e-02	-2.224255977831943176e-01
5.749341989822786929e-03	-3.557365363289231169e-02	-3.678846529702632651e-02	-2.219684729736168260e-01
5.782681172135466924e-03	-3.549794937906366327e-02	-3.672854618553824529e-02	-2.211634307613092876e-01
5.816020354448159062e-03	-3.545735901317821626e-02	-3.669214371457352880e-02	-2.204730724335873526e-01
5.849359536760837322e-03	-3.537456755260801056e-02	-3.663641249795572541e-02	-2.199486191636731702e-01
5.882698719073532062e-03	-3.530756123431379873e-02	-3.652430577320226607e-02	-2.195884602227578253e-01
5.916037901386209455e-03	-3.518965588578091414e-02	-3.641928625516876322e-02	-2.190040878445294326e-01
5.949377083698906797e-03	-3.507336126604379545e-02	-3.632264252693328394e-02	-2.183823465600911451e-01
5.982716266011584190e-03	-3.495932166663406199e-02	-3.623695175454781647e-02	-2.176597736579824749e-01
6.016055448324278930e-03	-3.482788619611236480e-02	-3.607813389444322616e-02	-2.166363166315632971e-01
6.049394630636955456e-03	-3.469258497644756717e-02	-3.595861781715447431e-02	-2.154646725631604864e-01
6.082733812949651063e-03	-3.450380756042101954e-02	-3.582106157724176954e-02	-2.144927588555471110e-01
6.116072995262327588e-03	-3.438074787965625378e-02	-3.566127727982316975e-02	-2.137073675332412381e-01
6.149412177575023196e-03	-3.421001062622342631e-02	-3.550986877217082727e-02	-2.127609033392648397e-01
6.182751359887697987e-03	-3.401672316950190428e-02	-3.534654087134345146e-02	-2.119107607224789414e-01
6.216090542200395329e-03	-3.382794575341039472e-02	-3.516098491299887024e-02	-2.107668211876409237e-01
6.249429724513070120e-03	-3.362241675771106969e-02	-3.494965729375285740e-02	-2.095677947305015498e-01
6.282768906825767462e-03	-3.337887456215541532e-02	-3.472512169826898198e-02	-2.081526084793567100e-01
6.316108089138442253e-03	-3.315756042409759990e-02	-3.450960618408151909e-02	-2.066027653072474435e-01
6.349447271451139595e-03	-3.293527984873492048e-02	-3.426509755135856428e-02	-2.052974307543126709e-01
6.382786453763814385e-03	-3.268980477851472777e-02	-3.402477681348609062e-02	-2.036960442627528123e-01
6.416125636076511728e-03	-3.240212861350738605e-02	-3.377543599428589616e-02	-2.020679196742240780e-01
6.449464818389189988e-03	-3.214731131613335346e-02	-3.349645776500427552e-02	-2.003283326580457546e-01
6.482804000701888197e-03	-3.185834656799131637e-02	-3.322198957633352989e-02	-1.987662479463890297e-01
6.516143183014561253e-03	-3.157034825709128384e-02	-3.292787049617640349e-02	-1.970820699974699108e-01
6.549482365327260330e-03	-3.131746383415967561e-02	-3.264244935152770671e-02	-1.951182695424582558e-01
6.582821547639933386e-03	-3.102108973336778139e-02	-3.236347112208128735e-02	-1.932205089645741281e-01
6.616160729952632463e-03	-3.075693020870717831e-02	-3.210994240773572261e-02	-1.914999285454359323e-01
6.649499912265305519e-03	-3.050211291109991216e-02	-3.184352786290273185e-02	-1.897596972355141964e-01
6.682839094578004596e-03	-3.017642354584620587e-02	-3.155391882319793367e-02	-1.877153603425021078e-01
6.716178276890677652e-03	-2.985846567881679167e-02	-3.125206824450097592e-02	-1.858697873733059225e-01
6.749517459203376729e-03	-2.955307149645492945e-02	-3.094796264541304492e-02	-1.841118380461128079e-01
6.782856641516048918e-03	-2.921771775816027483e-02	-3.060068951419411820e-02	-1.820800648354345685e-01
6.816195823828748862e-03	-2.885143802663941298e-02	-3.025244994561845577e-02	-1.798775543794551013e-01
6.849535006141421051e-03	-2.849546695944490948e-02	-2.989100240074379911e-02	-1.775639036407055948e-01
6.882874188454121862e-03	-2.814948241080021674e-02	-2.953664206254564065e-02	-1.750547104339316151e-01
6.916213370766793184e-03	-2.779318919769366292e-02	-2.916907374803749675e-02	-1.729320921200758199e-01
6.949552553079493995e-03	-2.745558043874282358e-02	-2.877541162671870892e-02	-1.703926172111422943e-01
6.982891735392165317e-03	-2.707287127298119503e-02	-2.843876930524588675e-02	-1.681279326217653414e-01
7.016230917704866128e-03	-2.669112854442069402e-02	-2.802610058379763000e-02	-1.659492609454322476e-01
7.049570100017535715e-03	-2.631937233442703528e-02	-2.766046514356487393e-02	-1.637351532362190665e-01
7.082909282330238261e-03	-2.591475725655752876e-02	-2.729966188969584068e-02	-1.615110590077049602e-01
7.116248464642907848e-03	-2.556973914470089468e-02	-2.692919426286760273e-02	-1.592724682196589026e-01
7.149587646955610394e-03	-2.518670783277191655e-02	-2.651169335462893670e-02	-1.568135297400559403e-01
7.182926829268279981e-03	-2.479111283600803420e-02	-2.611867552427512423e-02	-1.542241222320872851e-01
7.216266011580984262e-03	-2.440550435781298211e-02	-2.578589895144700259e-02	-1.520019608734952121e-01
7.249605193893653848e-03	-2.402376162868370343e-02	-2.539255897515042826e-02	-1.494177076943931370e-01
7.282944376206356395e-03	-2.362623375708544290e-02	-2.499019891740408839e-02	-1.469777758085021313e-01
7.316283558519025981e-03	-2.324739033965534177e-02	-2.458912744262635452e-02	-1.445990516129203873e-01
7.349622740831728528e-03	-2.285501680009026371e-02	-2.420158608981246712e-02	-1.422212938532340099e-01
7.382961923144396379e-03	-2.244041520276756491e-02	-2.377699797416044439e-02	-1.397220871450453317e-01
7.416301105457100661e-03	-2.204288733080620247e-02	-2.340266459744656802e-02	-1.372534842813080136e-01
7.449640287769768512e-03	-2.161604419428165766e-02	-2.298419725110211961e-02	-1.345545472059290759e-01
7.482979470082472793e-03	-2.120466405430197071e-02	-2.258280363010000194e-02	-1.317029130440392770e-01
7.516318652395140645e-03	-2.084933727709852372e-02	-2.217174563611189197e-02	-1.290297476246415054e-01
7.549657834707844926e-03	-2.046372879803200900e-02	-2.180256659127210658e-02	-1.266407147533533950e-01
7.582997017020511911e-03	-2.009165044095654121e-02	-2.146979001765049813e-02	-1.244156540666230132e-01
7.616336199333217059e-03	-1.972504856179034885e-02	-2.108257080989403218e-02	-1.220472385196855053e-01
7.649675381645884044e-03	-1.930303761115406691e-02	-2.072273399195434518e-02	-1.195966758051217188e-01
7.683014563958589192e-03	-1.889197961639156945e-02	-2.029653514663654068e-02	-1.171432137769853749e-01
7.716353746271256177e-03	-1.846352575027145754e-02	-1.987645707072060314e-02	-1.146498056738968208e-01
7.749692928583962193e-03	-1.807179650116216146e-02	-1.946346620151587908e-02	-1.121786256254293651e-01
7.783032110896668208e-03	-1.765590631963973728e-02	-1.905208606103659177e-02	-1.098243844822843346e-01
7.816371293209334326e-03	-1.725419055164605087e-02	-1.867034333073184366e-02	-1.074263315150530279e-01
7.849710475522003045e-03	-1.686536061413318119e-02	-1.826250679345870279e-02	-1.048117966011968827e-01
7.883049657834708193e-03	-1.647266492735977028e-02	-1.785853600526378718e-02	-1.024147100669406812e-01
7.916388840147409872e-03	-1.608447928120023546e-02	-1.746648461024679841e-02	-1.000205228425585235e-01
7.949728022460080326e-03	-1.569693792648572950e-02	-1.706702386256284468e-02	-9.777999913968342394e-02
7.983067204772782005e-03	-1.534547689731915847e-02	-1.672587149813812082e-02	-9.549888507001792759e-02
8.016406387085452459e-03	-1.497597570524689808e-02	-1.634090730967405897e-02	-9.322260318471720097e-02
8.049745569398154138e-03	-1.459487726556789149e-02	-1.597076182629638200e-02	-9.109772980108553353e-02
8.083084751710824592e-03	-1.424857056840709083e-02	-1.559320699024551587e-02	-8.888201131337973571e-02
8.116423934023526271e-03	-1.386263994208690106e-02	-1.525108818823132754e-02	-8.664503120376490508e-02
8.149763116336196725e-03	-1.348089721062734579e-02	-1.487482193507140213e-02	-8.444445356264657088e-02
8.183102298648898404e-03	-1.313523480476451455e-02	-1.450757576326567634e-02	-8.250384754271782028e-02
8.216441480961568858e-03	-1.280729041591956163e-02	-1.418994003915237563e-02	-8.050106739063844774e-02
8.249780663274270537e-03	-1.247741315241381217e-02	-1.380755301622862800e-02	-7.834462371208247844e-02
8.283119845586940991e-03	-1.215204592956006108e-02	-1.350602458024434752e-02	-7.624230051831305810e-02
8.316459027899642670e-03	-1.183118874735742017e-02	-1.314393274037729473e-02	-7.410293056075829832e-02
8.349798210212313124e-03	-1.149905646330837312e-02	-1.283402851438986830e-02	-7.215845878321446027e-02
8.383137392525014803e-03	-1.120976956598616903e-02	-1.252219141372483240e-02	-7.028872481928839788e-02
8.416476574837685257e-03	-1.093787853995669204e-02	-1.222195156057894264e-02	-6.839901781707120876e-02
8.449815757150386936e-03	-1.064988022560393877e-02	-1.196713426027131745e-02	-6.661400818403220847e-02
8.483154939463059124e-03	-1.036993555533878564e-02	-1.166302865783513248e-02	-6.506223207679216747e-02
8.516494121775762538e-03	-1.011060821402929091e-02	-1.140466775402361119e-02	-6.353977123233110758e-02
8.549833304088432992e-03	-9.854180184573098703e-03	-1.112536737541462012e-02	-6.199701520413061773e-02
8.583172486401134671e-03	-9.613215151824909890e-03	-1.087055007492779106e-02	-6.051546686859027302e-02
8.616511668713805125e-03	-9.356142830753795200e-03	-1.063538366611975310e-02	-5.898656310562098298e-02
8.649850851026506804e-03	-9.093271885857602543e-03	-1.035769401621216938e-02	-5.730882800183186715e-02
8.683190033339177258e-03	-8.871635598952253357e-03	-1.011189679705316001e-02	-5.596129229804461258e-02
8.716529215651878937e-03	-8.618429026959433317e-03	-9.884139740728161219e-03	-5.451356926280739867e-02
8.749868397964549391e-03	-8.408712133335860192e-03	-9.644141145283186695e-03	-5.321564400412549106e-02
8.783207580277251070e-03	-8.205760300770262305e-03	-9.455363726562370646e-03	-5.195669838140827557e-02
8.816546762589921524e-03	-8.031479441359633958e-03	-9.287203636828174347e-03	-5.090940252108885899e-02
8.849885944902623203e-03	-7.853977124264865592e-03	-9.073298848326149385e-03	-4.972809402474497043e-02
8.883225127215293657e-03	-7.680662702112296680e-03	-8.901595155124644027e-03	-4.867499953960922193e-02
8.916564309527995336e-03	-7.501549656146414696e-03	-8.717005631270022259e-03	-4.761095209811104512e-02
8.949903491840665790e-03	-7.317604423672710752e-03	-8.547879104154321867e-03	-4.648891841931526714e-02
8.983242674153367469e-03	-7.186491096834528823e-03	-8.386161929661795078e-03	-4.556725940226918903e-02
9.016581856466037923e-03	-7.046357688534421806e-03	-8.198028802328435893e-03	-4.469263366576416846e-02
9.049921038778739601e-03	-6.858868852577281947e-03	-8.122324547314801330e-03	-4.360023739522122382e-02
9.083260221091410055e-03	-6.387247450683922884e-03	-7.821440401830311029e-03	-4.033529011834953437e-02
9.116599403404122143e-03	-5.025215149896797642e-03	-6.891727720641564921e-03	-3.157614687658433228e-02
9.149938585716785658e-03	-2.895831631116244521e-03	-5.055174706143219371e-03	-1.820806415640611672e-02
9.183277768029494276e-03	-1.610147874380493931e-03	-3.378405990090502763e-03	-1.077873853104797941e-02
9.216616950342157791e-03	-9.710106719381211534e-04	-2.401337878668813840e-03	-7.236423690550209536e-03
9.249956132654866409e-03	-7.113611833648862985e-04	-1.939380848515031555e-03	-5.733291544841772128e-03
9.283295314967529924e-03	-5.351474485426585591e-04	-1.722898892916015267e-03	-4.579687554666526939e-03
9.316634497280238542e-03	-3.995240804121502512e-04	-1.566336050006417180e-03	-3.684122322971735905e-03
9.349973679592902057e-03	-2.932159771187555809e-04	-1.420081871642928746e-03	-2.949629974300380444e-03
9.383312861905610675e-03	-2.281425320657767440e-04	-1.363062070814474681e-03	-2.394894963366184411e-03
9.416652044218274190e-03	-1.546932970560543604e-04	-1.268995506742692705e-03	-1.963219635328782194e-03
9.449991226530982807e-03	-1.199015541562061009e-04	-1.222928662007575574e-03	-1.649449658013498387e-03
9.483330408843646323e-03	-7.834475013240947000e-05	-1.140137199783697666e-03	-1.388833732249661421e-03
9.516669591156354940e-03	-4.387515299784623348e-05	-1.102123999230568288e-03	-1.189103356477997026e-03
9.550008773469018455e-03	-2.132494926145542889e-05	-1.085694565098920461e-03	-1.038661283100465781e-03
9.583347955781727073e-03	-1.423774237456627270e-05	-1.082473107417900558e-03	-9.094808303582883674e-04
9.616687138094390588e-03	-2.962640509041843538e-06	-1.045104198409861499e-03	-8.299108257982869578e-04
9.650026320407099206e-03	1.733254285480270124e-05	-9.964601875299084963e-04	-7.419650312782291677e-04
9.683365502719762721e-03	3.859416352042419448e-05	-9.874401060380433824e-04	-6.659386301538157719e-04
9.716704685032471339e-03	2.667477011586771589e-05	-9.945273129181829430e-04	-6.353347822391733780e-04
9.750043867345134854e-03	4.245991272967129706e-05	-9.758428584176773125e-04	-5.915229578590941581e-04
9.783383049657843472e-03	5.631218073901690495e-05	-9.690777972940076623e-04	-5.419125096627659547e-04
9.816722231970506987e-03	3.794987198360606090e-05	-9.375075120817941447e-04	-5.241944924491170367e-04
9.850061414283215605e-03	5.566788920434595245e-05	-9.265545559983827568e-04	-5.103422244469961455e-04
9.883400596595879120e-03	4.568137040594303771e-05	-9.011050403554612953e-04	-5.090536413764866226e-04
9.916739778908587738e-03	5.856720111201862327e-05	-9.529705089210974622e-04	-4.955235191378332994e-04
9.950078961221251253e-03	6.501011646645402380e-05	-9.291317221218808788e-04	-4.716847323409571291e-04
9.983418143533959871e-03	8.594959136294841025e-05	-9.104472676130148569e-04	-4.610539220128993571e-04
1.001675732584662339e-02	7.274161489009770140e-05	-9.304203051873459343e-04	-4.414030301937478269e-04
1.005009650815933200e-02	7.338590642287374632e-05	-9.117358506780157655e-04	-4.507452574512968348e-04
1.008343569047199552e-02	5.566788920278457258e-05	-9.336417628663393545e-04	-4.220742841416389129e-04
1.011677487278470414e-02	6.855371990852979496e-05	-9.468497393399638584e-04	-4.220742841416389129e-04
1.015011405509736939e-02	9.013748634223390848e-05	-9.484604681732395791e-04	-4.223964299089410872e-04
1.018345323741007627e-02	8.530529982625873430e-05	-9.607020073304793411e-04	-4.114434738137755384e-04
1.021679241972273978e-02	7.467448949305749363e-05	-9.729435464899895310e-04	-4.088663076721724327e-04
1.025013160203545014e-02	7.757380140287602416e-05	-9.855072314183034067e-04	-4.056448499966789256e-04
1.028347078434811365e-02	7.435234372745093022e-05	-9.951716044460149312e-04	-4.004905177158783964e-04
1.031680996666082747e-02	8.079525908052008693e-05	-1.008379580903870148e-03	-3.827725005005402372e-04
1.035014914897348579e-02	8.079525908117237006e-05	-1.017721808169838420e-03	-3.727859817068256295e-04
1.038348833128620134e-02	9.239250671471287873e-05	-1.010956747046235123e-03	-3.702088155659367962e-04
1.041682751359887006e-02	8.852675750390155023e-05	-9.771314414754291369e-04	-3.714973986341711209e-04
1.045016669591158041e-02	8.143955061570821064e-05	-1.006124560518115597e-03	-3.611887340761466827e-04
1.048350587822423699e-02	8.369457098890419088e-05	-1.028352618467572466e-03	-3.495914864401322686e-04
1.051684506053694734e-02	8.884890326970417806e-05	-9.990373536476052693e-04	-3.457257372321829222e-04
1.055018424284961606e-02	8.015096754298333737e-05	-9.835743568069011625e-04	-3.524907983512506763e-04
1.058352342516232468e-02	7.660736409973416131e-05	-9.922722925293243207e-04	-3.234976792703208280e-04
1.061686260747498126e-02	8.627173712998819407e-05	-9.648899022975134226e-04	-3.547458187235349916e-04
1.065020178978768987e-02	7.048659451605556912e-05	-1.016433225073515561e-03	-3.370278015065689028e-04
1.068354097210036033e-02	8.594959136321054323e-05	-9.790643160607673777e-04	-3.309070319255538566e-04
1.071688015441306895e-02	8.337242522108203322e-05	-9.829300652680202869e-04	-3.151218893129222065e-04
1.075021933672572552e-02	8.981534057291164870e-05	-9.536148004380621667e-04	-3.083568281952867376e-04
1.078355851903843414e-02	6.758728260727674781e-05	-9.542590919724179077e-04	-3.186654927570836031e-04
1.081689770135110633e-02	8.433886252507204033e-05	-9.964601874995096358e-04	-3.009474755403151102e-04
1.085023688366381321e-02	1.094662323996141592e-04	-1.001936665541745125e-03	-2.993367467022420660e-04
1.088357606597646979e-02	9.078177787690114081e-05	-1.011601038570670089e-03	-3.099675570342038332e-04
1.091691524828917667e-02	8.305027945241162288e-05	-9.971044790527967393e-04	-3.080346824272038836e-04
1.095025443060185580e-02	9.303679825068455534e-05	-9.681113599767361515e-04	-3.038467874492189807e-04
1.098359361291455748e-02	8.627173713077201803e-05	-9.768092957003829402e-04	-2.899945194428079557e-04
1.101693279522721926e-02	1.017347339776663770e-04	-1.010956747046482104e-03	-2.928938313521690343e-04
1.105027197753992094e-02	9.078177787905260449e-05	-1.014500350493618931e-03	-2.935381228846899258e-04
1.108361115985260180e-02	9.368108978535311581e-05	-9.619905904022611753e-04	-2.890280821400544541e-04
1.111695034216530174e-02	9.496967285605837793e-05	-9.600577157949404103e-04	-2.919273940478530347e-04
1.115028952447795832e-02	1.065669204921412323e-04	-9.668227769132903141e-04	-2.861287702304984902e-04
1.118362870679066173e-02	1.052783374209144418e-04	-9.503933427729997687e-04	-2.967595805601176218e-04
1.121696788910334260e-02	9.142606941313583132e-05	-9.526483631399712765e-04	-2.916052482815287565e-04
1.125030707141604601e-02	1.039897543516430506e-04	-9.751985668605788046e-04	-2.896723736760250601e-04
1.128364625372870259e-02	9.110392364374740809e-05	-9.613462988539177084e-04	-2.980481636332291216e-04
1.131698543604140600e-02	1.020568797458165059e-04	-9.375075120768274145e-04	-2.870952075355925675e-04
1.135032461835408686e-02	1.049561916541992003e-04	-9.465275935522836706e-04	-3.041689332174975333e-04
1.138366380066679028e-02	9.045963210862350981e-05	-9.207559321688346243e-04	-2.957931432602284197e-04
1.141700298297944685e-02	8.852675750331614882e-05	-9.078701014813372969e-04	-2.864509159992960504e-04
1.145034216529214853e-02	1.004461509047438537e-04	-9.191452033361516370e-04	-2.777529802755718496e-04
1.148368134760483286e-02	9.142606941280799569e-05	-9.156015998991403910e-04	-2.912831025137721931e-04
1.151702052991753454e-02	9.368108978691633206e-05	-9.098029760794967705e-04	-2.809744379513251316e-04
1.155035971223019112e-02	9.947971360368653218e-05	-8.882192096707506928e-04	-2.887059363730120004e-04
1.158369889454289800e-02	1.004461509064381907e-04	-9.011050403557258406e-04	-2.639007122684417818e-04
1.161703807685558060e-02	8.820461173314513492e-05	-8.740447958843960757e-04	-2.709879191552662077e-04
1.165037725916828228e-02	1.204191885023342119e-04	-8.936956876955639206e-04	-2.822630210207273589e-04
1.168371644148094059e-02	9.335894401942081741e-05	-9.065815184007825324e-04	-2.835516040924073323e-04
1.171705562379363880e-02	1.165534392885237498e-04	-8.679240263059688574e-04	-2.845180413944428752e-04
1.175039480610632833e-02	9.207036094956266956e-05	-8.582596532722344814e-04	-2.845180413935335007e-04
1.178373398841902654e-02	9.271465248273173777e-05	-8.569710702109298349e-04	-3.006253297721656319e-04
1.181707317073168312e-02	1.007682966762160864e-04	-8.753333789583380743e-04	-2.761422514386714243e-04
1.185041235304438306e-02	1.084997950982958701e-04	-8.589039448183066533e-04	-2.751758141350077892e-04
1.188375153535707260e-02	1.059226289575398652e-04	-8.669575889939336094e-04	-2.941824144218323374e-04
1.191709071766977081e-02	1.020568797472481813e-04	-8.618032567177523777e-04	-2.854844786986264395e-04
1.195042989998242912e-02	1.162312935218729777e-04	-8.569710702118392637e-04	-2.725986479940542290e-04
1.198376908229512559e-02	9.239250671503865437e-05	-8.791991281675892765e-04	-2.783972718111519260e-04
1.201710826460781860e-02	1.039897543510584353e-04	-8.972392911440084037e-04	-2.668000241775436276e-04
1.205044744692051507e-02	9.142606941391773082e-05	-9.249438271430025392e-04	-2.841958956266204465e-04
1.208378662923317338e-02	8.659388289833431953e-05	-8.746890874226468130e-04	-2.722765022257756765e-04
1.211712581154586986e-02	1.088219408658588222e-04	-8.772662535628660430e-04	-2.761422514379544414e-04
1.215046499385856286e-02	1.030233170490248845e-04	-8.904742300369478634e-04	-2.671221699446504286e-04
1.218380417617125934e-02	9.819113053239628879e-05	-8.853198977574476720e-04	-2.758201056701327174e-04
1.221714335848391765e-02	1.023790255112917182e-04	-9.020714776619799058e-04	-2.619678376657363027e-04
1.225048254079661413e-02	1.023790255132471175e-04	-9.239773898486815283e-04	-2.581020884528425607e-04
1.228382172310930887e-02	9.464752708908126099e-05	-9.214002237140878982e-04	-2.658335868753122777e-04
1.231716090542200708e-02	1.046340458861166580e-04	-9.146351625908659150e-04	-2.774308345060564934e-04
1.235050008773466192e-02	9.174821518056558911e-05	-9.014271861215450432e-04	-2.581020884539492058e-04
1.238383927004735839e-02	8.788246596890797306e-05	-9.449168647356820036e-04	-2.887059363703448089e-04
1.241717845236005660e-02	1.036676085831697076e-04	-9.545812377512645584e-04	-2.713100649248471581e-04
1.245051763467275134e-02	1.117212527741773454e-04	-9.590912784990814587e-04	-2.519813188686386048e-04
1.248385681698540618e-02	8.208384215220137494e-05	-9.349303459343247464e-04	-2.800080006485727684e-04
1.251719599929810092e-02	9.690254746351762273e-05	-9.230109525368171506e-04	-2.713100649262772750e-04
1.255053518161080087e-02	1.297614157646354135e-04	-9.587691327214157211e-04	-2.725986479944456260e-04
1.258387436392349561e-02	1.017347339779252168e-04	-9.491047596999278423e-04	-2.651892953396026392e-04
1.261721354623615045e-02	1.081776493287777899e-04	-9.529705089198679769e-04	-2.783972718082221949e-04
1.265055272854884519e-02	1.091440866330300520e-04	-9.658563396184724134e-04	-2.539141934751192758e-04
1.268389191086154513e-02	9.593611016057056390e-05	-9.590912784987612938e-04	-2.832294583225676912e-04
1.271723109317423987e-02	8.756032020330044741e-05	-9.687556515189988705e-04	-2.655114411085305747e-04
1.275057027548689298e-02	1.001240051402453449e-04	-9.333196170856593180e-04	-2.600349630583446850e-04
1.278390945779958945e-02	1.207413342695680544e-04	-9.320310340278113248e-04	-2.880616448373697451e-04
1.281724864011228940e-02	9.432538132406291791e-05	-9.349303459290666911e-04	-2.742093768320618416e-04
1.285058782242498587e-02	1.078555035614767405e-04	-9.507154885380014828e-04	-2.648671495728869641e-04
1.288392700473764245e-02	9.432538132047687857e-05	-9.474940308586011616e-04	-2.555249223105229600e-04
1.291726618705038403e-02	1.027011712804826675e-04	-9.600577157940557013e-04	-2.677664614815977923e-04
1.295060536936307877e-02	1.043119001193359172e-04	-9.677892142135959041e-04	-2.632564207372228003e-04
1.298394455167573187e-02	8.691602866752487586e-05	-9.597355700202033196e-04	-2.703436276220943612e-04
1.301728373398842488e-02	1.036676085835611046e-04	-9.693999430332339877e-04	-2.632564207358544287e-04
1.305062291630112829e-02	1.204191885022678045e-04	-9.468497393061075856e-04	-2.754979599026348988e-04
1.308396209861382303e-02	1.246070834792076720e-04	-9.217223694544040636e-04	-2.674443157140350843e-04
1.311730128092647614e-02	1.062447747235353726e-04	-9.565141123377945542e-04	-2.696993360857991451e-04
1.315064046323916915e-02	9.561396439313736377e-05	-9.861515229440142617e-04	-2.716322106897429999e-04
1.318397964555187603e-02	1.043119001188135757e-04	-9.471718850876576943e-04	-2.742093768331664810e-04
1.321731882786456730e-02	1.043119001192047965e-04	-9.671449226640742346e-04	-2.545584850111553676e-04
1.325065801017722041e-02	8.176169638320590724e-05	-9.384739493604536383e-04	-2.787194175779328701e-04
1.328399719248991341e-02	9.690254746384098603e-05	-8.724340670465326620e-04	-2.790415633464052780e-04
1.331733637480262029e-02	1.046340458848774827e-04	-8.956285623063432906e-04	-2.809744379504125586e-04
1.335067555711531156e-02	1.065669204931196299e-04	-9.220445152431388548e-04	-2.684107530154843449e-04
1.338401473942796467e-02	1.036676085843409170e-04	-8.737226501297587922e-04	-2.838737498569115060e-04
1.341735392174065594e-02	1.265399580869262038e-04	-8.869306265959719070e-04	-2.687328987845433062e-04
1.345069310405336456e-02	1.200970427341191529e-04	-9.127022879944436586e-04	-2.613235461299618831e-04
1.348403228636605583e-02	1.001240051386808954e-04	-9.197894948687524884e-04	-2.423169458403393614e-04
1.351737146867870894e-02	1.052783374240429478e-04	-9.284874305910646242e-04	-2.719543564588648450e-04
1.355071065099140194e-02	9.045963210959973900e-05	-9.075479557114019208e-04	-2.693771903184322982e-04
1.358404983330411056e-02	9.207036094473965040e-05	-9.043264980371981806e-04	-2.738872310644341356e-04
1.361738901561680357e-02	9.496967285664456538e-05	-9.300981594312210171e-04	-2.597128172896128817e-04
1.365072819792945320e-02	1.014125882091905539e-04	-9.104472676050036871e-04	-2.610014003607080365e-04
1.368406738024214621e-02	1.107548154729263989e-04	-8.924071046400639841e-04	-2.680886072472060092e-04
1.371740656255485483e-02	9.335894401954989168e-05	-9.236552440758025433e-04	-2.684107530158764466e-04
1.375074574486754783e-02	1.094662324007881062e-04	-8.959507080703210842e-04	-2.610014003623998798e-04
1.378408492718019747e-02	9.980185937222876271e-05	-9.175344744906830871e-04	-2.703436276228105852e-04
1.381742410949288874e-02	9.078177788048449675e-05	-9.136687252790227877e-04	-2.735650852958298887e-04
1.385076329180559909e-02	9.947971360271038431e-05	-9.043264980210627586e-04	-2.600349630589970495e-04
1.388410247411829210e-02	1.027011712802217272e-04	-9.362189290024147638e-04	-2.600349630583456608e-04
1.391744165643094173e-02	9.239250671732037140e-05	-9.326753255590344805e-04	-2.519813188690295139e-04
1.395078083874363301e-02	9.432538132229947663e-05	-9.065815184068830128e-04	-2.696993360870999167e-04
1.398412002105634509e-02	1.001240051414851166e-04	-9.204337864010957333e-04	-2.645450038036973564e-04
1.401745920336903636e-02	1.046340458843559814e-04	-9.098029760709619310e-04	-2.706657733893328387e-04
1.405079838568168600e-02	9.625825592676248807e-05	-8.982057284420924635e-04	-2.696993360872310510e-04
1.408413756799437727e-02	1.104326697066695040e-04	-8.891856469598102873e-04	-2.700214818543375268e-04
1.411747675030708936e-02	1.039897543506015525e-04	-8.869306265891421922e-04	-2.616456918961574665e-04
1.415081593261978063e-02	9.432538132210629891e-05	-9.098029760671074839e-04	-2.680886072473367640e-04
1.418415511493243027e-02	9.174821518043731444e-05	-9.317088882634139450e-04	-2.545584850107638622e-04
1.421749429724511980e-02	9.980185937170624503e-05	-8.994943115074084412e-04	-2.677664614804913098e-04
1.425083347955783362e-02	1.262178123191680411e-04	-9.078701014587660508e-04	-2.680886072491596873e-04
1.428417266187052663e-02	1.001240051394649769e-04	-9.265545559724956953e-04	-2.735650852955706018e-04
1.431751184418317800e-02	9.529181862616229327e-05	-9.433061358838667511e-04	-2.713100649249779129e-04
1.435085102649586580e-02	1.062447747260775150e-04	-9.268767017358505063e-04	-2.680886072486397581e-04
1.438419020880858309e-02	1.130098358436450043e-04	-9.387960951396007213e-04	-2.519813188691588592e-04
1.441752939112127090e-02	1.171977308229958664e-04	-9.468497393283426206e-04	-2.648671495717808610e-04
1.445086857343392227e-02	8.852675750487845705e-05	-9.436282816686818262e-04	-2.613235461302214954e-04
1.448420775574661007e-02	9.980185937151034325e-05	-9.436282816629546367e-04	-2.619678376640450558e-04
1.451754693805932910e-02	8.852675750298876042e-05	-9.081922472410564528e-04	-2.571356511490494176e-04
1.455088612037201516e-02	1.088219408659902546e-04	-9.326753255726604082e-04	-2.548806307771546561e-04
1.458422530268466653e-02	1.120433985435001338e-04	-9.520040716245067825e-04	-2.503705900306316969e-04
1.461756448499735260e-02	9.722469322918725961e-05	-9.574805496653511321e-04	-2.561692138473378884e-04
1.465090366731007336e-02	9.658040169406527224e-05	-9.690777972887833257e-04	-2.581020884545996187e-04
1.468424284962275943e-02	8.337242522173519727e-05	-9.465275935554119191e-04	-2.461826950530394379e-04
1.471758203193541080e-02	1.104326697039292372e-04	-9.739099837778343854e-04	-2.532699019403190661e-04
1.475092121424809687e-02	9.303679825185782472e-05	-9.397625324408211611e-04	-2.639007122691591984e-04
1.478426039656081763e-02	1.010904424421512173e-04	-9.088365387563492092e-04	-2.590685257564397342e-04
1.481759957887350369e-02	1.027011712808074810e-04	-8.949842707414928456e-04	-2.877394990700020850e-04
1.485093876118615507e-02	1.039897543520333498e-04	-9.552255292593447682e-04	-2.613235461295060845e-04
1.488427794349884113e-02	9.561396439040108144e-05	-9.597355700023610381e-04	-2.732429395289180814e-04
1.491761712581156189e-02	9.368108978574462122e-05	-9.394403866530741864e-04	-2.577799426848893230e-04
1.495095630812424796e-02	9.851327629956673252e-05	-9.088365387552384440e-04	-2.825851667891359073e-04
1.498429549043689933e-02	1.101105239370848944e-04	-9.462054477844826549e-04	-2.671221699452352473e-04
1.501763467274958540e-02	7.982882177691994537e-05	-9.455611562411768249e-04	-2.661557326427454236e-04
1.505097385506230789e-02	9.207036094897518106e-05	-9.310645967159282988e-04	-2.523034646369828058e-04
1.508431303737499223e-02	9.368108978443945864e-05	-9.433061358754832662e-04	-2.516591731026389367e-04
1.511765221968764360e-02	9.915756783540848106e-05	-9.629570276944632214e-04	-2.639007122689635541e-04
1.515099140200033834e-02	1.175198765934908128e-04	-9.384739493756185909e-04	-2.574577969194751241e-04
1.518433058431305216e-02	1.165534392900870880e-04	-9.397625324549524354e-04	-2.648671495706073206e-04
1.521766976662574690e-02	1.091440866357670119e-04	-9.494269054830439727e-04	-2.639007122706548011e-04
1.525100894893838786e-02	1.175198765934271973e-04	-9.491047597117266725e-04	-2.584242342186466928e-04
1.528434813125108260e-02	1.007682966740658018e-04	-9.668227769237412641e-04	-2.584242342193642178e-04
1.531768731356379643e-02	1.062447747243844655e-04	-9.758428584070130999e-04	-2.725986479927528070e-04
1.535102649587649117e-02	9.335894401948581533e-05	-9.822857737508494756e-04	-2.639007122688994777e-04
1.538436567818913213e-02	1.036676085835593292e-04	-1.025131160806964621e-03	-2.738872310642383287e-04
1.541770486050182340e-02	8.981534057727931649e-05	-9.974266248063570848e-04	-2.838737498603595942e-04
1.545104404281455283e-02	1.136541273812455321e-04	-1.009990309722094215e-03	-2.680886072474027919e-04
1.548438322512723543e-02	1.104326697052976087e-04	-1.017399662377135774e-03	-2.577799426858009202e-04
1.551772240743988507e-02	9.947971360420736935e-05	-1.009023872421878397e-03	-2.564913596156813847e-04
1.555106158975256767e-02	1.091440866361567690e-04	-9.971044790363357314e-04	-2.764643972048669534e-04
1.558440077206529710e-02	1.017347339787745672e-04	-9.851850856449622263e-04	-2.751758141353984814e-04
1.561773995437797970e-02	9.303679825048798949e-05	-9.484604681670643972e-04	-2.539141934751831353e-04
1.565107913669063280e-02	9.851327630093782814e-05	-1.000648082496812365e-03	-2.529477561704150234e-04
1.568441831900332234e-02	1.139762731486137343e-04	-9.739099837939023700e-04	-2.606792545955530704e-04
1.571775750131602922e-02	9.207036094871375281e-05	-9.578026954217351736e-04	-2.819408752540115211e-04
1.575109668362871876e-02	9.013748634236506984e-05	-9.458833020425233811e-04	-2.725986479928841581e-04
1.578443586594137707e-02	9.625825592558947619e-05	-9.023936234372683133e-04	-2.613235461268381341e-04
1.581777504825406661e-02	9.239250671640736475e-05	-9.284874305952742560e-04	-2.777529802745300940e-04
1.585111423056677349e-02	1.252513750164156237e-04	-9.342860544090495238e-04	-2.516591731019233633e-04
1.588445341287946302e-02	1.046340458867677349e-04	-9.661784853810227464e-04	-2.648671495715841325e-04
1.591779259519212134e-02	8.884890327048575230e-05	-9.616684446311818575e-04	-2.642228580369805429e-04
1.595113177750481087e-02	8.917104903896042349e-05	-9.288095763562735294e-04	-2.542363392417047925e-04
1.598447095981752816e-02	1.088219408651407957e-04	-9.191452033285140832e-04	-2.751758141327304225e-04
1.601781014213020729e-02	1.059226289562345671e-04	-9.375075120742197999e-04	-2.661557326434609971e-04
1.605114932444286560e-02	1.078555035627788673e-04	-9.062593726371749939e-04	-2.693771903191481427e-04
1.608448850675555514e-02	9.851327629826245086e-05	-9.162458914300418639e-04	-2.651892953397315508e-04
1.611782768906827243e-02	1.046340458866352861e-04	-9.336417628577202725e-04	-2.703436276213139525e-04
1.615116687138095156e-02	9.947971360388263725e-05	-9.497490512336118117e-04	-2.639007122676609936e-04
1.618450605369360987e-02	8.788246596929939715e-05	-9.181787660262023939e-04	-2.690550445499591855e-04
1.621784523600629940e-02	8.143955061518643834e-05	-9.313867424913860587e-04	-2.645450038048030800e-04
1.625118441831901669e-02	1.068890662610714039e-04	-9.368632205346338676e-04	-2.742093768319950548e-04
1.628452360063169582e-02	6.855371990976825199e-05	-9.410511155075629731e-04	-2.600349630591264490e-04
1.631786278294435413e-02	8.369457099059882598e-05	-9.529705089042693434e-04	-2.671221699444560312e-04
1.635120196525704367e-02	1.104326697022990172e-04	-9.887286890799275828e-04	-2.687328987829171656e-04
1.638454114756976096e-02	1.030233170475232510e-04	-9.452390104890427474e-04	-2.716322106914978354e-04
1.641788032988244009e-02	1.056004831896505141e-04	-9.333196170968313709e-04	-2.529477561715849860e-04
1.645121951219509840e-02	1.046340458874210481e-04	-9.420175528291184919e-04	-2.700214818547928917e-04
1.648455869450778100e-02	1.052783374220867354e-04	-8.901520842710253364e-04	-2.545584850093980927e-04
1.651789787682050523e-02	8.272813368471845818e-05	-8.721119212822133447e-04	-2.613235461285303026e-04
1.655123705913318435e-02	9.786898476476771542e-05	-8.853198977427049077e-04	-2.639007122692882184e-04
1.658457624144584266e-02	1.068890662615290998e-04	-9.262324102195351305e-04	-2.561692138478590644e-04
1.661791542375853220e-02	8.594959136216495221e-05	-9.317088882702430092e-04	-2.716322106907171556e-04
1.665125460607124949e-02	1.081776493305369350e-04	-8.769441077987569525e-04	-2.648671495710651250e-04
1.668459378838393209e-02	1.039897543504042819e-04	-8.982057284577301282e-04	-2.729207937609658737e-04
1.671793297069659387e-02	1.130098358442963930e-04	-8.988500199889450440e-04	-2.664778784112817453e-04
1.675127215300927647e-02	1.091440866338767190e-04	-8.953064165447394661e-04	-2.587463799871865381e-04
1.678461133532200417e-02	1.155870019885096340e-04	-8.820984400719557609e-04	-2.568135053841554731e-04
1.681795051763467982e-02	9.786898476574592328e-05	-8.956285623010257126e-04	-2.668000241779987214e-04
1.685128969994733814e-02	9.593611016239350078e-05	-9.561919665781047802e-04	-2.674443157126685016e-04
1.688462888226002073e-02	1.155870019858372383e-04	-8.930513961719967501e-04	-2.696993360860587031e-04
1.691796806457274843e-02	8.433886252520181933e-05	-9.011050403557204196e-04	-2.497262984972653446e-04
1.695130724688542409e-02	8.852675750409638136e-05	-9.259102644459510888e-04	-2.658335868745314895e-04
1.698464642919808240e-02	1.065669204905099281e-04	-9.268767017351407875e-04	-2.568135053814881732e-04
1.701798561151076500e-02	1.052783374230008669e-04	-9.201116406232219373e-04	-2.671221699446509165e-04
1.705132479382349270e-02	1.020568797462708543e-04	-9.094808302959876169e-04	-2.564913596159410511e-04
1.708466397613616836e-02	1.152648562192536461e-04	-9.101251218381304232e-04	-2.513370273356623484e-04
1.711800315844882667e-02	1.043119001203805731e-04	-9.442725731870730155e-04	-2.709879191573493396e-04
1.715134234076150926e-02	1.075333577949578480e-04	-9.758428583979218479e-04	-2.616456918973291638e-04
1.718468152307423696e-02	1.030233170478501650e-04	-9.719771091860025325e-04	-2.703436276195577076e-04
1.721802070538691262e-02	9.013748634360328293e-05	-9.413732612750662669e-04	-2.645450038057148398e-04
1.725135988769957093e-02	1.255735207836530440e-04	-9.197894948642501220e-04	-2.684107530139232564e-04
1.728469907001225353e-02	1.336271649782474395e-04	-9.320310340302223736e-04	-2.655114411066439545e-04
1.731803825232498123e-02	1.030233170486316986e-04	-9.587691327255439292e-04	-2.687328987835671448e-04
1.735137743463765689e-02	9.786898476535645076e-05	-9.913058552455671253e-04	-2.780751260432645536e-04
1.738471661695031520e-02	1.014125882093846261e-04	-9.716549634252387478e-04	-2.751758141342919989e-04
1.741805579926299780e-02	1.068890662621148130e-04	-9.713328176575611143e-04	-2.558470680795156224e-04
1.745139498157572550e-02	1.165534392898258089e-04	-9.571584038769286994e-04	-2.645450038050625296e-04
1.748473416388840115e-02	1.001240051404417617e-04	-9.043264980235846129e-04	-2.661557326431994333e-04
1.751807334620105946e-02	1.139762731477010258e-04	-9.616684446212531677e-04	-2.729207937623326190e-04
1.755141252851373512e-02	1.059226289561676583e-04	-9.478161766205521477e-04	-2.603571088256466425e-04
1.758475171082646976e-02	1.133319816145313342e-04	-9.574805496569308927e-04	-2.713100649240657736e-04
1.761809089313914542e-02	1.043119001180335735e-04	-9.616684446325200883e-04	-2.506927357980631081e-04
1.765143007545180373e-02	1.081776493306680151e-04	-8.849977519768460234e-04	-2.587463799884868760e-04
1.768476925776455572e-02	9.400323555265407039e-05	-9.107694133773453415e-04	-2.655114411061883185e-04
1.771810844007722444e-02	1.091440866343969598e-04	-8.975614369107154595e-04	-2.661557326420280071e-04
1.775144762238989316e-02	8.820461173744703230e-05	-8.895077927338674749e-04	-2.690550445523013333e-04
1.778478680470256187e-02	9.915756783645038579e-05	-8.911185215523962028e-04	-2.584242342187133171e-04
1.781812598701523059e-02	1.027011712808745389e-04	-8.907963757968925334e-04	-2.709879191570895105e-04
1.785146516932798258e-02	9.722469322977514113e-05	-8.737226501196783141e-04	-2.774308345075530177e-04
1.788480435164064089e-02	9.496967285775145449e-05	-9.078701014649843840e-04	-2.587463799869901891e-04
1.791814353395331655e-02	9.754683899864129062e-05	-8.801655654674292017e-04	-2.658335868762236581e-04
1.795148271626605119e-02	9.754683899661953817e-05	-8.875749181237674659e-04	-2.561692138489006032e-04
1.798482189857872685e-02	1.030233170486957614e-04	-8.991721657487372751e-04	-2.771086887411618985e-04
1.801816108089138516e-02	1.014125882105601858e-04	-9.346082001601127348e-04	-2.732429395289187319e-04
1.805150026320406081e-02	8.369457098851385099e-05	-9.449168647325533214e-04	-2.542363392437886832e-04
1.808483944551679545e-02	1.078555035643464339e-04	-9.110915591531384451e-04	-2.539141934750540610e-04
1.811817862782947111e-02	1.155870019857075000e-04	-9.458833020357633806e-04	-2.674443157122765626e-04
1.815151781014212942e-02	1.123655443092368286e-04	-9.394403866875746922e-04	-2.703436276215101389e-04
1.818485699245480508e-02	1.049561916544593953e-04	-9.007828945891971362e-04	-2.597128172909147375e-04
1.821819617476753972e-02	1.101105239345428739e-04	-9.320310340298169904e-04	-2.738872310650848196e-04
1.825153535708021538e-02	9.561396439072813102e-05	-9.497490512415792882e-04	-2.622899834288100885e-04
1.828487453939287369e-02	1.094662324018300922e-04	-9.255881186850751976e-04	-2.819408752549869778e-04
1.831821372170554935e-02	1.104326697041902724e-04	-9.027157691990724984e-04	-2.719543564561973281e-04
1.835155290401828398e-02	9.271465248423089122e-05	-9.091586845328219991e-04	-2.632564207336438489e-04
1.838489208633095964e-02	1.204191885002480307e-04	-8.998164572800648395e-04	-2.722765022263631514e-04
1.841823126864361795e-02	1.194527511990610251e-04	-8.969171453620592002e-04	-2.545584850111552591e-04
1.845157045095629361e-02	9.271465248351377279e-05	-8.933735419376232900e-04	-2.645450038059742894e-04
1.848490963326902825e-02	1.030233170468705884e-04	-9.284874305889813297e-04	-2.758201056714982159e-04
1.851824881558170391e-02	1.043119001186199236e-04	-9.101251218411287843e-04	-2.722765022258428428e-04
1.855158799789436222e-02	9.593611015984963722e-05	-9.246216813821514762e-04	-2.584242342207306378e-04
1.858492718020703788e-02	1.036676085844079613e-04	-9.320310340390539593e-04	-2.548806307770249313e-04
1.861826636251977252e-02	1.252513750171986616e-04	-9.017493318927403707e-04	-2.677664614800998586e-04
1.865160554483244817e-02	1.023790255139641004e-04	-9.120579964603570166e-04	-2.651892953410343282e-04
1.868494472714510649e-02	1.165534392889146454e-04	-8.598703821238571797e-04	-2.468269865860156401e-04
1.871828390945778214e-02	9.947971360544651757e-05	-8.756555247342803642e-04	-2.674443157140355722e-04
1.875162309177051678e-02	8.949319480632670124e-05	-9.081922472455407130e-04	-2.742093768309546544e-04
1.878496227408319244e-02	1.081776493317115732e-04	-9.049707895686684260e-04	-2.661557326433958365e-04
1.881830145639585075e-02	1.007682966775208018e-04	-9.046486437838546519e-04	-2.558470680804266774e-04
1.885164063870852641e-02	1.139762731467220319e-04	-9.046486437859005414e-04	-2.632564207343594223e-04
1.888497982102126105e-02	9.690254746279998931e-05	-9.362189289973011242e-04	-2.452162577502236488e-04
1.891831900333393671e-02	1.049561916545921288e-04	-9.027157691880903978e-04	-2.668000241769584295e-04
1.895165818564659502e-02	1.120433985436302923e-04	-9.217223694617857456e-04	-2.777529802750514326e-04
1.898499736795927068e-02	1.004461509055911848e-04	-9.046486437745087207e-04	-2.700214818540772640e-04
