# Time (s)	Generation (V)	PC (V)	PL (V)
1.500263204070890169e-05	9.786898476607393510e-05	3.335756169746583160e-03	-2.597128172905232863e-04
4.834181435339528833e-05	1.033454628149543776e-04	-3.592558471062106459e-04	-2.613235461305476776e-04
8.168099666608183592e-05	9.110392364576624675e-05	-8.469845506751915972e-04	-2.600349630574348226e-04
1.150201789787680921e-04	8.723817443469554999e-05	-8.843534604102123910e-04	-2.587463799897892196e-04
1.483593612914544161e-04	1.126876900757573473e-04	-9.114137049216748752e-04	-2.639007122688972009e-04
1.816985436041414854e-04	9.303679825198890477e-05	-9.146351625935977793e-04	-2.561692138481845419e-04
2.150377259168277959e-04	1.113991070062886449e-04	-8.988500199844130789e-04	-2.590685257563753326e-04
2.483769082295139165e-04	1.168755850579113057e-04	-9.317088882677661494e-04	-2.713100649230256443e-04
2.817160905422001998e-04	1.001240051403106139e-04	-9.465275935646201566e-04	-2.571356511513918906e-04
3.150552728548863747e-04	9.980185937040207179e-05	-8.991721657600279397e-04	-2.645450038045420583e-04
3.483944551675727122e-04	1.046340458868970938e-04	-8.956285623137820017e-04	-2.587463799889433251e-04
3.817336374802589413e-04	1.117212527766574037e-04	-9.181787660266316296e-04	-2.600349630571758609e-04
4.150728197929463088e-04	1.091440866357698173e-04	-8.962728538340395366e-04	-2.696993360870362198e-04
4.484120021056323211e-04	9.271465248318852569e-05	-9.133465795251685150e-04	-2.648671495722361175e-04
4.817511844183182249e-04	1.004461509069604644e-04	-8.920849588656659234e-04	-2.655114411093126097e-04
5.150903667310046709e-04	1.052783374237180260e-04	-8.682461720715646059e-04	-2.619678376632635628e-04
5.484295490436907373e-04	1.117212527748300623e-04	-8.856420435059784036e-04	-2.561692138470130615e-04
5.817687313563794059e-04	1.010904424420202050e-04	-8.769441077890735093e-04	-2.700214818536228207e-04
6.151079136690657976e-04	9.561396439098598140e-05	-9.288095763462829316e-04	-2.416726543054748314e-04
6.484470959817520809e-04	1.030233170470020072e-04	-9.133465795005108303e-04	-2.706657733883544546e-04
6.817862782944378221e-04	8.530529982665112062e-05	-9.172123287174914182e-04	-2.700214818527114403e-04
7.151254606071238886e-04	1.162312935236346707e-04	-8.940178334664336621e-04	-2.729207937625269080e-04
7.484646429198103888e-04	1.123655443109333068e-04	-8.785548366226199552e-04	-2.703436276207290254e-04
7.818038252324961300e-04	9.303679825101058849e-05	-8.988500199826090749e-04	-2.658335868750515271e-04
8.151430075451824133e-04	9.915756783345171298e-05	-8.962728538385826690e-04	-2.587463799892696158e-04
8.484821898578681545e-04	1.072112120294171905e-04	-8.560046328992189802e-04	-2.581020884523223063e-04
8.818213721705542209e-04	1.056004831887389034e-04	-8.795212739205720675e-04	-2.709879191550070292e-04
9.151605544832444074e-04	1.097883781677641796e-04	-8.930513961588961184e-04	-2.719543564587360417e-04
9.484997367959307991e-04	1.007682966751084113e-04	-8.814541485323648413e-04	-2.600349630593225812e-04
9.818389191086165403e-04	9.110392364407356321e-05	-9.007828945832273022e-04	-2.642228580391936163e-04
1.015178101421302607e-03	1.133319816123814697e-04	-9.581248411905361490e-04	-2.426390916093332977e-04
1.048517283733989107e-03	1.117212527755484004e-04	-9.455611562634294240e-04	-2.577799426853446337e-04
1.081856466046675824e-03	7.854023870751782651e-05	-9.462054478065358692e-04	-2.503705900308926102e-04
1.115195648359362541e-03	1.133319816147951612e-04	-9.317088882707788219e-04	-2.622899834314119027e-04
1.148534830672048607e-03	9.496967285644775558e-05	-9.429839901242176347e-04	-2.703436276220960960e-04
1.181874012984734674e-03	1.065669204914246830e-04	-9.162458914330331777e-04	-2.780751260433300394e-04
1.215213195297422692e-03	1.104326697056247125e-04	-8.962728538446255782e-04	-2.639007122706540963e-04
1.248552377610108758e-03	1.165534392891747590e-04	-8.878970639015767519e-04	-2.825851667879636137e-04
1.281891559922794608e-03	1.223520631077058525e-04	-9.004607488342271111e-04	-2.825851667906971584e-04
1.315230742235480241e-03	1.052783374205238173e-04	-8.982057284523516181e-04	-2.928938313511270618e-04
1.348569924548166741e-03	8.498315405811112625e-05	-8.994943115190262095e-04	-2.935381228876831911e-04
1.381909106860852374e-03	9.980185937105383993e-05	-9.339639086367587184e-04	-2.880616448371073140e-04
1.415248289173538223e-03	8.949319480749923878e-05	-9.307424509643086753e-04	-3.350949269017181129e-04
1.448587471486224290e-03	9.368108978502586294e-05	-9.081922472506091413e-04	-3.611887340728288614e-04
1.481926653798910139e-03	7.950667600968520845e-05	-9.468497393430017929e-04	-4.040341211598441487e-04
1.515265836111600543e-03	5.470145189924980163e-05	-9.497490512375674149e-04	-4.839262715082585042e-04
1.548605018424287260e-03	6.243295032445811171e-05	-9.468497393293182941e-04	-5.892679374860943778e-04
1.581944200736973543e-03	2.248687513579771267e-05	-9.568362581162917664e-04	-7.252134513681781280e-04
1.615283383049659826e-03	-4.895515112851095048e-06	-9.645677565312711643e-04	-9.007828946369024654e-04
1.648622565362346326e-03	-2.905644768640091482e-05	-9.922722925366845356e-04	-1.120486308021530122e-03
1.681961747675032610e-03	-6.255960752029765418e-05	-1.051224967977532239e-03	-1.356941301278921912e-03
1.715300929987719110e-03	-9.316345544307080547e-05	-1.122741328342069045e-03	-1.628188037371776061e-03
1.748640112300405176e-03	-1.501832563088800667e-04	-1.137237887873615702e-03	-1.932293641675804580e-03
1.781979294613091677e-03	-1.904514772575452073e-04	-1.213908580509233219e-03	-2.279566778726982434e-03
1.815318476925777960e-03	-2.419948000743395579e-04	-1.285424940875716602e-03	-2.637148580248202100e-03
1.848657659238465327e-03	-2.880616448355462797e-04	-1.327948182156051329e-03	-3.000851151260853795e-03
1.881996841551151394e-03	-3.521686525821263376e-04	-1.385290128738349801e-03	-3.372607366367784323e-03
1.915336023863837894e-03	-3.917925819902674670e-04	-1.475813089375519653e-03	-3.760470869735647783e-03
1.948675206176523960e-03	-4.307722198626974400e-04	-1.553450219294720026e-03	-4.140280728839530917e-03
1.982014388489209810e-03	-5.232280551440254531e-04	-1.599839209800034369e-03	-4.500117550315143808e-03
2.015353570801895877e-03	-5.602748184096532349e-04	-1.688751441566035960e-03	-4.877994534646223207e-03
2.048692753114581943e-03	-6.172946192558221874e-04	-1.719355289456703283e-03	-5.228811274494098334e-03
2.082031935427268009e-03	-6.694822335932985652e-04	-1.761556384975047559e-03	-5.560621414043251040e-03
2.115371117739955377e-03	-7.390657193707540588e-04	-1.799569585514638938e-03	-5.959437872942420326e-03
2.148710300052642744e-03	-7.886761675612381957e-04	-1.870763800082284392e-03	-6.287704408915966055e-03
2.182049482365330546e-03	-8.408637818913743079e-04	-1.940347285810100882e-03	-6.621769568613968850e-03
2.215388664678016612e-03	-8.785548366829692502e-04	-1.969018259095643274e-03	-6.965499101230811924e-03
2.248727846990702679e-03	-9.510376343567326788e-04	-2.040856765178786832e-03	-7.281524097883716913e-03
2.282067029303388745e-03	-9.948494587304474151e-04	-2.094977254075946083e-03	-7.665521851123220307e-03
2.315406211616074812e-03	-1.108889060395458655e-03	-2.169392926298001865e-03	-8.386161929687892258e-03
2.348745393928761745e-03	-1.314095914217299236e-03	-2.317579979196106310e-03	-9.540732354448352298e-03
2.382084576241447812e-03	-1.483866733611023843e-03	-2.522464687081811454e-03	-1.053777349917858937e-02
2.415423758554133878e-03	-1.611114311702465350e-03	-2.690946923288478274e-03	-1.132896349914182428e-02
2.448762940866820812e-03	-1.822441935040769153e-03	-2.867482803640929601e-03	-1.259209704475709735e-02
2.482102123179506879e-03	-2.063406968935752213e-03	-3.095562006700132256e-03	-1.409490703849531658e-02
2.515441305492192945e-03	-2.289875443272467587e-03	-3.303990317942910853e-03	-1.558966338670916135e-02
2.548780487804879012e-03	-2.678061092657191191e-03	-3.609706650765623533e-03	-1.797966281210841566e-02
2.582119670117565078e-03	-3.138729539528410922e-03	-4.033006188431473987e-03	-2.098141703962662710e-02
2.615458852430251144e-03	-3.616471711910962915e-03	-4.525567065827210307e-03	-2.392131927520099385e-02
2.648798034742938078e-03	-4.181837532739020313e-03	-5.030369482201801738e-03	-2.744269460745666148e-02
2.682137217055624145e-03	-4.694693593393273537e-03	-5.551601332511095672e-03	-3.070635332346730029e-02
2.715476399368310211e-03	-5.176623660291371047e-03	-6.045450792504850762e-03	-3.366461785171650373e-02
2.748815581680996711e-03	-5.746821667062207602e-03	-6.566360496711752710e-03	-3.736832766549166157e-02
2.782154763993682778e-03	-6.432347857986489732e-03	-7.202920530850238576e-03	-4.141125695723253675e-02
2.815493946306369278e-03	-7.181658910332068026e-03	-7.885547409278981928e-03	-4.608043759635571668e-02
2.848833128619055344e-03	-7.983157576447626885e-03	-8.677381702070236652e-03	-5.103632794961086155e-02
2.882172310931741411e-03	-8.697032593837946204e-03	-9.434102106009300062e-03	-5.545971135318029238e-02
2.915511493244428345e-03	-9.449887248580139676e-03	-1.017568165862726449e-02	-6.003997973089058443e-02
2.948850675557114411e-03	-1.020403048605130272e-02	-1.092499270929219411e-02	-6.446271882401806430e-02
2.982189857869800478e-03	-1.088794594630658127e-02	-1.166045149169864410e-02	-6.896502790982854403e-02
3.015529040182486544e-03	-1.156219703331202303e-02	-1.234275622252315602e-02	-7.336457249051876739e-02
3.048868222495171743e-03	-1.223999172347015225e-02	-1.306275200758672851e-02	-7.734758260230611970e-02
3.082207404807858677e-03	-1.289845766744187987e-02	-1.374119098866685360e-02	-8.136763946888844745e-02
3.115546587120545177e-03	-1.355563502809918434e-02	-1.438773753876183316e-02	-8.535741462783187627e-02
3.148885769433231244e-03	-1.421796672074137485e-02	-1.504330417001493309e-02	-8.924152597344203741e-02
3.182224951745917310e-03	-1.487707695548035232e-02	-1.567084411949036873e-02	-9.331022682926466694e-02
3.215564134058603377e-03	-1.548174455573799076e-02	-1.631288062814637008e-02	-9.722751917521858800e-02
3.248903316371289443e-03	-1.613247900010112909e-02	-1.699615179439385726e-02	-1.010542885591352719e-01
3.282242498683975510e-03	-1.678933421374405668e-02	-1.761724882789015775e-02	-1.048559305691005028e-01
3.315581680996661576e-03	-1.739593468791426900e-02	-1.824801023408095454e-02	-1.086160157722081410e-01
3.348920863309347642e-03	-1.793585098868975131e-02	-1.880725528042163919e-02	-1.123206919011551369e-01
3.382260045622033709e-03	-1.852086769626590246e-02	-1.938196332325728063e-02	-1.158027653125899420e-01
3.415599227934719775e-03	-1.908752209510096096e-02	-1.995312776249599102e-02	-1.193750395298225769e-01
3.448938410247408010e-03	-1.967737098874586948e-02	-2.051269495405495802e-02	-1.228877167794400482e-01
3.482277592560094077e-03	-2.023629388887244335e-02	-2.102845032159837355e-02	-1.261996972236676395e-01
3.515616774872780143e-03	-2.078168666675317064e-02	-2.159413828232208121e-02	-1.296798377452393625e-01
3.548955957185466210e-03	-2.131419361391189912e-02	-2.220299377516461725e-02	-1.332356825139338619e-01
3.582295139498152276e-03	-2.185507635076324243e-02	-2.269748752181859758e-02	-1.364764687379395325e-01
3.615634321810838343e-03	-2.238468398572421303e-02	-2.324352459045957511e-02	-1.397127449184265013e-01
3.648973504123524409e-03	-2.293748611548184282e-02	-2.376475643516465924e-02	-1.430363225937119065e-01
3.682312686436210476e-03	-2.347482524843690077e-02	-2.431626998143808158e-02	-1.466627172681682356e-01
3.715651868748896976e-03	-2.397769478458377720e-02	-2.485618628007480943e-02	-1.499772748567386182e-01
3.748991051061583042e-03	-2.445704767989132292e-02	-2.535357933787453499e-02	-1.532038866537363819e-01
3.782330233374269109e-03	-2.495411859202853466e-02	-2.585226097858104449e-02	-1.561898555759340113e-01
3.815669415686955175e-03	-2.547019610403125980e-02	-2.639797590047578482e-02	-1.594863729952119558e-01
3.849008597999641242e-03	-2.594246179215742645e-02	-2.689697968663498986e-02	-1.625161537348022711e-01
3.882347780312327308e-03	-2.642986833099899777e-02	-2.734025225575975257e-02	-1.654969683190261609e-01
3.915686962625015109e-03	-2.689053677142298066e-02	-2.781896085863903162e-02	-1.685447892165035100e-01
3.949026144937704645e-03	-2.737311112357345214e-02	-2.831055529187960149e-02	-1.713677523819946424e-01
3.982365327250390712e-03	-2.786889345184780792e-02	-2.881374697244712402e-02	-1.741214542108364405e-01
4.015704509563076778e-03	-2.830379023092870205e-02	-2.930824071726230440e-02	-1.771599328769616066e-01
4.049043691875768049e-03	-2.874094203023304719e-02	-2.975763405527424854e-02	-1.798817422743380634e-01
4.082382874188454115e-03	-2.919162395144088082e-02	-3.022345682704325950e-02	-1.826934303332120868e-01
4.115722056501140182e-03	-2.963876226915830581e-02	-3.065126639880296974e-02	-1.852393481516606266e-01
4.149061238813826248e-03	-3.007559192237490436e-02	-3.105491503832292013e-02	-1.880887272603401772e-01
4.182400421126509713e-03	-3.048826064335608335e-02	-3.145920796926414409e-02	-1.909290862869545136e-01
4.215739603439195779e-03	-3.087676843210444139e-02	-3.186575592046507477e-02	-1.932694751177532755e-01
4.249078785751881845e-03	-3.127268557329241500e-02	-3.223815642084881111e-02	-1.954349388088588435e-01
4.282417968064567912e-03	-3.166248194493009871e-02	-3.264116076849912784e-02	-1.976670866683258032e-01
4.315757150377253978e-03	-3.204325823515197930e-02	-3.307444681763152539e-02	-1.998618656210155164e-01
4.349096332689940045e-03	-3.239826286437291064e-02	-3.343041788394607999e-02	-2.020869262730377036e-01
4.382435515002626111e-03	-3.277098551040426994e-02	-3.381248275684658328e-02	-2.044962542898760560e-01
4.415774697315314780e-03	-3.313662094960875826e-02	-3.419325904661988519e-02	-2.066555972091621285e-01
4.449113879628000846e-03	-3.353414881911935541e-02	-3.452539132639120129e-02	-2.089125502882241137e-01
4.482453061940686913e-03	-3.391685798352323672e-02	-3.495899952084674522e-02	-2.109572093219993227e-01
4.515792244253372979e-03	-3.424705738877607125e-02	-3.526439370231106846e-02	-2.129880160883971252e-01
4.549131426566056444e-03	-3.456920314993974785e-02	-3.556592213460030988e-02	-2.149672795355346278e-01
4.582470608878747714e-03	-3.485301356548099055e-02	-3.587196060748092108e-02	-2.171398304283818637e-01
4.615809791191433781e-03	-3.518063580447765293e-02	-3.618927418195624218e-02	-2.185517952210683790e-01
4.649148973504117245e-03	-3.550890233494284620e-02	-3.653139297995999096e-02	-2.206492861551974660e-01
4.682488155816803312e-03	-3.582073943153624845e-02	-3.688543117103532110e-02	-2.229078499606809427e-01
4.715827338129489378e-03	-3.610358340960460183e-02	-3.716988587774629899e-02	-2.246812622766958534e-01
4.749166520442175445e-03	-3.638256163849402924e-02	-3.743050179811605732e-02	-2.267381628465111043e-01
4.782505702754861511e-03	-3.665155334876466636e-02	-3.773364095887132147e-02	-2.283343950035509051e-01
4.815844885067547577e-03	-3.693343088941982572e-02	-3.799522331645562023e-02	-2.297077023062416568e-01
4.849184067380233644e-03	-3.717149660658794486e-02	-3.825551709096114417e-02	-2.315951542147890174e-01
4.882523249692919710e-03	-3.738185778830410699e-02	-3.849970357740413462e-02	-2.328370260541990089e-01
4.915862432005605777e-03	-3.760961484106191410e-02	-3.870684330136360540e-02	-2.341004816583407977e-01
4.949201614318291843e-03	-3.782287533457363848e-02	-3.890496294401032951e-02	-2.352933873447187185e-01
4.982540796630977910e-03	-3.802679360100278544e-02	-3.911113623064874090e-02	-2.366737818534924154e-01
5.015879978943663976e-03	-3.825455065369268159e-02	-3.934887980176089012e-02	-2.384459055857240939e-01
5.049219161256350043e-03	-3.845202600486905681e-02	-3.961207288791683545e-02	-2.402544317868555712e-01
5.082558343569036977e-03	-3.861148815630348341e-02	-3.973738758866752346e-02	-2.415236860142185304e-01
5.115897525881722176e-03	-3.872488346397649078e-02	-3.988718536717760638e-02	-2.421257764078586228e-01
5.149236708194409110e-03	-3.883827877163528730e-02	-3.999510419685933793e-02	-2.425245928376708882e-01
5.182575890507094309e-03	-3.896874780459254339e-02	-4.013233829069554753e-02	-2.428718659486065468e-01
5.215915072819802059e-03	-3.909567323418106088e-02	-4.024251214068533949e-02	-2.435879959352524049e-01
5.249254255132470778e-03	-3.922195437223638392e-02	-4.036686040409254855e-02	-2.443849845033876367e-01
5.282593437445174192e-03	-3.930667870720547241e-02	-4.041453797659256414e-02	-2.448053846979768300e-01
5.315932619757862861e-03	-3.938721514727855366e-02	-4.054371842640246137e-02	-2.454219716500475879e-01
5.349271802070550662e-03	-3.947258377375940930e-02	-4.058688595825557521e-02	-2.459612436237974820e-01
5.382610984383234126e-03	-3.953121430213524246e-02	-4.065518085939462400e-02	-2.465163007389595540e-01
5.415950166695924529e-03	-3.958887839323110142e-02	-4.072508648934503733e-02	-2.468835468859567617e-01
5.449289349008606259e-03	-3.968584426706465301e-02	-4.078339487191356971e-02	-2.472994370401504494e-01
5.482628531321296662e-03	-3.970001868052205202e-02	-4.082173021737212082e-02	-2.476573409606082632e-01
5.515967713633976657e-03	-3.971838098885616813e-02	-4.082946171561064458e-02	-2.477410988537838976e-01
5.549306895946668795e-03	-3.973255540230392208e-02	-4.087262924744970022e-02	-2.477968300673206725e-01
5.582646078259348790e-03	-3.973319969383055233e-02	-4.089066941001028022e-02	-2.479163461379730315e-01
5.615985260572042663e-03	-3.970452872116215365e-02	-4.086457560344580742e-02	-2.471741223461294268e-01
5.649324442884723525e-03	-3.966973697905865071e-02	-4.086264272888839172e-02	-2.464892404965502715e-01
5.682663625197414796e-03	-3.961529434556983198e-02	-4.082849527832766584e-02	-2.463272011878304413e-01
5.716002807510094791e-03	-3.958243547802292595e-02	-4.079660284808454829e-02	-2.461319808675801746e-01
5.749341989822786929e-03	-3.951993920053298998e-02	-4.074602596374588687e-02	-2.458623448807014111e-01
5.782681172135466924e-03	-3.947290591952677674e-02	-4.073281798757787814e-02	-2.455202261016519172e-01
5.816020354448159062e-03	-3.939043660489008336e-02	-4.063456353074926253e-02	-2.449600146546059010e-01
5.849359536760837322e-03	-3.928670567006857517e-02	-4.053405405360639702e-02	-2.441797776651070950e-01
5.882698719073532062e-03	-3.918909550468298308e-02	-4.043451101372042694e-02	-2.432967761835950760e-01
5.916037901386209455e-03	-3.906281436662667472e-02	-4.032916935015209287e-02	-2.427720007682773462e-01
5.949377083698906797e-03	-3.894877476745572248e-02	-4.023220347634740707e-02	-2.421196556387412713e-01
5.982716266011584190e-03	-3.884343310380686254e-02	-4.010431160956173108e-02	-2.414724648410857821e-01
6.016055448324278930e-03	-3.868944743031709627e-02	-3.996224532931536705e-02	-2.408059452988500493e-01
6.049394630636955456e-03	-3.853675033987766924e-02	-3.983918564891563568e-02	-2.399229438173273443e-01
6.082733812949651063e-03	-3.833927498871035622e-02	-3.964783106732879675e-02	-2.388302254571098848e-01
6.116072995262327588e-03	-3.816724915260170242e-02	-3.945551004843895343e-02	-2.375103943480632307e-01
6.149412177575023196e-03	-3.798781396398490107e-02	-3.927349769386147965e-02	-2.363648440859509592e-01
6.182751359887697987e-03	-3.780032513133288474e-02	-3.909921683751443888e-02	-2.351577639869086023e-01
6.216090542200395329e-03	-3.756870232946822596e-02	-3.887210407643982429e-02	-2.338891540509195344e-01
6.249429724513070120e-03	-3.733869025636974565e-02	-3.864305844078113478e-02	-2.324056729042753844e-01
6.282768906825767462e-03	-3.710771174595980937e-02	-3.836697952406961654e-02	-2.309995067358810716e-01
6.316108089138442253e-03	-3.683098853750086527e-02	-3.814985328148036425e-02	-2.294883210552021713e-01
6.349447271451139595e-03	-3.653235941725844343e-02	-3.787828440532761687e-02	-2.276675533153430242e-01
6.382786453763814385e-03	-3.626626701882760401e-02	-3.760671552916342725e-02	-2.258493627412749283e-01
6.416125636076511728e-03	-3.595893996295320555e-02	-3.732387155132384227e-02	-2.238288646403506499e-01
6.449464818389189988e-03	-3.565934440529688193e-02	-3.700526939399492732e-02	-2.218963123271317783e-01
6.482804000701888197e-03	-3.532431281387708039e-02	-3.667571428073564122e-02	-2.198613176673096248e-01
6.516143183014561253e-03	-3.498831478511672810e-02	-3.637193082830299934e-02	-2.180047917490093301e-01
6.549482365327260330e-03	-3.470547080688887731e-02	-3.606653664703175083e-02	-2.162268693918731333e-01
6.582821547639933386e-03	-3.440297593718075891e-02	-3.574084728276531731e-02	-2.143191222999743795e-01
6.616160729952632463e-03	-3.402155535592073232e-02	-3.546670124020241677e-02	-2.121043703143095649e-01
6.649499912265305519e-03	-3.366816145581184166e-02	-3.514197831309429088e-02	-2.096570291013850340e-01
6.682839094578004596e-03	-3.332024403358409270e-02	-3.474960477610900683e-02	-2.072828149717964863e-01
6.716178276890677652e-03	-3.297329304857947452e-02	-3.438235860841203084e-02	-2.050068552934641575e-01
6.749517459203376729e-03	-3.261989914827341519e-02	-3.406923292852837709e-02	-2.027975797835905314e-01
6.782856641516048918e-03	-3.223332423446044481e-02	-3.364303408637589476e-02	-2.004533252065536786e-01
6.816195823828748862e-03	-3.183515207314760453e-02	-3.329866026752646008e-02	-1.982836736220997820e-01
6.849535006141421051e-03	-3.144567784732005267e-02	-3.289984381493093329e-02	-1.958730570205610144e-01
6.882874188454121862e-03	-3.108165313657917581e-02	-3.247074566065918932e-02	-1.934170178684488928e-01
6.916213370766793184e-03	-3.067188372759441228e-02	-3.207966070615439480e-02	-1.908485498508764588e-01
6.949552553079493995e-03	-3.024826205075123106e-02	-3.171080380911896895e-02	-1.885139596426244901e-01
6.982891735392165317e-03	-2.988198231944999908e-02	-3.133228253915940065e-02	-1.858430492765381914e-01
7.016230917704866128e-03	-2.949218594743504424e-02	-3.093443252340727020e-02	-1.833518962348116010e-01
7.049570100017535715e-03	-2.908692657875206963e-02	-3.051113299238969109e-02	-1.807280191453120022e-01
7.082909282330238261e-03	-2.865364052867331451e-02	-3.010233002055864165e-02	-1.780867461844049260e-01
7.116248464642907848e-03	-2.823742820389085403e-02	-2.966678895038375036e-02	-1.753336886489810786e-01
7.149587646955610394e-03	-2.776419607907741269e-02	-2.923285860893034410e-02	-1.726353958888061646e-01
7.182926829268279981e-03	-2.731802419819127567e-02	-2.878765316568584337e-02	-1.700453440977888198e-01
7.216266011580984262e-03	-2.686154365279021239e-02	-2.832440755965271936e-02	-1.673138703232934510e-01
7.249605193893653848e-03	-2.641923752082728921e-02	-2.789595369583271200e-02	-1.645482490981299284e-01
7.282944376206356395e-03	-2.599271653112738417e-02	-2.742111084212955560e-02	-1.615184683597633841e-01
7.316283558519025981e-03	-2.554622250403261116e-02	-2.699330126961940746e-02	-1.586020829222932471e-01
7.349622740831728528e-03	-2.509682916495763888e-02	-2.654551865971843672e-02	-1.559524341606814690e-01
7.382961923144396379e-03	-2.465033513764215353e-02	-2.605199135141240269e-02	-1.529654988012335015e-01
7.416301105457100661e-03	-2.419321030002792236e-02	-2.557618205992316651e-02	-1.499714762331515183e-01
7.449640287769768512e-03	-2.370999165548954776e-02	-2.513838596831103472e-02	-1.472957336608070322e-01
7.482979470082472793e-03	-2.325769900408128713e-02	-2.463938218165521998e-02	-1.445239916539559633e-01
7.516318652395140645e-03	-2.280701708137379893e-02	-2.421414977457502990e-02	-1.418946380653963446e-01
7.549657834707844926e-03	-2.239016046369462359e-02	-2.376282356060132814e-02	-1.392559422484483944e-01
7.582997017020511911e-03	-2.194656574756206902e-02	-2.333887973635848101e-02	-1.364452206003171630e-01
7.616336199333217059e-03	-2.150361532284474769e-02	-2.287112408822871909e-02	-1.336354653872599274e-01
7.649675381645884044e-03	-2.103134963352404005e-02	-2.245458961633136838e-02	-1.309091459207413211e-01
7.683014563958589192e-03	-2.061320443237859082e-02	-2.195268651703000118e-02	-1.279325192054183158e-01
7.716353746271256177e-03	-2.019892498028257738e-02	-2.151360184147087587e-02	-1.251269518802165803e-01
7.749692928583962193e-03	-1.974920949407657847e-02	-2.110930890828049272e-02	-1.224086860503913465e-01
7.783032110896668208e-03	-1.928660817719875242e-02	-2.066668062910938589e-02	-1.197403528094908021e-01
7.816371293209334326e-03	-1.880628884317088120e-02	-2.027881712964327288e-02	-1.171010126839528570e-01
7.849710475522003045e-03	-1.837622424821840766e-02	-1.979720921283089144e-02	-1.145257795602210166e-01
7.883049657834708193e-03	-1.794358248703828429e-02	-1.936811105541075273e-02	-1.118709764341167534e-01
7.916388840147409872e-03	-1.750997428845733894e-02	-1.892516063003551671e-02	-1.090634762196657781e-01
7.949728022460080326e-03	-1.706799029989358035e-02	-1.847673372655802421e-02	-1.061925132897081764e-01
7.983067204772782005e-03	-1.662310699933295180e-02	-1.800124657876485401e-02	-1.033363690610982349e-01
8.016406387085452459e-03	-1.617757940713137124e-02	-1.757794704464882632e-02	-1.005401439395410823e-01
8.049745569398154138e-03	-1.574493764539502960e-02	-1.710568135426771344e-02	-9.780416007061658312e-02
8.083084751710824592e-03	-1.532775888025474965e-02	-1.666820740629670547e-02	-9.510071291996281817e-02
8.116423934023526271e-03	-1.492121092524432806e-02	-1.623814281080052796e-02	-9.265466022281948488e-02
8.149763116336196725e-03	-1.454623325508928519e-02	-1.587186307658820100e-02	-9.037419044045405525e-02
8.183102298648898404e-03	-1.416352408649135947e-02	-1.550236188464932004e-02	-8.814687470510172707e-02
8.216441480961568858e-03	-1.378242564663114886e-02	-1.512222988238721977e-02	-8.595145139719363725e-02
8.249780663274270537e-03	-1.338683064725396804e-02	-1.475788302249909922e-02	-8.365777363248305676e-02
8.283119845586940991e-03	-1.298672560708739182e-02	-1.433909352828633028e-02	-8.131899546015727842e-02
8.316459027899642670e-03	-1.258565412952318552e-02	-1.393608917643674415e-02	-7.908040461502231777e-02
8.349798210212313124e-03	-1.222613945557318553e-02	-1.354661494664352941e-02	-7.679155903018790308e-02
8.383137392525014803e-03	-1.188627567323336832e-02	-1.321158335103764583e-02	-7.455006886902905416e-02
8.416476574837685257e-03	-1.156187488755240633e-02	-1.287912892149757974e-02	-7.256114097758037396e-02
8.449815757150386936e-03	-1.125325924431973962e-02	-1.254248659692635062e-02	-7.057124664719134632e-02
8.483154939463059124e-03	-1.093723424842712143e-02	-1.223709241152319376e-02	-6.859778174856860644e-02
8.516494121775762538e-03	-1.063667224921661415e-02	-1.191333591745574565e-02	-6.670324255843093630e-02
8.549833304088432992e-03	-1.034835178904483163e-02	-1.161535108454822898e-02	-6.502486316913506925e-02
8.583172486401134671e-03	-1.008773586466803728e-02	-1.134217147551559203e-02	-6.358519378399880850e-02
8.616511668713805125e-03	-9.831952126737852557e-03	-1.107575692753503399e-02	-6.184947244763549373e-02
8.649850851026506804e-03	-9.536544459579583688e-03	-1.079194650815338934e-02	-6.013726774995702129e-02
8.683190033339177258e-03	-9.266586307861151769e-03	-1.055581366203740996e-02	-5.860288750889443982e-02
8.716529215651878937e-03	-9.012091152868807742e-03	-1.028875482237379645e-02	-5.715387589262752727e-02
8.749868397964549391e-03	-8.761461747029377495e-03	-1.001976310808017946e-02	-5.556279799611053838e-02
8.783207580277251070e-03	-8.525328900614774150e-03	-9.760757912495875849e-03	-5.394594843770452591e-02
8.816546762589921524e-03	-8.280175972716923363e-03	-9.553940330908236925e-03	-5.253205070562252943e-02
8.849885944902623203e-03	-8.069170495980233088e-03	-9.369350807131334238e-03	-5.116067621269113075e-02
8.883225127215293657e-03	-7.891990324656920908e-03	-9.175419056118253036e-03	-4.993169014409960110e-02
8.916564309527995336e-03	-7.688394200495845057e-03	-8.938319772467742674e-03	-4.875005950133406984e-02
8.949903491840665790e-03	-7.517656944455715189e-03	-8.749220207889023965e-03	-4.760676420319678165e-02
8.983242674153367469e-03	-7.363993414003768001e-03	-8.559798497547422072e-03	-4.653079736812371775e-02
9.016581856466037923e-03	-7.195511178293106762e-03	-8.377141848236145660e-03	-4.553762199253134912e-02
9.049921038778739601e-03	-7.005767321986693802e-03	-8.260847226713819574e-03	-4.436372284528580096e-02
9.083260221091410055e-03	-6.500320614671044502e-03	-7.929359233467480131e-03	-4.102339346180058910e-02
9.116599403404122143e-03	-5.134100419005396300e-03	-6.944237480547343043e-03	-3.199880211565810789e-02
9.149938585716785658e-03	-2.900341671852087275e-03	-5.057429726491202704e-03	-1.842100250655141422e-02
9.183277768029494276e-03	-1.606282125167621819e-03	-3.379050281614634586e-03	-1.081256383635222952e-02
9.216616950342157791e-03	-9.494269055204791969e-04	-2.390384922566925370e-03	-7.207430571593304719e-03
9.249956132654866409e-03	-7.097504545285692823e-04	-1.940669431560722823e-03	-5.732647253313096630e-03
9.283295314967529924e-03	-5.142079736526082231e-04	-1.689073587336482971e-03	-4.561003100203128019e-03
9.316634497280238542e-03	-3.840610835679287216e-04	-1.518014184897023729e-03	-3.642887664808795289e-03
9.349973679592902057e-03	-2.916052482794462752e-04	-1.405907457866849329e-03	-2.931267665575813634e-03
9.383312861905610675e-03	-2.284646778350329216e-04	-1.299921500414252026e-03	-2.390707068396218538e-03
9.416652044218274190e-03	-1.553375885918290239e-04	-1.222284370478930651e-03	-1.962575343797215346e-03
9.449991226530982807e-03	-1.057271403798867642e-04	-1.132083555605526088e-03	-1.620134393190695351e-03
9.483330408843646323e-03	-6.964681440686137015e-05	-1.080218087054042120e-03	-1.372726443880379829e-03
9.516669591156354940e-03	-3.066717652375657293e-05	-1.077963066681047544e-03	-1.190069793781399531e-03
9.550008773469018455e-03	-1.455988814356162182e-05	-1.064755090218781793e-03	-1.018043953986744361e-03
9.583347955781727073e-03	5.735295218134352319e-06	-1.009023872464528092e-03	-9.007828946389132268e-04
9.616687138094390588e-03	2.216472936660699372e-05	-1.003547394411612777e-03	-8.086492051473001237e-04
9.650026320407099206e-03	2.828549895302610680e-05	-1.011923184361997966e-03	-7.203812648578628280e-04
9.683365502719762721e-03	4.117132966040019048e-05	-9.964601875237703941e-04	-6.833345015962642667e-04
9.716704685032471339e-03	5.631218073790858605e-05	-9.871179602657473729e-04	-6.182610565612351285e-04
9.750043867345134854e-03	3.956060082063535044e-05	-9.516819258435143874e-04	-5.976437274414778469e-04
9.783383049657843472e-03	5.019141115363981518e-05	-9.452390104911713616e-04	-5.518990284534907665e-04
9.816722231970506987e-03	6.050007571589162544e-05	-9.001386030538189925e-04	-5.483554250124491073e-04
9.850061414283215605e-03	5.180213999073420429e-05	-9.300981594204925113e-04	-5.119529532824030824e-04
9.883400596595879120e-03	7.274161488957638989e-05	-9.513597800714750086e-04	-4.913356241587454919e-04
9.916739778908587738e-03	6.823157413992403018e-05	-9.819636279878808573e-04	-4.884363122532833128e-04
9.950078961221251253e-03	6.984230298086603595e-05	-9.545812377635827213e-04	-4.761947730876744857e-04
9.983418143533959871e-03	6.082222148468890098e-05	-9.246216813925050649e-04	-4.687854204347170891e-04
1.001675732584662339e-02	7.306376065583404381e-05	-9.391182409193021569e-04	-4.494566743829341948e-04
1.005009650815933200e-02	5.309072306339376114e-05	-9.175344745127492034e-04	-4.356044063765861078e-04
1.008343569047199552e-02	4.696995347762749024e-05	-9.365410747943714786e-04	-4.236850129767848281e-04
1.011677487278470414e-02	8.272813368484952467e-05	-9.404068240007677597e-04	-4.352822606113657643e-04
1.015011405509736939e-02	7.918453024120999516e-05	-9.172123287490810579e-04	-4.117656195797133527e-04
1.018345323741007627e-02	7.854023870602070594e-05	-9.487826139449274596e-04	-4.037119753910469139e-04
1.021679241972273978e-02	8.594959136451355095e-05	-9.162458914310090807e-04	-3.953361854348823312e-04
1.025013160203545014e-02	8.272813368458862497e-05	-9.304203051999919601e-04	-3.966247685048062766e-04
1.028347078434811365e-02	6.468797069634878031e-05	-9.036822064999873016e-04	-3.840610835698784965e-04
1.031680996666082747e-02	8.691602866641676703e-05	-9.513597800802408916e-04	-3.843832293382863402e-04
1.035014914897348579e-02	1.017347339759704951e-04	-9.722992549649046943e-04	-3.843832293384165529e-04
1.038348833128620134e-02	9.013748634236085501e-05	-9.658563396197657582e-04	-3.666652121211926951e-04
1.041682751359887006e-02	8.562744559297335233e-05	-8.994943115274553393e-04	-3.727859817061757045e-04
1.045016669591158041e-02	1.010904424401304677e-04	-9.416954070588250039e-04	-3.515243610496687635e-04
1.048350587822423699e-02	7.789594717030828917e-05	-9.336417628655518984e-04	-3.528129441172499648e-04
1.051684506053694734e-02	8.884890327068151856e-05	-9.365410747831575755e-04	-3.615108798407166133e-04
1.055018424284961606e-02	9.303679825094466900e-05	-9.387960951504436104e-04	-3.405714049509908875e-04
1.058352342516232468e-02	8.047311331347991009e-05	-9.436282816555188529e-04	-3.415378422540039471e-04
1.061686260747498126e-02	7.886238447351695243e-05	-9.661784853759179973e-04	-3.367056557407644996e-04
1.065020178978768987e-02	8.949319480769546583e-05	-9.848629398768286858e-04	-3.325177607608940065e-04
1.068354097210036033e-02	8.562744559310685828e-05	-9.974266248042147013e-04	-3.170547639166059069e-04
1.071688015441306895e-02	8.369457098890526153e-05	-9.790643160599936910e-04	-3.357392184381434333e-04
1.075021933672572552e-02	1.078555035625197836e-04	-9.848629398672909593e-04	-3.354170726684338965e-04
1.078355851903843414e-02	8.208384214978860498e-05	-9.462054477863570236e-04	-3.338063438310779978e-04
1.081689770135110633e-02	8.337242522160377841e-05	-9.288095763437027473e-04	-3.321956149943076225e-04
1.085023688366381321e-02	8.820461173275417162e-05	-9.677892142002314860e-04	-3.102897027984479069e-04
1.088357606597646979e-02	8.594959136197172027e-05	-9.648899023000762597e-04	-3.115782858697389770e-04
1.091691524828917667e-02	1.023790255125258926e-04	-9.652120480699823623e-04	-3.025582043783851187e-04
1.095025443060185580e-02	1.039897543521658665e-04	-9.581248411731875048e-04	-3.077125366591210295e-04
1.098359361291455748e-02	9.271465248318670966e-05	-9.710106718642921896e-04	-3.099675570314703969e-04
1.101693279522721926e-02	1.014125882119291808e-04	-9.871179602350902554e-04	-2.941824144223535676e-04
1.105027197753992094e-02	1.043119001191414113e-04	-9.626348819129023791e-04	-2.922495398168493291e-04
1.108361115985260180e-02	9.947971360473166242e-05	-9.516819258268123614e-04	-2.967595805619392983e-04
1.111695034216530174e-02	9.142606941404666956e-05	-9.581248411754666062e-04	-3.044910789829130332e-04
1.115028952447795832e-02	9.271465248442658971e-05	-9.085143929991542928e-04	-3.051353705178430761e-04
1.118362870679066173e-02	9.625825593002127454e-05	-9.368632205383178781e-04	-2.877394990695453648e-04
1.121696788910334260e-02	1.107548154736430972e-04	-9.494269054735727078e-04	-2.825851667889397751e-04
1.125030707141604601e-02	1.091440866334193890e-04	-9.387960951542074182e-04	-2.916052482819179851e-04
1.128364625372870259e-02	9.819113053428576857e-05	-9.462054477974927557e-04	-2.983703093998149093e-04
1.131698543604140600e-02	1.194527511990607269e-04	-9.581248411930771937e-04	-2.848401871616145116e-04
1.135032461835408686e-02	1.039897543524912762e-04	-9.648899023112293390e-04	-2.796858548803585090e-04
1.138366380066679028e-02	1.104326697031486252e-04	-9.555476750527764317e-04	-2.938602686538142644e-04
1.141700298297944685e-02	9.368108978476591192e-05	-9.703663803537041117e-04	-2.790415633449095127e-04
1.145034216529214853e-02	9.722469323055802997e-05	-9.500711970040933005e-04	-2.816187294861887671e-04
1.148368134760483286e-02	1.091440866378522037e-04	-9.310645967322537814e-04	-2.874173533025688849e-04
1.151702052991753454e-02	1.072112120294815650e-04	-8.975614369166942923e-04	-2.835516040907810832e-04
1.155035971223019112e-02	8.981534057408703227e-05	-9.207559321634148060e-04	-2.822630210215735245e-04
1.158369889454289800e-02	1.104326697038655674e-04	-9.226888067768140422e-04	-2.796858548800334110e-04
1.161703807685558060e-02	9.722469323062263487e-05	-9.400846782221152897e-04	-2.787194175779333580e-04
1.165037725916828228e-02	9.239250671608194147e-05	-9.404068239746968174e-04	-2.809744379521050524e-04
1.168371644148094059e-02	1.239627919448643993e-04	-9.639234650048580716e-04	-2.822630210210521316e-04
1.171705562379363880e-02	9.561396439431114815e-05	-9.584469869429227372e-04	-2.783972718110868739e-04
1.175039480610632833e-02	1.049561916538742921e-04	-9.445947189414940007e-04	-2.790415633462107721e-04
1.178373398841902654e-02	9.851327630204417514e-05	-9.661784853654900324e-04	-2.635785665031570367e-04
1.181707317073168312e-02	9.980185937340131381e-05	-9.594134242456456643e-04	-2.806522921836314519e-04
1.185041235304438306e-02	1.020568797448376204e-04	-9.532926546678030478e-04	-2.880616448367171638e-04
1.188375153535707260e-02	1.065669204902501668e-04	-9.313867424916779259e-04	-2.690550445510650176e-04
1.191709071766977081e-02	9.045963211051156658e-05	-9.661784853695163256e-04	-2.790415633462756616e-04
1.195042989998242912e-02	1.020568797452935816e-04	-9.555476750358164739e-04	-2.883837906049301221e-04
1.198376908229512559e-02	1.039897543526205808e-04	-9.159237456309911058e-04	-2.735650852963513358e-04
1.201710826460781860e-02	1.023790255122690587e-04	-8.972392911289166348e-04	-2.751758141339021198e-04
1.205044744692051507e-02	1.165534392903500342e-04	-9.011050403357012770e-04	-2.619678376639158731e-04
1.208378662923317338e-02	9.690254746201483721e-05	-9.081922472152440928e-04	-2.619678376656066321e-04
1.211712581154586986e-02	8.659388289644149228e-05	-9.094808302898419253e-04	-2.754979599006180660e-04
1.215046499385856286e-02	1.113991070080506225e-04	-8.978835826560359768e-04	-2.961152890261639571e-04
1.218380417617125934e-02	1.155870019870764272e-04	-9.056150810903878991e-04	-2.561692138473390811e-04
1.221714335848391765e-02	9.819113053317836447e-05	-9.329974713279117838e-04	-2.619678376649567072e-04
1.225048254079661413e-02	8.015096754519716979e-05	-9.291317221198926689e-04	-2.687328987828535771e-04
1.228382172310930887e-02	1.046340458856602360e-04	-8.846756062252440723e-04	-2.635785665023755438e-04
1.231716090542200708e-02	9.722469322944859299e-05	-8.569710702126166367e-04	-2.729207937633746999e-04
1.235050008773466192e-02	1.027011712807440687e-04	-8.550381956110695734e-04	-2.758201056704586286e-04
1.238383927004735839e-02	8.047311331328513317e-05	-8.234679103943247412e-04	-2.668000241779993720e-04
1.241717845236005660e-02	9.980185937229176841e-05	-8.473066971877576481e-04	-2.764643972048663029e-04
1.245051763467275134e-02	9.271465248246974031e-05	-9.081922472277478712e-04	-2.803301464156781600e-04
1.248385681698540618e-02	9.658040169569363548e-05	-8.924071046256447457e-04	-2.674443157139697611e-04
1.251719599929810092e-02	1.023790255118780276e-04	-9.027157691811453239e-04	-2.722765022274696339e-04
1.255053518161080087e-02	8.981534057343400375e-05	-8.994943114965708647e-04	-2.754979599020504055e-04
1.258387436392349561e-02	1.004461509059168521e-04	-8.891856469446464189e-04	-2.719543564608170052e-04
1.261721354623615045e-02	1.075333577965225686e-04	-8.808098569893875246e-04	-2.693771903187581552e-04
1.265055272854884519e-02	1.081776493300834810e-04	-8.975614368971743164e-04	-2.671221699459522302e-04
1.268389191086154513e-02	8.433886252279054014e-05	-9.114137048980285342e-04	-2.600349630591264490e-04
1.271723109317423987e-02	1.084997950979052863e-04	-8.743669416463829488e-04	-2.680886072478579941e-04
1.275057027548689298e-02	1.175198765919274610e-04	-8.550381956074578791e-04	-2.742093768324513955e-04
1.278390945779958945e-02	1.075333577954152729e-04	-8.930513961617302229e-04	-2.497262984962885868e-04
1.281724864011228940e-02	1.068890662613323171e-04	-9.043264980261808434e-04	-2.703436276226814025e-04
1.285058782242498587e-02	1.123655443102800750e-04	-9.156015998835143272e-04	-2.864509159981247868e-04
1.288392700473764245e-02	9.851327630171797937e-05	-9.471718850818265298e-04	-2.709879191565044750e-04
1.291726618705038403e-02	1.178420223596840651e-04	-9.668227769038513584e-04	-2.590685257575459999e-04
1.295060536936307877e-02	1.123655443094993275e-04	-9.291317221127825795e-04	-2.709879191562441039e-04
1.298394455167573187e-02	1.027011712797654678e-04	-9.117358506726676130e-04	-2.642228580372414019e-04
1.301728373398842488e-02	1.036676085809519314e-04	-9.001386030411377302e-04	-2.748536683669256398e-04
1.305062291630112829e-02	9.496967285703743959e-05	-9.098029760562651369e-04	-2.716322106905880271e-04
1.308396209861382303e-02	1.110769612386622941e-04	-9.146351625772106055e-04	-2.581020884529739660e-04
1.311730128092647614e-02	1.059226289583839844e-04	-9.152794541232822352e-04	-2.738872310650198759e-04
1.315064046323916915e-02	9.980185937072760349e-05	-9.159237456541889123e-04	-2.506927357993009417e-04
1.318397964555187603e-02	9.142606941215622755e-05	-8.856420435175331798e-04	-2.603571088267543176e-04
1.321731882786456730e-02	9.335894401909285980e-05	-8.563267786724347184e-04	-2.684107530157453124e-04
1.325065801017722041e-02	1.258956665517367655e-04	-8.669575890057381858e-04	-2.668000241781947452e-04
1.328399719248991341e-02	1.097883781686743673e-04	-8.453738226041969568e-04	-2.738872310644993504e-04
1.331733637480262029e-02	9.593611016115675136e-05	-8.814541485505096152e-04	-2.738872310655405640e-04
1.335067555711531156e-02	1.181641681282891523e-04	-8.634139855704143921e-04	-2.622899834308270299e-04
1.338401473942796467e-02	1.036676085828425360e-04	-9.091586845431548795e-04	-2.629342749663406988e-04
1.341735392174065594e-02	9.496967285762191943e-05	-8.824205858503575634e-04	-2.690550445506767648e-04
1.345069310405336456e-02	9.722469323023068223e-05	-8.762998162675197022e-04	-2.661557326430706301e-04
1.348403228636605583e-02	9.303679824924932916e-05	-9.049707895677669119e-04	-2.668000241775436818e-04
1.351737146867870894e-02	1.126876900782355082e-04	-9.275209932916012425e-04	-2.622899834312816900e-04
1.355071065099140194e-02	1.017347339773406692e-04	-9.220445152323483327e-04	-2.722765022270789417e-04
1.358404983330411056e-02	9.464752708784226185e-05	-9.168901829573929000e-04	-2.587463799896585733e-04
1.361738901561680357e-02	1.188084596647825605e-04	-9.503933427592593493e-04	-2.584242342213798039e-04
1.365072819792945320e-02	1.014125882078229006e-04	-9.594134242427776243e-04	-2.577799426859959681e-04
1.368406738024214621e-02	9.851327629989469013e-05	-9.400846782109746787e-04	-2.690550445490481305e-04
1.371740656255485483e-02	1.007682966762820466e-04	-9.349303459352964083e-04	-2.581020884532983051e-04
1.375074574486754783e-02	9.690254746175636341e-05	-9.581248411858417705e-04	-2.587463799892022326e-04
1.378408492718019747e-02	1.113991070074641233e-04	-9.510376343070542100e-04	-2.610014003617493585e-04
1.381742410949288874e-02	1.014125882101680841e-04	-9.317088882590321419e-04	-2.548806307766986949e-04
1.385076329180559909e-02	1.078555035614103331e-04	-9.346082001705953435e-04	-2.696993360863847770e-04
1.388410247411829210e-02	1.017347339776009590e-04	-8.994943115258426970e-04	-2.709879191565030114e-04
1.391744165643094173e-02	1.097883781684136709e-04	-9.339639086465633755e-04	-2.777529802745300398e-04
1.395078083874363301e-02	1.091440866339414323e-04	-9.284874305902212233e-04	-2.642228580372408598e-04
1.398412002105634509e-02	1.097883781697836281e-04	-8.943399792408762835e-04	-2.696993360858643599e-04
1.401745920336903636e-02	1.043119001161426978e-04	-9.149573083603074371e-04	-2.668000241779997514e-04
1.405079838568168600e-02	9.883542207019202714e-05	-9.117358506862364032e-04	-2.555249223131254247e-04
1.408413756799437727e-02	1.113991070076578025e-04	-8.708233382284960534e-04	-2.655114411098330267e-04
1.411747675030708936e-02	1.007682966755673134e-04	-8.585817990692478068e-04	-2.574577969200605933e-04
1.415081593261978063e-02	8.562744559323433335e-05	-8.540717583189669487e-04	-2.809744379502834301e-04
1.418415511493243027e-02	9.593611016108978832e-05	-8.415080733692929891e-04	-2.593906715235461016e-04
1.421749429724511980e-02	1.033454628151507537e-04	-8.692126093730297501e-04	-2.722765022261020213e-04
1.425083347955783362e-02	1.017347339786431890e-04	-8.701790466715616937e-04	-2.613235461256034988e-04
1.428417266187052663e-02	9.174821518225918066e-05	-8.589039448137028056e-04	-2.674443157139701948e-04
1.431751184418317800e-02	1.104326697049716434e-04	-8.962728538436491458e-04	-2.684107530147032857e-04
1.435085102649586580e-02	1.062447747262749618e-04	-8.788769824081400870e-04	-2.548806307793672417e-04
1.438419020880858309e-02	1.133319816125118992e-04	-8.717897755239824732e-04	-2.696993360841731129e-04
1.441752939112127090e-02	1.165534392896313436e-04	-8.885413554274634645e-04	-2.619678376639786484e-04
1.445086857343392227e-02	9.368108978639497989e-05	-8.875749181334286831e-04	-2.787194175791695653e-04
1.448420775574661007e-02	9.915756783697260532e-05	-8.669575890215211337e-04	-2.532699019411013179e-04
1.451754693805932910e-02	9.851327630093502277e-05	-8.624475482734885855e-04	-2.645450038046081947e-04
1.455088612037201516e-02	1.213856258053447372e-04	-9.117358506976667130e-04	-2.593906715245893752e-04
1.458422530268466653e-02	8.498315405784892551e-05	-9.188230575816393620e-04	-2.626121291983874611e-04
1.461756448499735260e-02	9.271465248351409805e-05	-9.098029760938670029e-04	-2.655114411067737335e-04
1.465090366731007336e-02	1.046340458871586305e-04	-9.043264980382960437e-04	-2.452162577499615429e-04
1.468424284962275943e-02	9.303679824996673219e-05	-9.107694133869538664e-04	-2.465048408193650170e-04
1.471758203193541080e-02	9.786898476698233389e-05	-8.621254024975850017e-04	-2.629342749670577901e-04
1.475092121424809687e-02	1.036676085834954968e-04	-9.014271861313309436e-04	-2.687328987835680663e-04
1.478426039656081763e-02	1.139762731495245725e-04	-8.933735419371021140e-04	-2.548806307785214556e-04
1.481759957887350369e-02	9.947971360401290414e-05	-8.888635011859286322e-04	-2.680886072476626751e-04
1.485093876118615507e-02	9.271465248442535643e-05	-9.481383223853216257e-04	-2.632564207337724895e-04
1.488427794349884113e-02	1.110769612384026819e-04	-9.133465795035914823e-04	-2.616456918975893181e-04
1.491761712581156189e-02	1.188084596649788282e-04	-9.114137048984409647e-04	-2.603571088253220866e-04
1.495095630812424796e-02	1.001240051397894515e-04	-9.181787660199030709e-04	-2.648671495724297560e-04
1.498429549043689933e-02	9.078177787605513785e-05	-9.159237456523611643e-04	-2.516591731014015368e-04
1.501763467274958540e-02	9.786898476626792597e-05	-8.814541485492873940e-04	-2.610014003607069523e-04
1.505097385506230789e-02	9.271465248279639687e-05	-8.579375075212087838e-04	-2.487598611950339405e-04
1.508431303737499223e-02	9.561396439105068117e-05	-8.788769823973190988e-04	-2.616456918965473456e-04
1.511765221968764360e-02	1.081776493310593443e-04	-9.143130168235745828e-04	-2.735650852957008145e-04
1.515099140200033834e-02	1.136541273820277839e-04	-8.959507080820588738e-04	-2.735650852967422449e-04
1.518433058431305216e-02	1.017347339781219995e-04	-8.927292504062976771e-04	-2.639007122676613731e-04
1.521766976662574690e-02	1.197748969674050634e-04	-8.647025686337879132e-04	-2.700214818529061088e-04
1.525100894893838786e-02	8.788246596734325248e-05	-8.898299384924911529e-04	-2.754979599030909143e-04
1.528434813125108260e-02	8.820461173581740867e-05	-8.598703821152190157e-04	-2.719543564574990755e-04
1.531768731356379643e-02	8.884890327107241410e-05	-9.059372268588257752e-04	-2.626121291984541938e-04
1.535102649587649117e-02	1.081776493299513168e-04	-9.152794541233347106e-04	-2.671221699430236917e-04
1.538436567818913213e-02	9.561396439131254310e-05	-9.159237456608662967e-04	-2.658335868752469545e-04
1.541770486050182340e-02	9.690254746227705150e-05	-8.911185215560611314e-04	-2.645450038041522877e-04
1.545104404281455283e-02	1.081776493335365836e-04	-9.239773898421445482e-04	-2.700214818534918491e-04
1.548438322512723543e-02	1.059226289566904064e-04	-9.281652848255932337e-04	-2.655114411080105371e-04
1.551772240743988507e-02	1.039897543515117131e-04	-9.665006311513435564e-04	-2.658335868745322485e-04
1.555106158975256767e-02	1.072112120287636877e-04	-9.578026954112975593e-04	-2.481155696589973608e-04
1.558440077206529710e-02	1.155870019887033539e-04	-9.726214007065542115e-04	-2.626121291991042272e-04
1.561773995437797970e-02	9.819113053435206753e-05	-9.697220888138285890e-04	-2.568135053831802333e-04
1.565107913669063280e-02	1.152648562201007197e-04	-9.636013192247924524e-04	-2.677664614812061243e-04
1.568441831900332234e-02	8.530529982997574526e-05	-9.455611562467758618e-04	-2.561692138469482262e-04
1.571775750131602922e-02	1.065669204934452158e-04	-9.642456107646591931e-04	-2.532699019391486156e-04
1.575109668362871876e-02	1.010904424426702249e-04	-9.739099837851704225e-04	-2.532699019405139514e-04
1.578443586594137707e-02	9.658040169575784735e-05	-9.636013192225762348e-04	-2.687328987834372031e-04
1.581777504825406661e-02	7.821809293865225978e-05	-9.790643160588249211e-04	-2.603571088258435878e-04
1.585111423056677349e-02	9.980185937281336453e-05	-9.391182408965512585e-04	-2.410283627708057288e-04
1.588445341287946302e-02	1.027011712815260224e-04	-9.242995355875256724e-04	-2.571356511508058793e-04
1.591779259519212134e-02	1.052783374219563736e-04	-9.394403866568634730e-04	-2.552027765445871515e-04
1.595113177750481087e-02	8.079525907960827290e-05	-9.284874305706057292e-04	-2.725986479952902737e-04
1.598447095981752816e-02	9.174821518023876991e-05	-9.078701014574664177e-04	-2.806522921846726654e-04
1.601781014213020729e-02	1.078555035614756427e-04	-9.416954070469020326e-04	-2.613235461284637868e-04
1.605114932444286560e-02	9.142606941424286950e-05	-9.597355700170135968e-04	-2.603571088246072721e-04
1.608448850675555514e-02	9.754683899968192142e-05	-9.658563395900579681e-04	-2.552027765464089364e-04
1.611782768906827243e-02	1.097883781692604192e-04	-9.800307533569694793e-04	-2.584242342214457776e-04
1.615116687138095156e-02	1.056004831893246436e-04	-9.297760136506711933e-04	-2.706657733893977824e-04
1.618450605369360987e-02	8.466100829067967439e-05	-9.075479556975825715e-04	-2.690550445521707411e-04
1.621784523600629940e-02	9.464752708895133291e-05	-9.349303459334330985e-04	-2.584242342206655315e-04
1.625118441831901669e-02	1.142984189156543584e-04	-9.165680371862161124e-04	-2.590685257563105515e-04
1.628452360063169582e-02	1.001240051391376562e-04	-9.085143930049314641e-04	-2.629342749644535365e-04
1.631786278294435413e-02	1.097883781697169496e-04	-9.561919665910846317e-04	-2.610014003605134764e-04
1.635120196525704367e-02	9.980185937144472191e-05	-9.449168647197482432e-04	-2.523034646372424180e-04
1.638454114756976096e-02	1.104326697074488691e-04	-9.684335057461881903e-04	-2.684107530160056293e-04
1.641788032988244009e-02	1.117212527754792690e-04	-9.735878380293818248e-04	-2.600349630586073872e-04
1.645121951219509840e-02	9.335894401746449656e-05	-9.549033835123944781e-04	-2.693771903175210805e-04
1.648455869450778100e-02	1.007682966750452972e-04	-9.449168647219296580e-04	-2.713100649226992994e-04
1.651789787682050523e-02	1.171977308249507236e-04	-9.665006311273958073e-04	-2.774308345071636265e-04
1.655123705913318435e-02	8.594959136210055060e-05	-9.204337863851619729e-04	-2.658335868733606054e-04
1.658457624144584266e-02	9.593611015926508962e-05	-8.830648773645319652e-04	-2.796858548799670036e-04
1.661791542375853220e-02	1.007682966734808070e-04	-8.953064165258490864e-04	-2.668000241789107523e-04
1.665125460607124949e-02	1.056004831891930892e-04	-8.711454839772366865e-04	-2.642228580368503844e-04
1.668459378838393209e-02	1.039897543521662053e-04	-8.907963757882106761e-04	-2.584242342226166075e-04
1.671793297069659387e-02	1.072112120279813545e-04	-8.685683178384406887e-04	-2.645450038053245813e-04
1.675127215300927647e-02	9.335894401909338835e-05	-9.268767017440363411e-04	-2.500484442626808987e-04
1.678461133532200417e-02	8.949319480613055551e-05	-9.275209932841238254e-04	-2.632564207360508861e-04
1.681795051763467982e-02	8.852675750344656479e-05	-9.146351625843835787e-04	-2.494041527297679597e-04
1.685128969994733814e-02	1.094662324004613683e-04	-9.091586845305023486e-04	-2.729207937612258112e-04
1.688462888226002073e-02	9.207036094643414998e-05	-8.640582770968409290e-04	-2.619678376648905166e-04
1.691796806457274843e-02	1.107548154720133110e-04	-8.746890874285970230e-04	-2.516591731037446603e-04
1.695130724688542409e-02	1.056004831898464024e-04	-8.369980326325056775e-04	-2.635785665003581146e-04
1.698464642919808240e-02	9.078177787885686534e-05	-8.634139855648939599e-04	-2.603571088250611191e-04
1.701798561151076500e-02	1.014125882105608228e-04	-8.685683178499274855e-04	-2.490820069596050095e-04
1.705132479382349270e-02	1.001240051399843639e-04	-8.930513961657633466e-04	-2.651892953396019345e-04
1.708466397613616836e-02	1.081776493293641400e-04	-8.427966564537160785e-04	-2.635785665021816884e-04
1.711800315844882667e-02	9.593611016011307125e-05	-8.492395717913208937e-04	-2.632564207329268118e-04
1.715134234076150926e-02	9.045963210979573565e-05	-8.724340670433443487e-04	-2.651892953366752391e-04
1.718468152307423696e-02	9.529181862472748722e-05	-8.563267786622704315e-04	-2.574577969162882203e-04
1.721802070538691262e-02	1.036676085855166800e-04	-8.411859275899405582e-04	-2.687328987823325637e-04
1.725135988769957093e-02	9.754683899753272100e-05	-8.608368194144869158e-04	-2.735650852952460459e-04
1.728469907001225353e-02	1.081776493308632392e-04	-8.866084808146575038e-04	-2.597128172913695603e-04
1.731803825232498123e-02	1.023790255129208810e-04	-8.959507080739636782e-04	-2.693771903181055739e-04
1.735137743463765689e-02	1.052783374201978655e-04	-9.181787660289483528e-04	-2.651892953400590341e-04
1.738471661695031520e-02	1.220299173406000815e-04	-9.246216813932762579e-04	-2.581020884534930820e-04
1.741805579926299780e-02	9.013748634171261053e-05	-8.998164572978778475e-04	-2.732429395285936881e-04
1.745139498157572550e-02	1.033454628151508079e-04	-8.788769824224950322e-04	-2.535920477067757253e-04
1.748473416388840115e-02	1.078555035634327631e-04	-8.837091689275532527e-04	-2.684107530152251664e-04
1.751807334620105946e-02	1.175198765928404812e-04	-9.159237456681943107e-04	-2.713100649243270664e-04
1.755141252851373512e-02	1.030233170480449690e-04	-9.426618443530833478e-04	-2.613235461299614495e-04
1.758475171082646976e-02	1.010904424433873026e-04	-8.975614368974296460e-04	-2.745315225991021811e-04
1.761809089313914542e-02	1.101105239351934088e-04	-9.127022879777864101e-04	-2.577799426846940039e-04
1.765143007545180373e-02	1.191306054306496577e-04	-9.098029760725642734e-04	-2.577799426859951008e-04
1.768476925776455572e-02	1.197748969664262593e-04	-9.020714776545316537e-04	-2.500484442639158591e-04
1.771810844007722444e-02	9.786898476594175730e-05	-9.329974713164461289e-04	-2.680886072483116785e-04
1.775144762238989316e-02	9.529181862564049387e-05	-9.056150810696536168e-04	-2.552027765452380523e-04
1.778478680470256187e-02	9.980185936955480845e-05	-9.094808302941719035e-04	-2.722765022269463438e-04
1.781812598701523059e-02	1.052783374220227539e-04	-8.962728538319200298e-04	-2.410283627713919027e-04
1.785146516932798258e-02	9.593611016122197967e-05	-8.882192096533107588e-04	-2.616456918955729189e-04
1.788480435164064089e-02	1.133319816134237132e-04	-9.036822064886187913e-04	-2.590685257559842609e-04
1.791814353395331655e-02	1.188084596637391921e-04	-8.985278742104273403e-04	-2.564913596145768537e-04
1.795148271626605119e-02	1.062447747230796011e-04	-8.869306265785136499e-04	-2.658335868758975843e-04
1.798482189857872685e-02	1.094662324018298889e-04	-9.114137048990091951e-04	-2.822630210213777717e-04
1.801816108089138516e-02	9.529181862231801052e-05	-9.075479557006163860e-04	-2.690550445502191772e-04
1.805150026320406081e-02	1.336271649759672810e-04	-9.249438271441189421e-04	-2.587463799880970511e-04
1.808483944551679545e-02	1.268621038558573105e-04	-9.078701014648686996e-04	-2.577799426852162099e-04
1.811817862782947111e-02	9.947971360310197103e-05	-8.994943115195344835e-04	-2.539141934741432228e-04
1.815151781014212942e-02	1.033454628159975020e-04	-9.156015998997845155e-04	-2.564913596149656486e-04
1.818485699245480508e-02	9.915756783593067348e-05	-8.927292504128647981e-04	-2.619678376631985649e-04
1.821819617476753972e-02	1.120433985418055122e-04	-9.355746374776198427e-04	-2.622899834321926367e-04
1.825153535708021538e-02	1.075333577975651103e-04	-9.214002237121424058e-04	-2.584242342215113176e-04
1.828487453939287369e-02	1.062447747254265058e-04	-9.420175528319046747e-04	-2.532699019390835093e-04
1.831821372170554935e-02	8.627173713116163963e-05	-9.536148004471575387e-04	-2.597128172905231779e-04
1.835155290401828398e-02	1.010904424430619065e-04	-9.333196171115508248e-04	-2.668000241770890216e-04
1.838489208633095964e-02	1.027011712786585245e-04	-8.907963758005408737e-04	-2.735650852979780727e-04
1.841823126864361795e-02	9.432538132008569842e-05	-8.788769824093108085e-04	-2.581020884538194810e-04
1.845157045095629361e-02	1.110769612395121460e-04	-9.139908710611368984e-04	-2.687328987848034063e-04
1.848490963326902825e-02	1.078555035630418676e-04	-9.352524917065588479e-04	-2.610014003613566605e-04
1.851824881558170391e-02	1.107548154707748946e-04	-9.027157691877025786e-04	-2.626121292006014562e-04
1.855158799789436222e-02	8.981534057760520056e-05	-9.181787660358912582e-04	-2.632564207348795141e-04
1.858492718020703788e-02	8.852675750240063496e-05	-8.949842707803063076e-04	-2.783972718110867654e-04
1.861826636251977252e-02	9.722469323127521615e-05	-9.059372268554841557e-04	-2.668000241768275120e-04
1.865160554483244817e-02	1.117212527735270274e-04	-9.320310340075758839e-04	-2.600349630588659694e-04
1.868494472714510649e-02	1.107548154737078106e-04	-9.104472675908982168e-04	-2.619678376616369885e-04
1.871828390945778214e-02	9.980185937059714687e-05	-9.194673490795359861e-04	-2.742093768318660889e-04
1.875162309177051678e-02	1.039897543504703775e-04	-9.020714776520004754e-04	-2.626121291978015583e-04
1.878496227408319244e-02	1.072112120272657811e-04	-8.994943115219280767e-04	-2.680886072483126543e-04
1.881830145639585075e-02	9.593611015880895221e-05	-8.798434197006515644e-04	-2.613235461295708656e-04
1.885164063870852641e-02	1.142984189168267739e-04	-9.178566202613804405e-04	-2.664778784118684613e-04
1.888497982102126105e-02	1.056004831899113325e-04	-9.397625324530073767e-04	-2.671221699462773282e-04
1.891831900333393671e-02	1.191306054303907638e-04	-9.175344745054804952e-04	-2.674443157121474341e-04
1.895165818564659502e-02	1.078555035633685784e-04	-8.956285623172962262e-04	-2.532699019400592912e-04
1.898499736795927068e-02	1.188084596630882371e-04	-8.849977519892847496e-04	-2.481155696588676902e-04
