# Time (s)	Generation (V)	PC (V)	PL (V)
1.500263204070890169e-05	1.007682966750442265e-04	1.778503546101919183e-03	-2.571356511513269469e-04
4.834181435339528833e-05	9.883542206797716473e-05	-5.912007974752547280e-04	-2.632564207354003648e-04
8.168099666608183592e-05	1.275063953920915131e-04	-9.378296569795964259e-04	-2.671221699444551096e-04
1.150201789787680921e-04	1.113991070060946405e-04	-9.687556514779240881e-04	-2.616456918970684132e-04
1.483593612914544161e-04	1.062447747243839099e-04	-9.233330983040935209e-04	-2.597128172913703193e-04
1.816985436041414854e-04	1.068890662595712747e-04	-9.252659729035122953e-04	-2.600349630605574875e-04
2.150377259168277959e-04	1.107548154721430087e-04	-9.526483631422548231e-04	-2.645450038051944228e-04
2.483769082295139165e-04	1.113991070056377983e-04	-9.471718851060838187e-04	-2.513370273349469376e-04
2.817160905422001998e-04	1.197748969663607599e-04	-9.871179602680985737e-04	-2.632564207350740200e-04
3.150552728548863747e-04	1.081776493315151971e-04	-9.513597800836985207e-04	-2.684107530134040320e-04
3.483944551675727122e-04	1.200970427350319834e-04	-9.271988475284677171e-04	-2.552027765460834589e-04
3.817336374802589413e-04	1.081776493306010249e-04	-9.143130168046542791e-04	-2.484377154246736113e-04
4.150728197929463088e-04	1.146205646832162804e-04	-9.127022879624489609e-04	-2.487598611948392720e-04
4.484120021056323211e-04	1.136541273795504226e-04	-9.188230575517860720e-04	-2.780751260415077124e-04
4.817511844183182249e-04	9.625825592643707834e-05	-9.304203051740505799e-04	-2.568135053827216700e-04
5.150903667310046709e-04	1.130098358445567913e-04	-8.824205858388168818e-04	-2.684107530143787839e-04
5.484295490436907373e-04	9.980185937235806738e-05	-9.220445152327502465e-04	-2.587463799873809898e-04
5.817687313563794059e-04	1.220299173392319674e-04	-9.094808303038427700e-04	-2.571356511502868717e-04
6.151079136690657976e-04	1.149427104524053595e-04	-8.965949996153700944e-04	-2.603571088261045553e-04
6.484470959817520809e-04	8.756032019984639613e-05	-9.172123287283904690e-04	-2.490820069601897197e-04
6.817862782944378221e-04	1.159091477547022765e-04	-9.130244337461985906e-04	-2.668000241761770992e-04
7.151254606071238886e-04	1.072112120279813816e-04	-9.474940308649013520e-04	-2.516591730997101272e-04
7.484646429198103888e-04	9.690254746318965157e-05	-9.777757329946599324e-04	-2.581020884523214389e-04
7.818038252324961300e-04	1.139762731495900855e-04	-9.513597800690836923e-04	-2.571356511517178017e-04
8.151430075451824133e-04	1.072112120254416380e-04	-9.755207126355532271e-04	-2.542363392419657599e-04
8.484821898578681545e-04	1.056004831897793173e-04	-9.793864618268634855e-04	-2.574577969179780036e-04
8.818213721705542209e-04	1.136541273829396657e-04	-9.771314414668069107e-04	-2.545584850069898086e-04
9.151605544832444074e-04	1.072112120256353172e-04	-9.400846782027426568e-04	-2.587463799873801224e-04
9.484997367959307991e-04	1.088219408664449554e-04	-9.420175528086495139e-04	-2.465048408209265392e-04
9.818389191086165403e-04	1.065669204929880890e-04	-9.468497393269880184e-04	-2.690550445505449800e-04
1.015178101421302607e-03	9.690254746168850590e-05	-9.574805496430915941e-04	-2.590685257553994422e-04
1.048517283733989107e-03	1.023790255115510458e-04	-9.404068239710141079e-04	-2.445719662156190292e-04
1.081856466046675824e-03	1.136541273818977610e-04	-9.059372268449629494e-04	-2.616456918958967701e-04
1.115195648359362541e-03	1.088219408654673168e-04	-8.946621249960530660e-04	-2.571356511502197596e-04
1.148534830672048607e-03	1.171977308236468756e-04	-9.619905903971402716e-04	-2.722765022268827011e-04
1.181874012984734674e-03	1.120433985446738097e-04	-9.127022879744138908e-04	-2.587463799883580186e-04
1.215213195297422692e-03	9.980185937222929126e-05	-9.297760136483807078e-04	-2.719543564599719780e-04
1.248552377610108758e-03	1.255735207852822475e-04	-8.930513961589437149e-04	-2.561692138467546419e-04
1.281891559922794608e-03	9.690254746084427833e-05	-9.284874305765235215e-04	-2.764643972039558441e-04
1.315230742235480241e-03	1.178420223600763701e-04	-9.059372268686336849e-04	-2.848401871621362839e-04
1.348569924548166741e-03	9.593611016044009373e-05	-8.885413554314317529e-04	-2.870952075352012248e-04
1.381909106860852374e-03	9.432538132164887401e-05	-8.891856469730490464e-04	-2.983703093992958475e-04
1.415248289173538223e-03	9.174821518036960601e-05	-9.123801422273353397e-04	-3.305848861574713820e-04
1.448587471486224290e-03	8.562744559584373693e-05	-9.217223694880660474e-04	-3.589337137030803324e-04
1.481926653798910139e-03	8.949319480665170439e-05	-9.362189290196067408e-04	-4.133763484167419849e-04
1.515265836111600543e-03	7.660736410006123800e-05	-9.790643160857788376e-04	-4.900470410922658400e-04
1.548605018424287260e-03	4.149347542711467977e-05	-9.983930621398318887e-04	-6.172946192590689392e-04
1.581944200736973543e-03	3.021837355807242918e-05	-1.009668163996978564e-03	-8.257229308191974156e-04
1.615283383049659826e-03	-2.454640693890438271e-05	-1.028030472736413906e-03	-1.051547113795227697e-03
1.648622565362346326e-03	-5.804956677325388489e-05	-1.074097317480147192e-03	-1.350820531699652161e-03
1.681961747675032610e-03	-1.128143472668417146e-04	-1.175251088445292092e-03	-1.690684316227275726e-03
1.715300929987719110e-03	-1.592033378015364042e-04	-1.209398539787540387e-03	-2.116238874760274953e-03
1.748640112300405176e-03	-2.291089693694419241e-04	-1.275760567862012102e-03	-2.592692464384259519e-03
1.781979294613091677e-03	-3.015917670738123800e-04	-1.335679680595231638e-03	-3.142595288740076750e-03
1.815318476925777960e-03	-3.847053751053929244e-04	-1.480645275902914499e-03	-3.730189167643169386e-03
1.848657659238465327e-03	-5.009999971847653357e-04	-1.522202079881611369e-03	-4.368682077477115469e-03
1.881996841551151394e-03	-5.815364390638868208e-04	-1.628832328856563705e-03	-5.036168106058699738e-03
1.915336023863837894e-03	-7.052404137856874535e-04	-1.716778123327967814e-03	-5.778714097946629005e-03
1.948675206176523960e-03	-8.202464527723947246e-04	-1.839837806423262135e-03	-6.624346734728864261e-03
1.982014388489209810e-03	-1.004191685985014217e-03	-1.959353886079603837e-03	-7.655857478079533714e-03
2.015353570801895877e-03	-1.452296448407003424e-03	-2.305338440043384635e-03	-1.055967941093647125e-02
2.048692753114581943e-03	-2.315324958842011980e-03	-2.946086370796049351e-03	-1.624555216150537149e-02
2.082031935427268009e-03	-4.542318645501886368e-03	-4.449218518998924142e-03	-3.075886307403007114e-02
2.115371117739955377e-03	-8.764683203992467558e-03	-7.635884440148661342e-03	-5.803816597448974851e-02
2.148710300052642744e-03	-1.464835346154814109e-02	-1.273706263829726265e-02	-9.485781499958072238e-02
2.182049482365330546e-03	-2.109771165986197572e-02	-1.884977852032667170e-02	-1.348322368227686530e-01
2.215388664678016612e-03	-2.747200987171643030e-02	-2.522407674028292676e-02	-1.743005672338523715e-01
2.248727846990702679e-03	-3.377285882736776740e-02	-3.159193202223809643e-02	-2.132260817880519965e-01
2.282067029303388745e-03	-4.006500982603574540e-02	-3.790534464837384127e-02	-2.520649390176261107e-01
2.315406211616074812e-03	-4.629176521476974920e-02	-4.418074405383540237e-02	-2.909579167642806774e-01
2.348745393928761745e-03	-5.260582208427516671e-02	-5.046967356090209522e-02	-3.298241565981347434e-01
2.382084576241447812e-03	-5.890828168691866068e-02	-5.684010592486488100e-02	-3.686501285471836531e-01
2.415423758554133878e-03	-6.510314458804457305e-02	-6.307588134317732020e-02	-4.083085256112681249e-01
2.448762940866820812e-03	-7.135116152114175103e-02	-6.930295880788145402e-02	-4.476038650671983476e-01
2.482102123179506879e-03	-7.767327196042064785e-02	-7.563570006273394319e-02	-4.865174625982417456e-01
2.515441305492192945e-03	-8.396606711906601239e-02	-8.197842781863702577e-02	-5.249980971539979224e-01
2.548780487804879012e-03	-9.034165371980912296e-02	-8.827283369478225450e-02	-5.642602584620035611e-01
2.582119670117565078e-03	-9.677458224835565337e-02	-9.471639303833283285e-02	-6.035871723412806755e-01
2.615458852430251144e-03	-1.032645305592279489e-01	-1.012169721639686049e-01	-6.441678791531215698e-01
2.648798034742938078e-03	-1.097519016888134219e-01	-1.077004775493011629e-01	-6.853542218013294329e-01
2.682137217055624145e-03	-1.163913255977438443e-01	-1.142619421913708827e-01	-7.269094233693402796e-01
2.715476399368310211e-03	-1.230942122048033771e-01	-1.209561308677859492e-01	-7.685400092072957046e-01
2.748815581680996711e-03	-1.298070853160497584e-01	-1.276606281939774157e-01	-8.108384058032416242e-01
2.782154763993682778e-03	-1.366565482111503083e-01	-1.345030038868502142e-01	-8.537202112204442805e-01
2.815493946306369278e-03	-1.435739838459503259e-01	-1.414065872585227868e-01	-8.977768857023791238e-01
2.848833128619055344e-03	-1.504894865939192528e-01	-1.483005062452488476e-01	-9.412617543905202888e-01
2.882172310931741411e-03	-1.574955122850544287e-01	-1.552714180536281796e-01	-9.848680755197183334e-01
2.915511493244428345e-03	-1.644947729046349061e-01	-1.623512151129827830e-01	-1.028550426717301569e+00
2.948850675557114411e-03	-1.715423553759514996e-01	-1.693495092882913999e-01	-1.072903167670329783e+00
2.982189857869800478e-03	-1.787381248806168554e-01	-1.764644202138286044e-01	-1.118519047504430874e+00
3.015529040182486544e-03	-1.859812498010418036e-01	-1.837259074443350626e-01	-1.163677162435374779e+00
3.048868222495171743e-03	-1.932891260082010843e-01	-1.910099448687778700e-01	-1.209592969890343150e+00
3.082207404807858677e-03	-2.006234181594066524e-01	-1.983377941071691186e-01	-1.254694719220800447e+00
3.115546587120545177e-03	-2.079757504662705925e-01	-2.057249181560946993e-01	-1.301019985156200320e+00
3.148885769433231244e-03	-2.153870354391596020e-01	-2.131555318750165406e-01	-1.347343968321663477e+00
3.182224951745917310e-03	-2.229155814585471185e-01	-2.206547626328924372e-01	-1.393736896916128565e+00
3.215564134058603377e-03	-2.303545709583183776e-01	-2.281098594206175945e-01	-1.439658853912052061e+00
3.248903316371289443e-03	-2.379214523161374828e-01	-2.356235867313110355e-01	-1.487052059954727445e+00
3.282242498683975510e-03	-2.455579171535755834e-01	-2.432896889772492577e-01	-1.534222669974143693e+00
3.315581680996661576e-03	-2.530987047055981431e-01	-2.508787983905307328e-01	-1.581235757786416896e+00
3.348920863309347642e-03	-2.607367802733968620e-01	-2.584846593834982387e-01	-1.629011374034528004e+00
3.382260045622033709e-03	-2.684334863689993855e-01	-2.661878083930935834e-01	-1.676922622156566511e+00
3.415599227934719775e-03	-2.760715619430641476e-01	-2.738113874074968312e-01	-1.724343249387215948e+00
3.448938410247408010e-03	-2.837656908813592782e-01	-2.814952076804407843e-01	-1.771900475418956677e+00
3.482277592560094077e-03	-2.914060214865041853e-01	-2.891738736271886046e-01	-1.820074299250543648e+00
3.515616774872780143e-03	-2.990318555403190803e-01	-2.968187142777202192e-01	-1.868370226161444991e+00
3.548955957185466210e-03	-3.066960249460002341e-01	-3.045453799553166085e-01	-1.915508044699468782e+00
3.582295139498152276e-03	-3.142735371557935919e-01	-3.121663818378883626e-01	-1.963127482540982349e+00
3.615634321810838343e-03	-3.219045255697347008e-01	-3.198057460381962258e-01	-2.010976621229994432e+00
3.648973504123524409e-03	-3.295451783677635915e-01	-3.274676604521236656e-01	-2.057754631179468330e+00
3.682312686436210476e-03	-3.371294556730281555e-01	-3.350503270250781984e-01	-2.103600357477691141e+00
3.715651868748896976e-03	-3.446966592675297369e-01	-3.426806711820821749e-01	-2.151126091726777823e+00
3.748991051061583042e-03	-3.522722386663078575e-01	-3.502762236131487517e-01	-2.198309394438456632e+00
3.782330233374269109e-03	-3.597943418868637666e-01	-3.578305414042588506e-01	-2.244889970558339165e+00
3.815669415686955175e-03	-3.673367403065341819e-01	-3.654238388477829003e-01	-2.290478343622855295e+00
3.849008597999641242e-03	-3.746926163549627598e-01	-3.728560634343071611e-01	-2.337124660277290378e+00
3.882347780312327308e-03	-3.821235523816124968e-01	-3.802699257314861581e-01	-2.382932760414897100e+00
3.915686962625015109e-03	-3.895013343788380489e-01	-3.876805665904404230e-01	-2.427287019495118603e+00
3.949026144937704645e-03	-3.966877618194259991e-01	-3.949236916784125140e-01	-2.472856431135366240e+00
3.982365327250390712e-03	-4.039373298480311569e-01	-4.022125614838548691e-01	-2.516645343279434233e+00
4.015704509563076778e-03	-4.110229257091599919e-01	-4.094556866137621931e-01	-2.560038991043121381e+00
4.049043691875768049e-03	-4.179306971348870636e-01	-4.163988940678038375e-01	-2.601120915663250432e+00
4.082382874188454115e-03	-4.247920795930394955e-01	-4.233305042960731068e-01	-2.643059120356397784e+00
4.115722056501140182e-03	-4.316679586322218487e-01	-4.302337657198732068e-01	-2.685985686580335319e+00
4.149061238813826248e-03	-4.383888855843556254e-01	-4.370403834390456654e-01	-2.727187482339665348e+00
4.182400421126509713e-03	-4.450669671730632104e-01	-4.437651761582882548e-01	-2.767918630223828114e+00
4.215739603439195779e-03	-4.516693445309891142e-01	-4.504593650535481109e-01	-2.808421385544990212e+00
4.249078785751881845e-03	-4.580858438076564898e-01	-4.569113003597493061e-01	-2.848572687655009705e+00
4.282417968064567912e-03	-4.644163301881753525e-01	-4.633371418819325349e-01	-2.887960830407831914e+00
4.315757150377253978e-03	-4.706588707978267005e-01	-4.695838703826998306e-01	-2.926163476432338317e+00
4.349096332689940045e-03	-4.767693316663780823e-01	-4.757938742888084827e-01	-2.965864768900624782e+00
4.382435515002626111e-03	-4.827973232410830984e-01	-4.818795299521458908e-01	-3.003993341337854783e+00
4.415774697315314780e-03	-4.887038658836320160e-01	-4.879191187934426854e-01	-3.041112309235064703e+00
4.449113879628000846e-03	-4.944486913720408938e-01	-4.937795946100325684e-01	-3.077122127725629763e+00
4.482453061940686913e-03	-5.000575713668378164e-01	-4.994458165493855240e-01	-3.111389128794434633e+00
4.515792244253372979e-03	-5.055778612951815632e-01	-5.050530858337650697e-01	-3.146033697470309143e+00
4.549131426566056444e-03	-5.109953867426071383e-01	-5.105930266728040401e-01	-3.179806861175531019e+00
4.582470608878747714e-03	-5.162653694458511078e-01	-5.159393579229232252e-01	-3.212249878621343147e+00
4.615809791191433781e-03	-5.213897422782903801e-01	-5.211329920958006623e-01	-3.243341809215014582e+00
4.649148973504117245e-03	-5.263546529703089227e-01	-5.261968015401464749e-01	-3.273853878094742154e+00
4.682488155816803312e-03	-5.311762088094311718e-01	-5.311311084007052097e-01	-3.303250994424973275e+00
4.715827338129489378e-03	-5.358267052573498779e-01	-5.358534433570623090e-01	-3.331966770881307216e+00
4.749166520442175445e-03	-5.402961557935728187e-01	-5.404230812307687648e-01	-3.359396209865255223e+00
4.782505702754861511e-03	-5.446557546338613998e-01	-5.448174718157672292e-01	-3.386329866327224103e+00
4.815844885067547577e-03	-5.488729650534007742e-01	-5.491535540292618034e-01	-3.413083446844361379e+00
4.849184067380233644e-03	-5.529291025955845873e-01	-5.532824965192552069e-01	-3.437665742327906226e+00
4.882523249692919710e-03	-5.567523287492845974e-01	-5.571817490789570115e-01	-3.461804764372976351e+00
4.915862432005605777e-03	-5.603671265922391953e-01	-5.609415125262876556e-01	-3.484946092382198657e+00
4.949201614318291843e-03	-5.638717505871840840e-01	-5.645492231742625933e-01	-3.506386472002698707e+00
4.982540796630977910e-03	-5.672314089883597754e-01	-5.679936059192089992e-01	-3.527950883360105649e+00
5.015879978943663976e-03	-5.704142093617534659e-01	-5.712775600719093294e-01	-3.547867177791877324e+00
5.049219161256350043e-03	-5.734246617470438734e-01	-5.744039849431615830e-01	-3.565539054341560821e+00
5.082558343569036977e-03	-5.762511688945967103e-01	-5.773010420208808391e-01	-3.583351391093914540e+00
5.115897525881722176e-03	-5.788309123741984807e-01	-5.800292947119749520e-01	-3.599891558597947405e+00
5.149236708194409110e-03	-5.813339851614404141e-01	-5.826357763005846069e-01	-3.614734639824675355e+00
5.182575890507094309e-03	-5.837478235700470641e-01	-5.851146881617973472e-01	-3.630370857592524647e+00
5.215915072819802059e-03	-5.858807508535547326e-01	-5.873909703252485626e-01	-3.644565453734461613e+00
5.249254255132470778e-03	-5.877749681090966849e-01	-5.893995493397047314e-01	-3.655663218138522907e+00
5.282593437445174192e-03	-5.894394954177729629e-01	-5.912045322165551120e-01	-3.666507129026426615e+00
5.315932619757862861e-03	-5.909522920604272089e-01	-5.927972210183480861e-01	-3.676727679398881676e+00
5.349271802070550662e-03	-5.922727676664909513e-01	-5.942288369255076530e-01	-3.685082656285971314e+00
5.382610984383234126e-03	-5.933838485082130187e-01	-5.954681317952609243e-01	-3.692177380379429774e+00
5.415950166695924529e-03	-5.943151719980308556e-01	-5.964848239223757842e-01	-3.698536312694381323e+00
5.449289349008606259e-03	-5.950499865541982736e-01	-5.973111278856544359e-01	-3.703394989534403603e+00
5.482628531321296662e-03	-5.955744399071685180e-01	-5.978980775239305379e-01	-3.706884525999726065e+00
5.515967713633976657e-03	-5.959284781351410487e-01	-5.983651889267088686e-01	-3.709685304391263649e+00
5.549306895946668795e-03	-5.960869738659708705e-01	-5.986254827291752623e-01	-3.711869164170531477e+00
5.582646078259348790e-03	-5.960595914734463374e-01	-5.986976433872821524e-01	-3.712746058473670008e+00
5.615985260572042663e-03	-5.958076734622238524e-01	-5.985307718653637421e-01	-3.711613698631548885e+00
5.649324442884723525e-03	-5.953531257464674820e-01	-5.981812436776884345e-01	-3.708762664719244651e+00
5.682663625197414796e-03	-5.947110891787723563e-01	-5.976793405291013217e-01	-3.705618151566568930e+00
5.716002807510094791e-03	-5.938490270342616784e-01	-5.969632104272527551e-01	-3.700331336341837307e+00
5.749341989822786929e-03	-5.927559863565197151e-01	-5.960051488342600345e-01	-3.693983034874962268e+00
5.782681172135466924e-03	-5.914425979573398884e-01	-5.948148201245649913e-01	-3.685309450339393056e+00
5.816020354448159062e-03	-5.898882445067729074e-01	-5.933400366803235348e-01	-3.676116559612456758e+00
5.849359536760837322e-03	-5.882066434704460445e-01	-5.917402606703017209e-01	-3.666496175813518832e+00
5.882698719073532062e-03	-5.862979296535383300e-01	-5.899256134188423095e-01	-3.654864928962826998e+00
5.916037901386209455e-03	-5.842371630264576732e-01	-5.879457053789374221e-01	-3.642352601592240280e+00
5.949377083698906797e-03	-5.819750552840694535e-01	-5.857976372393868258e-01	-3.628330678377247320e+00
5.982716266011584190e-03	-5.795232036759874195e-01	-5.834437179435130183e-01	-3.612621010671662525e+00
6.016055448324278930e-03	-5.769376615706451883e-01	-5.808742831189041000e-01	-3.596586939621424950e+00
6.049394630636955456e-03	-5.741163087541027998e-01	-5.781895201074547241e-01	-3.579702393883324785e+00
6.082733812949651063e-03	-5.710858833282369540e-01	-5.753059931506928626e-01	-3.561280549330204881e+00
6.116072995262327588e-03	-5.678744119780546606e-01	-5.721918098169715972e-01	-3.541271473325939390e+00
6.149412177575023196e-03	-5.645047670557601371e-01	-5.689326608873868096e-01	-3.519878443485788821e+00
6.182751359887697987e-03	-5.609572976696600710e-01	-5.654219161078802847e-01	-3.497251260368767767e+00
6.216090542200395329e-03	-5.572687284405138941e-01	-5.618216148103747365e-01	-3.473330648970220036e+00
6.249429724513070120e-03	-5.534342271828669446e-01	-5.580019322446034824e-01	-3.449151355904679139e+00
6.282768906825767462e-03	-5.493107611707123139e-01	-5.540965589124665636e-01	-3.424136410710052036e+00
6.316108089138442253e-03	-5.450532825271173776e-01	-5.498806370586856174e-01	-3.397832548995630919e+00
6.349447271451139595e-03	-5.406695227520201819e-01	-5.455181388887073712e-01	-3.370632794308325408e+00
6.382786453763814385e-03	-5.361736562607228862e-01	-5.410647956236642742e-01	-3.342828692685101633e+00
6.416125636076511728e-03	-5.315089853974097611e-01	-5.364703525227827452e-01	-3.313731810756424867e+00
6.449464818389189988e-03	-5.266097924250816575e-01	-5.317183801527479714e-01	-3.283336672650669197e+00
6.482804000701888197e-03	-5.215930162623736432e-01	-5.267576573363953463e-01	-3.251600111330056997e+00
6.516143183014561253e-03	-5.164518918489585664e-01	-5.216912707237895130e-01	-3.218673859966052042e+00
6.549482365327260330e-03	-5.110759231858784668e-01	-5.164216101462875130e-01	-3.184733490856300531e+00
6.582821547639933386e-03	-5.055279287007397038e-01	-5.109544742296696640e-01	-3.149779326793776146e+00
6.616160729952632463e-03	-4.998826462137220816e-01	-5.053397955703251565e-01	-3.114267531625307672e+00
6.649499912265305519e-03	-4.941980619638597916e-01	-4.996345939707882988e-01	-3.078128521524861494e+00
6.682839094578004596e-03	-4.882989286535906470e-01	-4.938581981777104835e-01	-3.041094913240318665e+00
6.716178276890677652e-03	-4.823112052793262494e-01	-4.878878706540115684e-01	-3.003437634546259005e+00
6.749517459203376729e-03	-4.762271603432179923e-01	-4.818250873177285509e-01	-2.965034591431086053e+00
6.782856641516048918e-03	-4.700329415779778697e-01	-4.756952976847296233e-01	-2.925984361850920479e+00
6.816195823828748862e-03	-4.636563883331267788e-01	-4.694450255584752263e-01	-2.886201898948657085e+00
6.849535006141421051e-03	-4.572057415860648621e-01	-4.629624863597956441e-01	-2.845597323701268611e+00
6.882874188454121862e-03	-4.507087058723385775e-01	-4.564509540662466391e-01	-2.804301106736879934e+00
6.916213370766793184e-03	-4.439823024002600427e-01	-4.498733819150463886e-01	-2.762667611655997391e+00
6.949552553079493995e-03	-4.372207850638034632e-01	-4.431308711579104997e-01	-2.721071174865206110e+00
6.982891735392165317e-03	-4.303645568974587832e-01	-4.362269653991706631e-01	-2.678732197557106787e+00
7.016230917704866128e-03	-4.233092426762054550e-01	-4.293459320128239498e-01	-2.634953229359129345e+00
7.049570100017535715e-03	-4.162545727695075026e-01	-4.222825641510444816e-01	-2.591769602513246618e+00
7.082909282330238261e-03	-4.091557689165172262e-01	-4.151624986592829525e-01	-2.547704590165026151e+00
7.116248464642907848e-03	-4.018823620866859292e-01	-4.079883127032041812e-01	-2.503374139508065976e+00
7.149587646955610394e-03	-3.946218411083989852e-01	-4.006756040949832065e-01	-2.457938733429494871e+00
7.182926829268279981e-03	-3.873909575598398769e-01	-3.934012308528609947e-01	-2.411625486634852766e+00
7.216266011580984262e-03	-3.798781964987120729e-01	-3.860543748371373374e-01	-2.365667258468776346e+00
7.249605193893653848e-03	-3.724182673602772775e-01	-3.785400030508102032e-01	-2.318542545659695531e+00
7.282944376206356395e-03	-3.649006741512858532e-01	-3.710591344420455795e-01	-2.271396260828770330e+00
7.316283558519025981e-03	-3.572870815268511802e-01	-3.634774342322940055e-01	-2.224429745814718640e+00
7.349622740831728528e-03	-3.496564151947095800e-01	-3.558296941617864473e-01	-2.176695565075259076e+00
7.382961923144396379e-03	-3.419783934536522185e-01	-3.481661689665309645e-01	-2.128630550435840263e+00
7.416301105457100661e-03	-3.342359425781973870e-01	-3.404356374716897560e-01	-2.081070673749402467e+00
7.449640287769768512e-03	-3.266075313107233424e-01	-3.326964080565839033e-01	-2.033310110115903235e+00
7.482979470082472793e-03	-3.188644361703197316e-01	-3.249832724605922762e-01	-1.985427141125531092e+00
7.516318652395140645e-03	-3.111200524585213678e-01	-3.172240700354397869e-01	-1.937526464392655967e+00
7.549657834707844926e-03	-3.034082054773126758e-01	-3.095280081876510270e-01	-1.889327167480038927e+00
7.582997017020511911e-03	-2.956615667648544998e-01	-3.017504434765810872e-01	-1.841274457204546966e+00
7.616336199333217059e-03	-2.879680821081228026e-01	-2.940060597861433034e-01	-1.793941432235890865e+00
7.649675381645884044e-03	-2.802288527625582670e-01	-2.862745619332054958e-01	-1.745960579253650113e+00
7.683014563958589192e-03	-2.725437439074707147e-01	-2.785282453825960181e-01	-1.698509344206426519e+00
7.716353746271256177e-03	-2.649478694276108381e-01	-2.708424922370882837e-01	-1.650571354145562886e+00
7.749692928583962193e-03	-2.573294447488780334e-01	-2.632443627378326378e-01	-1.602494849407837485e+00
7.783032110896668208e-03	-2.497438789379496094e-01	-2.556220723107301973e-01	-1.554915746883313021e+00
7.816371293209334326e-03	-2.421947155968572629e-01	-2.480165334640323516e-01	-1.507809240767344683e+00
7.849710475522003045e-03	-2.345878881675273753e-01	-2.404213032817346385e-01	-1.460719815634486496e+00
7.883049657834708193e-03	-2.271195834063605423e-01	-2.328463682807450363e-01	-1.413385566252437942e+00
7.916388840147409872e-03	-2.197202178318374277e-01	-2.254012580126180387e-01	-1.366817387433008513e+00
7.949728022460080326e-03	-2.123105435901340710e-01	-2.179732214662445655e-01	-1.320588757004964808e+00
7.983067204772782005e-03	-2.050738616083005172e-01	-2.105986611096226369e-01	-1.274911646764661066e+00
8.016406387085452459e-03	-1.978523204711989392e-01	-2.034093345509613848e-01	-1.230154913598637823e+00
8.049745569398154138e-03	-1.907319330915899780e-01	-1.961723304168156434e-01	-1.185291233022902402e+00
8.083084751710824592e-03	-1.836566461092774827e-01	-1.890764261122164225e-01	-1.141218748088607349e+00
8.116423934023526271e-03	-1.766393453532910107e-01	-1.820510717185858107e-01	-1.097322159385575091e+00
8.149763116336196725e-03	-1.697409163688035905e-01	-1.750450460617981041e-01	-1.054536334365906880e+00
8.183102298648898404e-03	-1.630225668470801637e-01	-1.681682008402239636e-01	-1.012072981320516707e+00
8.216441480961568858e-03	-1.562819892594672355e-01	-1.614640257291589387e-01	-9.702716417686296779e-01
8.249780663274270537e-03	-1.496902429965850934e-01	-1.547682263979954231e-01	-9.294908638294349101e-01
8.283119845586940991e-03	-1.432408851434300301e-01	-1.481523192017593360e-01	-8.889378459908838792e-01
8.316459027899642670e-03	-1.368404934331518830e-01	-1.417557932486396832e-01	-8.491914841987486806e-01
8.349798210212313124e-03	-1.305425440595622821e-01	-1.354008240862696610e-01	-8.101042353364854565e-01
8.383137392525014803e-03	-1.244262848768101226e-01	-1.291254249124871023e-01	-7.715056839696272650e-01
8.416476574837685257e-03	-1.184382396908209567e-01	-1.230777827716766359e-01	-7.340939199032150420e-01
8.449815757150386936e-03	-1.125307309308276327e-01	-1.171258179070848171e-01	-6.980313043369130721e-01
8.483154939463059124e-03	-1.068100666944735155e-01	-1.113362144890976124e-01	-6.629866710730236701e-01
8.516494121775762538e-03	-1.013239245536298877e-01	-1.056774022345509517e-01	-6.287564237233933540e-01
8.549833304088432992e-03	-9.587450701744579251e-02	-1.002150988770377366e-01	-5.956475670500593900e-01
8.583172486401134671e-03	-9.061322258955785414e-02	-9.476793635887649503e-02	-5.632003988099418823e-01
8.616511668713805125e-03	-8.547274280827124593e-02	-8.957108107928277163e-02	-5.317145144374018084e-01
8.649850851026506804e-03	-8.056420795913403488e-02	-8.453336579122072703e-02	-5.003735963966134959e-01
8.683190033339177258e-03	-7.569916277674652860e-02	-7.965801195283382652e-02	-4.702336384122531299e-01
8.716529215651878937e-03	-7.104157945058252321e-02	-7.489863057613710406e-02	-4.413046268675975825e-01
8.749868397964549391e-03	-6.651510943746391513e-02	-7.023524862474941899e-02	-4.136010581993082025e-01
8.783207580277251070e-03	-6.222219508861219495e-02	-6.581863031282103593e-02	-3.868397661903354434e-01
8.816546762589921524e-03	-5.811387025001912149e-02	-6.157758142942181684e-02	-3.608332619351606319e-01
8.849885944902623203e-03	-5.403614925038425360e-02	-5.743736415959255909e-02	-3.357364974711689598e-01
8.883225127215293657e-03	-5.020583618519761093e-02	-5.351878316309723743e-02	-3.120745703047807518e-01
8.916564309527995336e-03	-4.652725376523950129e-02	-4.975161066558771161e-02	-2.893520202261650187e-01
8.949903491840665790e-03	-4.304163664848965898e-02	-4.614776606091546690e-02	-2.675901088145061224e-01
8.983242674153367469e-03	-3.982694410981596489e-02	-4.275782623412888866e-02	-2.471986054227541529e-01
9.016581856466037923e-03	-3.666959351113806970e-02	-3.955924098299865715e-02	-2.275924933565351693e-01
9.049921038778739601e-03	-3.370778538423246234e-02	-3.648790330200348681e-02	-2.090948847776582520e-01
9.083260221091410055e-03	-3.040901278558456877e-02	-3.336921018900277508e-02	-1.881096667297880443e-01
9.116599403404122143e-03	-2.553688027598889632e-02	-2.933111306578858532e-02	-1.565451823186058411e-01
9.149938585716785658e-03	-1.750578639101961140e-02	-2.286919121207331082e-02	-1.049506413581269004e-01
9.183277768029494276e-03	-6.717124712975791785e-03	-1.328857618622488086e-02	-3.872037335226946597e-02
9.216616950342157791e-03	-1.719033143678847268e-03	-5.535494043635492967e-03	-1.134539293133897571e-02
9.249956132654866409e-03	-8.447295310959515146e-04	-2.748288869801559543e-03	-6.811513424830575175e-03
9.283295314967529924e-03	-5.596305268743974977e-04	-1.921984977082376008e-03	-4.992034135990361561e-03
9.316634497280238542e-03	-3.985576431086175334e-04	-1.578577589161973176e-03	-3.769813096952291578e-03
9.349973679592902057e-03	-2.806522921820052570e-04	-1.391410898345854345e-03	-2.927401916368383566e-03
9.383312861905610675e-03	-1.833642703728043468e-04	-1.267706923685872969e-03	-2.308882043534929082e-03
9.416652044218274190e-03	-1.173243880134312302e-04	-1.232270889268894136e-03	-1.852079345633393832e-03
9.449991226530982807e-03	-7.319041785050187543e-05	-1.182016149557682571e-03	-1.517369893416463172e-03
9.483330408843646323e-03	-3.002288498837165975e-05	-1.119519870681961668e-03	-1.268351215256944891e-03
9.516669591156354940e-03	-3.324434266555701691e-05	-1.072164442872056752e-03	-1.076030192118723229e-03
9.550008773469018455e-03	1.797683439129701074e-05	-1.067332256355521059e-03	-9.371853663597387628e-04
9.583347955781727073e-03	2.538618704476928480e-05	-1.064432944441041137e-03	-8.289443884952107976e-04
9.616687138094390588e-03	2.087614629863774628e-05	-1.085050273551083425e-03	-7.374549905354761421e-04
9.650026320407099206e-03	5.437930613129803438e-05	-1.065077235969310492e-03	-6.823680642952017952e-04
9.683365502719762721e-03	5.147999422219513149e-05	-9.590912784838283604e-04	-6.276032838200193680e-04
9.716704685032471339e-03	6.211080455669866160e-05	-9.536148004362485133e-04	-5.796035644602035540e-04
9.750043867345134854e-03	5.953363841470398279e-05	-9.471718850928757425e-04	-5.618855472480483414e-04
9.783383049657843472e-03	6.017792994949961854e-05	-9.294538678756568721e-04	-5.283823874253460199e-04
9.816722231970506987e-03	6.694299107026093030e-05	-9.375075120628298224e-04	-5.090536413764873815e-04
9.850061414283215605e-03	8.691602866569935045e-05	-9.716549634087793662e-04	-4.929463529976607986e-04
9.883400596595879120e-03	7.145303181665430025e-05	-9.416954070412525803e-04	-4.868255834150193406e-04
9.916739778908587738e-03	6.694299107143486375e-05	-9.294538678899757133e-04	-4.710404408063529973e-04
9.950078961221251253e-03	6.146651302177084128e-05	-9.349303459316467670e-04	-4.465573624720125157e-04
9.983418143533959871e-03	7.821809293989184168e-05	-9.578026954216206819e-04	-4.343158233078992913e-04
1.001675732584662339e-02	7.080874028205184900e-05	-9.471718850977119348e-04	-4.407587386579729736e-04
1.005009650815933200e-02	6.694299107293474904e-05	-9.726214007255885733e-04	-4.484902370793365876e-04
1.008343569047199552e-02	6.275509609039038302e-05	-9.484604681645856942e-04	-4.194971180012713099e-04
1.011677487278470414e-02	9.625825592761061878e-05	-9.523262173712345943e-04	-4.259400333516058512e-04
1.015011405509736939e-02	8.691602866680682232e-05	-9.851850856524041900e-04	-3.946918939009285039e-04
1.018345323741007627e-02	7.660736410058296964e-05	-9.445947189536629774e-04	-3.950140396677106949e-04
1.021679241972273978e-02	8.659388289885477724e-05	-9.339639086443431463e-04	-3.924368735250671888e-04
1.025013160203545014e-02	7.886238447390897283e-05	-9.468497393395737625e-04	-3.808396258952319140e-04
1.028347078434811365e-02	9.142606941280905278e-05	-9.687556515265203063e-04	-3.853496666393468060e-04
1.031680996666082747e-02	9.239250671516986994e-05	-9.442725732020464981e-04	-3.702088155686033373e-04
1.035014914897348579e-02	9.078177787775084360e-05	-9.230109525515019101e-04	-3.653766290528937520e-04
1.038348833128620134e-02	9.207036094806262164e-05	-9.326753255780449899e-04	-3.605444425399815167e-04
1.041682751359887006e-02	7.370805218985025339e-05	-9.191452033497850456e-04	-3.557122560262214353e-04
1.045016669591158041e-02	9.110392364622497269e-05	-8.969171453798814239e-04	-3.563565475615411947e-04
1.048350587822423699e-02	9.464752709012232547e-05	-9.465275935749908756e-04	-3.425042795551924571e-04
1.051684506053694734e-02	8.788246596688678981e-05	-9.777757330111298308e-04	-3.283298657821302128e-04
1.055018424284961606e-02	9.915756783814762298e-05	-9.242995356019255036e-04	-3.405714049501452640e-04
1.058352342516232468e-02	1.014125882084731509e-04	-9.471718850873552019e-04	-3.222090962002668868e-04
1.061686260747498126e-02	9.368108978665642169e-05	-9.342860543949453546e-04	-3.363835099740484450e-04
1.065020178978768987e-02	8.305027945410540418e-05	-9.774535872269219088e-04	-3.157661808503885235e-04
1.068354097210036033e-02	1.136541273778574409e-04	-9.835743568173452821e-04	-3.193097842910365631e-04
1.071688015441306895e-02	9.464752708784433539e-05	-9.494269054733298465e-04	-3.115782858703891730e-04
1.075021933672572552e-02	1.049561916543938960e-04	-9.378296578427754203e-04	-3.109339943341572743e-04
1.078355851903843414e-02	9.915756783723125530e-05	-9.313867424860199085e-04	-3.080346824250564043e-04
1.081689770135110633e-02	9.303679825101034454e-05	-9.207559321657978824e-04	-3.109339943351340863e-04
1.085023688366381321e-02	1.072112120298736261e-04	-8.994943115141501187e-04	-3.041689332180179503e-04
1.088357606597646979e-02	1.062447747230790455e-04	-8.618032567288418143e-04	-3.015917670747232725e-04
1.091691524828917667e-02	1.023790255127886761e-04	-8.331322834250737665e-04	-3.077125366591853227e-04
1.095025443060185580e-02	1.258956665493247409e-04	-8.804877112375764309e-04	-2.961152890277915072e-04
1.098359361291455748e-02	1.052783374215658305e-04	-8.721119212766075858e-04	-2.957931432580816994e-04
1.101693279522721926e-02	9.915756783697213098e-05	-9.052929353349308504e-04	-3.028803501451667133e-04
1.105027197753992094e-02	1.033454628163882485e-04	-9.149573083558240442e-04	-2.919273940490907599e-04
1.108361115985260180e-02	1.059226289570818169e-04	-9.207559321638479448e-04	-2.919273940466187789e-04
1.111695034216530174e-02	1.088219408644882687e-04	-9.742321295521178459e-04	-2.806522921819395544e-04
1.115028952447795832e-02	1.072112120276563649e-04	-9.545812377316073224e-04	-2.964374347946378829e-04
1.118362870679066173e-02	9.690254746195189927e-05	-9.571584038745156991e-04	-2.838737498569121566e-04
1.121696788910334260e-02	9.464752709195090020e-05	-9.445947189475567508e-04	-2.774308345078790373e-04
1.125030707141604601e-02	1.020568797450968396e-04	-9.494269054517297203e-04	-2.722765022257109496e-04
1.128364625372870259e-02	1.091440866347915010e-04	-9.204337863636137800e-04	-2.858066244640432947e-04
1.131698543604140600e-02	1.101105239366289602e-04	-9.333196170680414664e-04	-2.735650852972623909e-04
1.135032461835408686e-02	1.110769612418576277e-04	-9.565141123321896626e-04	-2.928938313502171993e-04
1.138366380066679028e-02	9.947971360336181363e-05	-9.468497393249811602e-04	-2.919273940478555283e-04
1.141700298297944685e-02	1.068890662610716614e-04	-9.307424509569225480e-04	-2.684107530147037735e-04
1.145034216529214853e-02	1.175198765966213653e-04	-9.468497393217284452e-04	-2.754979599000974321e-04
1.148368134760483286e-02	9.883542206810797372e-05	-9.091586845322679718e-04	-2.832294583238697096e-04
1.151702052991753454e-02	1.065669204920766138e-04	-9.410511155226750166e-04	-2.687328987834383415e-04
1.155035971223019112e-02	1.171977308247543746e-04	-9.416954070508503716e-04	-2.800080006488970532e-04
1.158369889454289800e-02	1.001240051384854138e-04	-9.526483631565145754e-04	-2.771086887403817066e-04
1.161703807685558060e-02	9.915756783788432448e-05	-9.188230575755968865e-04	-2.680886072472718745e-04
1.165037725916828228e-02	1.142984189162389195e-04	-9.313867425080558839e-04	-2.674443157126691522e-04
1.168371644148094059e-02	9.013748634334116351e-05	-9.085143930144458802e-04	-2.674443157145556097e-04
1.171705562379363880e-02	1.252513750145921583e-04	-9.188230575698886704e-04	-2.803301464154831662e-04
1.175039480610632833e-02	1.094662324000044177e-04	-9.268767017621768866e-04	-2.825851667899807176e-04
1.178373398841902654e-02	9.722469323055767760e-05	-8.959507080874408533e-04	-2.783972718096544259e-04
1.181707317073168312e-02	1.165534392901530211e-04	-9.574805496602397693e-04	-2.684107530153553790e-04
1.185041235304438306e-02	1.101105239355207972e-04	-9.774535872449320248e-04	-2.764643972038908462e-04
1.188375153535707260e-02	9.303679825153042277e-05	-9.513597800843889406e-04	-2.622899834316072759e-04
1.191709071766977081e-02	1.023790255118121217e-04	-9.487826139342274683e-04	-2.590685257563100094e-04
1.195042989998242912e-02	1.010904424420198662e-04	-9.352524917053064860e-04	-2.658335868747915354e-04
1.198376908229512559e-02	1.316942903698768415e-04	-9.262324102047495402e-04	-2.706657733899175489e-04
1.201710826460781860e-02	1.039897543540552378e-04	-9.355746374730236929e-04	-2.709879191549427902e-04
1.205044744692051507e-02	1.033454628161272404e-04	-9.397625324444515036e-04	-2.829073125548754752e-04
1.208378662923317338e-02	1.123655443104111550e-04	-9.188230575712019645e-04	-2.680886072486386197e-04
1.211712581154586986e-02	1.007682966730893287e-04	-9.320310340217340464e-04	-2.552027765452378355e-04
1.215046499385856286e-02	1.056004831910840733e-04	-9.468497393196582696e-04	-2.700214818523856918e-04
1.218380417617125934e-02	1.068890662593787068e-04	-9.445947189436928711e-04	-2.603571088253882771e-04
1.221714335848391765e-02	1.181641681275089468e-04	-9.652120480607715228e-04	-2.600349630569791866e-04
1.225048254079661413e-02	8.530529982736661273e-05	-9.674670684400172834e-04	-2.552027765447186652e-04
1.228382172310930887e-02	1.043119001190095588e-04	-9.658563396079108748e-04	-2.648671495715850541e-04
1.231716090542200708e-02	1.210634800393464245e-04	-9.784200245426331443e-04	-2.603571088267542092e-04
1.235050008773466192e-02	1.181641681293969088e-04	-9.426618443662570547e-04	-2.597128172908493601e-04
1.238383927004735839e-02	1.068890662605509462e-04	-9.813193364471169394e-04	-2.600349630587362989e-04
1.241717845236005660e-02	1.056004831899761949e-04	-9.835743568250424670e-04	-2.593906715249786037e-04
1.245051763467275134e-02	1.039897543482553661e-04	-9.294538678956173593e-04	-2.542363392430718630e-04
1.248385681698540618e-02	1.165534392878716700e-04	-9.413732612873624206e-04	-2.754979599016594422e-04
1.251719599929810092e-02	1.094662324018301600e-04	-9.127022879736140749e-04	-2.555249223131248826e-04
1.255053518161080087e-02	1.136541273790295177e-04	-8.982057284500592894e-04	-2.687328987831772657e-04
1.258387436392349561e-02	1.056004831905605257e-04	-9.110915591427591609e-04	-2.468269865896611614e-04
1.261721354623615045e-02	1.139762731487439470e-04	-9.478161766303789225e-04	-2.622899834305012813e-04
1.265055272854884519e-02	1.068890662608762475e-04	-9.320310340351327253e-04	-2.552027765449773017e-04
1.268389191086154513e-02	9.335894401805072467e-05	-9.230109525450066717e-04	-2.468269865899861510e-04
1.271723109317423987e-02	1.126876900781030052e-04	-9.375075120719544679e-04	-2.490820069608389942e-04
1.275057027548689298e-02	1.059226289552564541e-04	-9.197894948633765803e-04	-2.581020884535577004e-04
1.278390945779958945e-02	1.139762731463945215e-04	-9.027157691954112561e-04	-2.494041527275556993e-04
1.281724864011228940e-02	1.104326697079729996e-04	-9.317088882699162307e-04	-2.716322106911071431e-04
1.285058782242498587e-02	9.658040169406551618e-05	-9.284874306034384068e-04	-2.616456918961585507e-04
1.288392700473764245e-02	1.084997950975780605e-04	-8.988500199894070225e-04	-2.725986479930129613e-04
1.291726618705038403e-02	9.980185937046795062e-05	-9.323531798115271274e-04	-2.568135053820739676e-04
1.295060536936307877e-02	1.191306054313014530e-04	-9.233330983110855407e-04	-2.477934238926075968e-04
1.298394455167573187e-02	1.249292292493773984e-04	-8.843534604613613632e-04	-2.484377154257788470e-04
1.301728373398842488e-02	1.065669204926617171e-04	-8.795212739464429745e-04	-2.626121291976073776e-04
1.305062291630112829e-02	1.052783374215657898e-04	-8.798434197247792911e-04	-2.635785665007514631e-04
1.308396209861382303e-02	1.049561916534822581e-04	-9.307424509658418455e-04	-2.590685257558544819e-04
1.311730128092647614e-02	1.059226289574091375e-04	-9.133465795162537711e-04	-2.680886072481842848e-04
1.315064046323916915e-02	1.027011712815259546e-04	-9.178566202664256669e-04	-2.474712781243939338e-04
1.318397964555187603e-02	8.143955061583885700e-05	-9.197894948649948605e-04	-2.616456918966781004e-04
1.321731882786456730e-02	1.004461509061793781e-04	-8.972392911442793459e-04	-2.613235461289210491e-04
1.325065801017722041e-02	1.059226289589721912e-04	-8.817762943101723925e-04	-2.597128172898084176e-04
1.328399719248991341e-02	9.529181862283806165e-05	-8.875749181240185672e-04	-2.632564207338394932e-04
1.331733637480262029e-02	1.020568797458804873e-04	-9.110915591518500877e-04	-2.571356511494405435e-04
1.335067555711531156e-02	1.197748969668174801e-04	-9.323531797924486386e-04	-2.709879191568291936e-04
1.338401473942796467e-02	1.094662324015704122e-04	-9.616684446354785507e-04	-2.481155696589326881e-04
1.341735392174065594e-02	1.084997950995322130e-04	-9.400846782099835010e-04	-2.661557326439812515e-04
1.345069310405336456e-02	9.754683899864143970e-05	-9.088365387711943221e-04	-2.597128172905240453e-04
1.348403228636605583e-02	1.304057072974118244e-04	-9.201116406231553673e-04	-2.732429395308067074e-04
1.351737146867870894e-02	1.175198765928409149e-04	-9.114137048880283955e-04	-2.416726543065811242e-04
1.355071065099140194e-02	1.107548154723400082e-04	-9.526483631236517570e-04	-2.564913596152271040e-04
1.358404983330411056e-02	1.181641681290712280e-04	-9.391182408934327678e-04	-2.500484442656731882e-04
1.361738901561680357e-02	1.088219408701602452e-04	-9.123801421967527069e-04	-2.503705900305015384e-04
1.365072819792945320e-02	1.117212527745697589e-04	-9.355746374397214474e-04	-2.545584850099185639e-04
1.368406738024214621e-02	1.084997950997951049e-04	-9.326753255387672725e-04	-2.432833831447178653e-04
1.371740656255485483e-02	1.075333577954136331e-04	-9.455611562336151653e-04	-2.622899834318030829e-04
1.375074574486754783e-02	1.104326697066022292e-04	-9.278431390308712612e-04	-2.558470680820538481e-04
1.378408492718019747e-02	9.271465248299061814e-05	-9.526483631211371669e-04	-2.532699019392795872e-04
1.381742410949288874e-02	9.980185937301109590e-05	-9.484604681511733543e-04	-2.413505085383694669e-04
1.385076329180559909e-02	1.104326697034084407e-04	-9.091586845378485772e-04	-2.687328987828527097e-04
1.388410247411829210e-02	1.178420223592933864e-04	-8.840313146874618187e-04	-2.526256104039588521e-04
1.391744165643094173e-02	1.120433985420004518e-04	-9.098029760817206860e-04	-2.497262984951830801e-04
1.395078083874363301e-02	1.255735207831969744e-04	-9.220445152456337124e-04	-2.709879191570890768e-04
1.398412002105634509e-02	1.010904424417603624e-04	-9.326753255628529322e-04	-2.587463799886173597e-04
1.401745920336903636e-02	1.039897543530781684e-04	-9.703663803508947271e-04	-2.564913596165928193e-04
1.405079838568168600e-02	1.097883781703696936e-04	-9.513597800794661207e-04	-2.555249223118252495e-04
1.408413756799437727e-02	1.171977308273609728e-04	-9.445947189570422188e-04	-2.587463799890740799e-04
1.411747675030708936e-02	1.030233170481750597e-04	-9.774535872197787512e-04	-2.722765022264287999e-04
1.415081593261978063e-02	9.786898476776648311e-05	-9.362189290005452739e-04	-2.700214818540116156e-04
1.418415511493243027e-02	1.088219408687910469e-04	-9.626348819301933438e-04	-2.680886072479874479e-04
1.421749429724511980e-02	1.168755850590181812e-04	-9.310645967311784697e-04	-2.642228580364586622e-04
1.425083347955783362e-02	1.072112120270708280e-04	-9.210780779368069439e-04	-2.674443157118222818e-04
1.428417266187052663e-02	1.181641681278329200e-04	-9.288095763513039803e-04	-2.455384035160285941e-04
1.431751184418317800e-02	1.039897543502754787e-04	-9.333196171044948371e-04	-2.703436276219008312e-04
1.435085102649586580e-02	1.226742088761145365e-04	-9.352524917088859795e-04	-2.603571088282507335e-04
1.438419020880858309e-02	1.126876900799286254e-04	-9.268767017534475412e-04	-2.671221699453016005e-04
1.441752939112127090e-02	1.023790255114216734e-04	-9.226888067842172999e-04	-2.651892953391466238e-04
1.445086857343392227e-02	1.014125882101037638e-04	-9.536148004539626421e-04	-2.571356511500912274e-04
1.448420775574661007e-02	1.072112120273958447e-04	-9.181787660311406096e-04	-2.539141934730373366e-04
1.451754693805932910e-02	1.052783374211107095e-04	-9.159237456540493755e-04	-2.481155696599093375e-04
1.455088612037201516e-02	1.117212527740484203e-04	-8.798434197113589282e-04	-2.542363392418992441e-04
1.458422530268466653e-02	1.181641681286152803e-04	-8.753333789565353714e-04	-2.742093768329067604e-04
1.461756448499735260e-02	9.851327630210947122e-05	-9.056150810967288555e-04	-2.639007122692874053e-04
1.465090366731007336e-02	1.081776493315821466e-04	-9.252659729123785754e-04	-2.558470680808180202e-04
1.468424284962275943e-02	9.239250671334450717e-05	-9.523262173651618695e-04	-2.626121291992360119e-04
1.471758203193541080e-02	1.104326697036694623e-04	-9.197894948555843109e-04	-2.555249223123447449e-04
1.475092121424809687e-02	1.162312935230472093e-04	-9.246216813747744562e-04	-2.365183220263677717e-04
1.478426039656081763e-02	1.217077715720610493e-04	-9.168901829513465213e-04	-2.548806307776106173e-04
1.481759957887350369e-02	1.027011712811975633e-04	-9.462054477882411501e-04	-2.584242342197542053e-04
1.485093876118615507e-02	1.107548154722732213e-04	-9.162458914144206790e-04	-2.526256104066276157e-04
1.488427794349884113e-02	1.223520631076421557e-04	-9.362189289884466619e-04	-2.568135053834402250e-04
1.491761712581156189e-02	1.149427104512997986e-04	-9.558698208114595240e-04	-2.597128172898735782e-04
1.495095630812424796e-02	1.072112120269404255e-04	-9.603798615529118322e-04	-2.639007122685731871e-04
1.498429549043689933e-02	1.275063953888303956e-04	-9.549033835131805247e-04	-2.474712781231584312e-04
1.501763467274958540e-02	1.107548154718822038e-04	-9.648899023045159591e-04	-2.484377154247379587e-04
1.505097385506230789e-02	1.217077715719297253e-04	-9.297760136529286106e-04	-2.613235461267087345e-04
1.508431303737499223e-02	9.303679825107551865e-05	-9.397625324495134267e-04	-2.542363392402094608e-04
1.511765221968764360e-02	1.104326697049083937e-04	-9.423396985691328154e-04	-2.555249223100014046e-04
1.515099140200033834e-02	9.690254746090831402e-05	-9.249438271359400462e-04	-2.664778784090713823e-04
1.518433058431305216e-02	1.139762731475060456e-04	-8.988500199662032529e-04	-2.674443157134486935e-04
1.521766976662574690e-02	1.123655443096285508e-04	-9.201116406198444307e-04	-2.529477561722372420e-04
1.525100894893838786e-02	1.220299173382534072e-04	-9.146351625800963180e-04	-2.584242342202746224e-04
1.528434813125108260e-02	1.107548154713621256e-04	-9.088365387770212583e-04	-2.622899834301119985e-04
1.531768731356379643e-02	9.722469323075168203e-05	-9.130244337530005498e-04	-2.477934238910462373e-04
1.535102649587649117e-02	1.033454628137813792e-04	-9.065815183980511019e-04	-2.539141934757707187e-04
1.538436567818913213e-02	1.084997950981005647e-04	-9.075479557057293751e-04	-2.642228580365900675e-04
1.541770486050182340e-02	1.210634800375891767e-04	-9.313867425010589852e-04	-2.503705900288763736e-04
1.545104404281455283e-02	1.175198765902970107e-04	-9.416954070485106633e-04	-2.532699019400595081e-04
1.548438322512723543e-02	1.210634800366752078e-04	-9.513597800744841033e-04	-2.542363392428762187e-04
1.551772240743988507e-02	1.027011712825668158e-04	-9.536148004488439068e-04	-2.542363392420304326e-04
1.555106158975256767e-02	9.593611016076494780e-05	-9.558698208193902460e-04	-2.606792545944470758e-04
1.558440077206529710e-02	9.625825592767199817e-05	-9.191452033257810263e-04	-2.635785665001635003e-04
1.561773995437797970e-02	1.039897543518413241e-04	-9.381518036022076963e-04	-2.490820069636388379e-04
1.565107913669063280e-02	1.033454628141725594e-04	-9.185009117931857044e-04	-2.680886072477932673e-04
1.568441831900332234e-02	1.052783374219571461e-04	-9.226888067650019848e-04	-2.658335868772647632e-04
1.571775750131602922e-02	1.036676085846001362e-04	-9.471718850962819805e-04	-2.606792545954875304e-04
1.575109668362871876e-02	1.084997950994693970e-04	-9.474940308596838459e-04	-2.668000241772825517e-04
1.578443586594137707e-02	1.023790255136382163e-04	-9.300981594208676453e-04	-2.719543564595806352e-04
1.581777504825406661e-02	1.033454628162591742e-04	-9.178566202662392925e-04	-2.629342749680982990e-04
1.585111423056677349e-02	1.113991070081811604e-04	-9.146351625998992707e-04	-2.738872310657353951e-04
1.588445341287946302e-02	1.175198765926442407e-04	-8.808098570098903297e-04	-2.519813188711111820e-04
1.591779259519212134e-02	9.335894401642064026e-05	-9.242995356175469053e-04	-2.490820069614246802e-04
1.595113177750481087e-02	1.113991070083115357e-04	-9.481383224054001826e-04	-2.561692138466874213e-04
1.598447095981752816e-02	1.136541273807897335e-04	-9.513597800772075107e-04	-2.703436276191670154e-04
1.601781014213020729e-02	1.101105239371504750e-04	-9.558698208075848022e-04	-2.574577969166118004e-04
1.605114932444286560e-02	1.001240051401151322e-04	-9.355746374568084736e-04	-2.674443157137106368e-04
1.608448850675555514e-02	9.754683899916142306e-05	-9.397625324374355230e-04	-2.516591731015959343e-04
1.611782768906827243e-02	1.091440866355712999e-04	-9.503933427633622956e-04	-2.632564207335776583e-04
1.615116687138095156e-02	1.271842496245910654e-04	-9.297760136389404510e-04	-2.545584850098534576e-04
1.618450605369360987e-02	1.233185004105877508e-04	-9.793864618197734538e-04	-2.452162577521749959e-04
1.621784523600629940e-02	1.091440866328997173e-04	-9.310645967070396841e-04	-2.619678376626146678e-04
1.625118441831901669e-02	1.078555035640843687e-04	-9.188230575426621855e-04	-2.494041527284657786e-04
1.628452360063169582e-02	1.223520631054901770e-04	-8.920849588472490148e-04	-2.542363392427479576e-04
1.631786278294435413e-02	9.786898476685487237e-05	-9.011050403532707732e-04	-2.442498204479252410e-04
1.635120196525704367e-02	1.075333577956741668e-04	-9.500711970039070345e-04	-2.516591731011424667e-04
1.638454114756976096e-02	1.001240051384205920e-04	-9.690777972729449751e-04	-2.674443157142948049e-04
1.641788032988244009e-02	1.020568797460094667e-04	-9.545812377447723557e-04	-2.629342749688141434e-04
1.645121951219509840e-02	1.078555035606952611e-04	-9.214002236930248857e-04	-2.568135053835051687e-04
1.648455869450778100e-02	1.001240051412238645e-04	-9.271988475028421651e-04	-2.568135053840904752e-04
1.651789787682050523e-02	1.059226289555180315e-04	-9.484604681709551651e-04	-2.542363392415090398e-04
1.655123705913318435e-02	1.194527511992564796e-04	-9.185009118023317086e-04	-2.606792545925604014e-04
1.658457624144584266e-02	1.126876900797316394e-04	-9.281652848210903252e-04	-2.574577969183690211e-04
1.661791542375853220e-02	1.281506869235634661e-04	-9.226888067737603867e-04	-2.668000241781954499e-04
1.665125460607124949e-02	1.229963546434821153e-04	-8.911185215680391802e-04	-2.552027765439369013e-04
1.668459378838393209e-02	9.980185937164032554e-05	-8.862863350564316196e-04	-2.687328987840244070e-04
1.671793297069659387e-02	1.142984189146759201e-04	-9.220445152353398633e-04	-2.571356511508063672e-04
1.675127215300927647e-02	1.027011712818519336e-04	-9.143130168148222523e-04	-2.655114411063849928e-04
1.678461133532200417e-02	1.171977308246261948e-04	-9.278431390484632004e-04	-2.564913596146406590e-04
1.681795051763467982e-02	1.084997950967970555e-04	-9.397625324423002297e-04	-2.458605492822225512e-04
1.685128969994733814e-02	1.249292292476818147e-04	-9.481383223976236341e-04	-2.603571088257781020e-04
1.688462888226002073e-02	9.980185937111886495e-05	-9.323531797858378243e-04	-2.516591731014672395e-04
1.691796806457274843e-02	1.113991070065514284e-04	-8.859641892753256000e-04	-2.655114411065138502e-04
1.695130724688542409e-02	1.130098358467761395e-04	-9.349303459240089964e-04	-2.581020884514751649e-04
1.698464642919808240e-02	1.107548154699927918e-04	-9.349303459296411014e-04	-2.742093768330370815e-04
1.701798561151076500e-02	1.117212527750246223e-04	-8.998164572857442157e-04	-2.519813188702019701e-04
1.705132479382349270e-02	1.194527511988000847e-04	-9.156015999003088357e-04	-2.668000241768938652e-04
1.708466397613616836e-02	1.097883781716081777e-04	-9.194673491005558473e-04	-2.600349630588666200e-04
1.711800315844882667e-02	1.033454628165854242e-04	-9.146351625907469781e-04	-2.471491323560519554e-04
1.715134234076150926e-02	1.255735207845675686e-04	-9.056150811099747703e-04	-2.519813188682481836e-04
1.718468152307423696e-02	1.046340458865726599e-04	-8.907963758004313693e-04	-2.526256104055203200e-04
1.721802070538691262e-02	1.056004831884772990e-04	-9.355746374741201465e-04	-2.581020884517349939e-04
1.725135988769957093e-02	9.690254746331970162e-05	-9.449168647279653031e-04	-2.552027765451069180e-04
1.728469907001225353e-02	1.088219408656628120e-04	-9.442725732020543043e-04	-2.535920477077513988e-04
1.731803825232498123e-02	1.126876900760798703e-04	-9.642456107909635641e-04	-2.461826950540155451e-04
1.735137743463765689e-02	1.220299173382547218e-04	-9.207559321829845468e-04	-2.577799426849535619e-04
1.738471661695031520e-02	1.155870019874019996e-04	-9.304203052060891878e-04	-2.529477561710010347e-04
1.741805579926299780e-02	1.010904424439110536e-04	-8.956285623119075246e-04	-2.564913596165279298e-04
1.745139498157572550e-02	1.107548154727302939e-04	-8.820984400766776782e-04	-2.465048408203409616e-04
1.748473416388840115e-02	1.233185004116966728e-04	-9.027157691863787678e-04	-2.725986479935346251e-04
1.751807334620105946e-02	1.030233170465450973e-04	-9.065815184065950487e-04	-2.500484442636561385e-04
1.755141252851373512e-02	1.056004831881505611e-04	-9.133465795168526843e-04	-2.510148815677110080e-04
1.758475171082646976e-02	8.820461173653502854e-05	-9.120579964444040658e-04	-2.635785665042643866e-04
1.761809089313914542e-02	1.104326697063420071e-04	-8.788769824026942479e-04	-2.477934238900048069e-04
1.765143007545180373e-02	1.165534392906098632e-04	-9.120579964330624437e-04	-2.561692138478600402e-04
1.768476925776455572e-02	9.851327630139233924e-05	-8.927292503899151655e-04	-2.516591731020529255e-04
1.771810844007722444e-02	1.062447747234062712e-04	-9.249438271453255507e-04	-2.568135053821373934e-04
1.775144762238989316e-02	9.690254746103828276e-05	-9.162458914215500672e-04	-2.490820069622693821e-04
1.778478680470256187e-02	1.200970427320992707e-04	-9.194673490855890868e-04	-2.539141934760945156e-04
1.781812598701523059e-02	1.027011712807433233e-04	-9.233330983095345895e-04	-2.645450038040870187e-04
1.785146516932798258e-02	1.136541273806598054e-04	-9.339639086381110438e-04	-2.771086887424638085e-04
1.788480435164064089e-02	1.120433985410250493e-04	-9.252659729180369181e-04	-2.674443157120828698e-04
1.791814353395331655e-02	1.191306054311712403e-04	-9.146351625948977377e-04	-2.668000241774152038e-04
1.795148271626605119e-02	1.017347339770133892e-04	-8.856420435249288481e-04	-2.593906715219860973e-04
1.798482189857872685e-02	1.052783374210463485e-04	-9.033600607399575218e-04	-2.616456918961583339e-04
1.801816108089138516e-02	1.162312935210262023e-04	-9.268767017488198411e-04	-2.684107530166563132e-04
1.805150026320406081e-02	9.754683899740237280e-05	-9.226888067870635474e-04	-2.668000241776731355e-04
1.808483944551679545e-02	1.207413342675482670e-04	-9.007828945988094558e-04	-2.555249223113026640e-04
1.811817862782947111e-02	8.949319480880438781e-05	-9.172123287307936031e-04	-2.610014003615542563e-04
1.815151781014212942e-02	1.233185004109126862e-04	-9.236552440833194254e-04	-2.552027765450432754e-04
1.818485699245480508e-02	1.168755850601920063e-04	-9.136687252914315899e-04	-2.619678376649571408e-04
1.821819617476753972e-02	1.068890662600280355e-04	-9.278431390525521604e-04	-2.597128172909144122e-04
1.825153535708021538e-02	1.133319816147270598e-04	-9.011050403557946875e-04	-2.458605492844363294e-04
1.828487453939287369e-02	1.101105239348698422e-04	-9.307424509661248223e-04	-2.693771903184972419e-04
1.831821372170554935e-02	1.262178123188420487e-04	-9.242995356246092899e-04	-2.516591731036789577e-04
1.835155290401828398e-02	7.982882177828678550e-05	-9.362189290070375850e-04	-2.639007122712394029e-04
1.838489208633095964e-02	1.200970427327499411e-04	-8.943399792395822882e-04	-2.671221699460170655e-04
1.841823126864361795e-02	1.204191885005734405e-04	-9.307424509522444324e-04	-2.526256104038951552e-04
1.845157045095629361e-02	1.104326697035383145e-04	-9.426618443468432222e-04	-2.506927357989760063e-04
1.848490963326902825e-02	9.947971360407906758e-05	-9.378296578420531248e-04	-2.487598611923004500e-04
1.851824881558170391e-02	1.110769612393792228e-04	-9.336417628566097242e-04	-2.397397797008825966e-04
1.855158799789436222e-02	1.101105239385848474e-04	-9.040043522472653460e-04	-2.735650852969366965e-04
1.858492718020703788e-02	1.162312935205039150e-04	-8.988500199744947974e-04	-2.732429395310666991e-04
1.861826636251977252e-02	1.236406461779558717e-04	-9.410511155078683928e-04	-2.523034646365259772e-04
1.865160554483244817e-02	1.097883781698499677e-04	-9.597355700277634613e-04	-2.529477561734083972e-04
1.868494472714510649e-02	1.255735207839137947e-04	-9.194673491042466883e-04	-2.629342749679023294e-04
1.871828390945778214e-02	1.049561916555678294e-04	-9.204337864036791703e-04	-2.558470680799067483e-04
1.875162309177051678e-02	1.178420223613795676e-04	-8.953064165403798891e-04	-2.471491323558564195e-04
1.878496227408319244e-02	1.117212527754158974e-04	-9.217223694730911554e-04	-2.552027765449769764e-04
1.881830145639585075e-02	1.084997951003814143e-04	-9.474940308758489750e-04	-2.639007122700685187e-04
1.885164063870852641e-02	1.023790255140295455e-04	-9.146351625960654234e-04	-2.635785665023757606e-04
1.888497982102126105e-02	1.075333577956102667e-04	-8.924071046362286189e-04	-2.593906715230269314e-04
1.891831900333393671e-02	9.947971360512182612e-05	-9.545812377533505633e-04	-2.738872310642388166e-04
1.895165818564659502e-02	1.236406461764552004e-04	-9.655341938456584805e-04	-2.503705900290714758e-04
1.898499736795927068e-02	1.120433985431089536e-04	-9.642456107688584166e-04	-2.674443157137102031e-04
