# Time (s)	Generation (V)	PC (V)	PL (V)
1.500263204070890169e-05	9.851327629871965892e-05	3.038415755688905154e-03	-2.632564207347488677e-04
4.834181435339528833e-05	8.659388289637718554e-05	-2.948266848634606332e-04	-2.696993360854092660e-04
8.168099666608183592e-05	1.091440866335497507e-04	-8.305551160977511695e-04	-2.442498204459085166e-04
1.150201789787680921e-04	9.368108978770115891e-05	-8.953064164858405083e-04	-2.577799426841742916e-04
1.483593612914544161e-04	9.980185937014208011e-05	-9.027157691864828512e-04	-2.648671495722363886e-04
1.816985436041414854e-04	9.754683899831533879e-05	-9.101251218328976298e-04	-2.709879191558536285e-04
2.150377259168277959e-04	1.094662324020913849e-04	-9.265545559720713385e-04	-2.774308345073585118e-04
2.483769082295139165e-04	8.111740484860468928e-05	-9.526483631392163465e-04	-2.600349630588024352e-04
2.817160905422001998e-04	1.007682966749783206e-04	-9.974266248065463865e-04	-2.655114411078803786e-04
3.150552728548863747e-04	9.207036094780454087e-05	-9.339639086281084114e-04	-2.803301464165907329e-04
3.483944551675727122e-04	9.432538132119338713e-05	-9.365410747637466704e-04	-2.629342749675141850e-04
3.817336374802589413e-04	1.039897543514480297e-04	-9.210780779319279257e-04	-2.619678376638491404e-04
4.150728197929463088e-04	9.303679825087956266e-05	-9.072258099404571525e-04	-2.664778784103715033e-04
4.484120021056323211e-04	9.593611015907116651e-05	-9.693999430521687112e-04	-2.629342749673177276e-04
4.817511844183182249e-04	8.949319480841364134e-05	-8.830648773699805148e-04	-2.668000241777388924e-04
5.150903667310046709e-04	1.049561916533519777e-04	-9.545812377434077789e-04	-2.626121291994291083e-04
5.484295490436907373e-04	8.240598791982914871e-05	-9.607020073215161333e-04	-2.632564207331230524e-04
5.817687313563794059e-04	1.075333577963276561e-04	-9.806750448895728244e-04	-2.477934238903958244e-04
6.151079136690657976e-04	8.143955061694825332e-05	-1.002903102851900909e-03	-2.593906715227665602e-04
6.484470959817520809e-04	9.496967285547050996e-05	-9.971044790431592662e-04	-2.738872310647593963e-04
6.817862782944378221e-04	8.691602866615654496e-05	-9.787421702992997290e-04	-2.677664614809472710e-04
7.151254606071238886e-04	9.368108978574380807e-05	-1.004191685919020131e-03	-2.616456918963523518e-04
7.484646429198103888e-04	1.001240051396588729e-04	-1.000648082483470390e-03	-2.519813188687691969e-04
7.818038252324961300e-04	9.980185937190087287e-05	-1.001936665551722387e-03	-2.413505085396064332e-04
8.151430075451824133e-04	1.062447747246445385e-04	-9.896951263951994995e-04	-2.568135053822675519e-04
8.484821898578681545e-04	8.337242522193058405e-05	-9.977487705697259904e-04	-2.613235461289200191e-04
8.818213721705542209e-04	8.337242522088656512e-05	-9.642456107634953021e-04	-2.661557326430693832e-04
9.151605544832444074e-04	1.065669204906427429e-04	-9.500711970053427350e-04	-2.887059363717772026e-04
9.484997367959307991e-04	9.754683899694483948e-05	-8.924071046358390651e-04	-2.651892953390815716e-04
9.818389191086165403e-04	9.271465248390378742e-05	-9.201116406345529342e-04	-2.655114411082707998e-04
1.015178101421302607e-03	9.690254746279825459e-05	-9.619905903993324200e-04	-2.674443157124737247e-04
1.048517283733989107e-03	9.078177787742302152e-05	-9.603798615702871478e-04	-2.742093768319965727e-04
1.081856466046675824e-03	9.303679825101053428e-05	-9.607020073412231341e-04	-2.642228580371755908e-04
1.115195648359362541e-03	1.017347339778608558e-04	-9.481383224062966009e-04	-2.767865429726893279e-04
1.148534830672048607e-03	7.821809293780537591e-05	-9.748764211073444787e-04	-2.709879191557236326e-04
1.181874012984734674e-03	9.335894401746308710e-05	-9.520040716253622181e-04	-2.774308345061220335e-04
1.215213195297422692e-03	9.045963210810161555e-05	-9.555476750667921300e-04	-2.722765022248013040e-04
1.248552377610108758e-03	9.819113053389557776e-05	-9.748764211110420418e-04	-2.635785665032874662e-04
1.281891559922794608e-03	8.691602866543880312e-05	-9.410511155175493424e-04	-2.758201056696130051e-04
1.315230742235480241e-03	9.496967285814386791e-05	-9.371853663156137944e-04	-2.932159771177788232e-04
1.348569924548166741e-03	8.981534057252172894e-05	-9.307424509596326197e-04	-3.083568281957415062e-04
1.381909106860852374e-03	7.241946912051520598e-05	-9.297760136546802476e-04	-3.080346824261632121e-04
1.415248289173538223e-03	8.369457098760247065e-05	-9.616684446331586833e-04	-3.186654927566273166e-04
1.448587471486224290e-03	9.174821517887049322e-05	-9.716549634205719080e-04	-3.524907983507946066e-04
1.481926653798910139e-03	7.692950986664381376e-05	-9.404068239817549735e-04	-4.162756603269488495e-04
1.515265836111600543e-03	6.662084530393861726e-05	-9.252659729115369092e-04	-4.845705630429920896e-04
1.548605018424287260e-03	4.213776696080603527e-05	-9.607020073310591724e-04	-5.934558324653126148e-04
1.581944200736973543e-03	1.282250210756672494e-05	-1.005802414763173110e-03	-7.374549905334618028e-04
1.615283383049659826e-03	4.124566380387168475e-06	-1.047681364533920370e-03	-9.265545560332383388e-04
1.648622565362346326e-03	-4.774090220703015419e-05	-1.039305574584247719e-03	-1.117264850346751971e-03
1.681961747675032610e-03	-6.771393980161912905e-05	-1.075385900532838937e-03	-1.343089033283739481e-03
1.715300929987719110e-03	-1.060492861476453877e-04	-1.132083555595412867e-03	-1.619812247419639669e-03
1.748640112300405176e-03	-1.517939851483186364e-04	-1.149801572814767615e-03	-1.934870807814032022e-03
1.781979294613091677e-03	-2.010822875893130107e-04	-1.237747367297353535e-03	-2.252184388517298585e-03
1.815318476925777960e-03	-2.423169458425511067e-04	-1.272539110170906517e-03	-2.617175542686410797e-03
1.848657659238465327e-03	-2.835516040885036082e-04	-1.348887657052503337e-03	-2.952851431972047368e-03
1.881996841551151394e-03	-3.640880459811499190e-04	-1.421692600465978380e-03	-3.317842585984036568e-03
1.915336023863837894e-03	-4.008126634814241631e-04	-1.477101672441477912e-03	-3.706672526661334167e-03
1.948675206176523960e-03	-4.488123828437138012e-04	-1.498363293087013812e-03	-4.057489266752943580e-03
1.982014388489209810e-03	-5.064764752302702367e-04	-1.559893134639930195e-03	-4.435044105405204495e-03
2.015353570801895877e-03	-5.705834829672915345e-04	-1.629798766144199742e-03	-4.811310360869559995e-03
2.048692753114581943e-03	-6.176167650199492756e-04	-1.689395733101620211e-03	-5.177267951658309601e-03
2.082031935427268009e-03	-6.810794812112698493e-04	-1.769932174921559111e-03	-5.559010684727940660e-03
2.115371117739955377e-03	-7.397100108814148867e-04	-1.828562704547276145e-03	-5.934632648052781158e-03
2.148710300052642744e-03	-8.128371000895911937e-04	-1.880750318835590351e-03	-6.324106879279043150e-03
2.182049482365330546e-03	-8.563267786807250703e-04	-1.925206434718063899e-03	-6.689420177793292850e-03
2.215388664678016612e-03	-9.259102644478014966e-04	-1.968051821757364588e-03	-7.012854527086394285e-03
2.248727846990702679e-03	-9.603798615538499924e-04	-2.014762958000824306e-03	-7.365604140722652703e-03
2.282067029303388745e-03	-1.041238449179953535e-03	-2.062118385774071479e-03	-7.682917720456680470e-03
2.315406211616074812e-03	-1.086016710848603482e-03	-2.128480413808972634e-03	-8.055318225937649346e-03
2.348745393928761745e-03	-1.210687122834271188e-03	-2.215781916710318333e-03	-8.929621834794310500e-03
2.382084576241447812e-03	-1.405263166335716163e-03	-2.358814637348818129e-03	-1.002169598085785214e-02
2.415423758554133878e-03	-1.532832890195170647e-03	-2.570464406360786335e-03	-1.085863067979758734e-02
2.448762940866820812e-03	-1.654281844482351519e-03	-2.678705384114945121e-03	-1.160246525236141059e-02
2.482102123179506879e-03	-1.855622949023029780e-03	-2.866194220548206727e-03	-1.282919632607430055e-02
2.515441305492192945e-03	-2.073071341905947679e-03	-3.059481680780940047e-03	-1.413130950830948813e-02
2.548780487804879012e-03	-2.284398965189874189e-03	-3.267587846251198639e-03	-1.537511430600347652e-02
2.582119670117565078e-03	-2.563377199523105866e-03	-3.531425229373175764e-03	-1.736114294335995567e-02
2.615458852430251144e-03	-2.971213740642149499e-03	-3.910590797004950131e-03	-1.983522241113204465e-02
2.648798034742938078e-03	-3.397734736141888243e-03	-4.297165717172591638e-03	-2.248841491958900735e-02
2.682137217055624145e-03	-3.850671684402785701e-03	-4.730451773420477936e-03	-2.523825115273034547e-02
2.715476399368310211e-03	-4.310051547885922034e-03	-5.179200826348644149e-03	-2.802287912424031649e-02
2.748815581680996711e-03	-4.736894688805427800e-03	-5.626017004551838591e-03	-3.091768094202528364e-02
2.782154763993682778e-03	-5.120570296870297945e-03	-6.034497836436638479e-03	-3.332024403170210508e-02
2.815493946306369278e-03	-5.549668457928587199e-03	-6.461018831127995216e-03	-3.596216141863040755e-02
2.848833128619055344e-03	-6.072511036910111307e-03	-6.954868290856658537e-03	-3.927768558701319468e-02
2.882172310931741411e-03	-6.646252646801247173e-03	-7.484798076232828182e-03	-4.263218938637568928e-02
2.915511493244428345e-03	-7.256396728067965318e-03	-8.077224140046784101e-03	-4.632365764393251567e-02
2.948850675557114411e-03	-7.844634897026169992e-03	-8.703475509088832301e-03	-5.007053496521140373e-02
2.982189857869800478e-03	-8.423530838545471161e-03	-9.289458657149666718e-03	-5.348785716877341168e-02
3.015529040182486544e-03	-8.998561030687544926e-03	-9.849025852243262907e-03	-5.700117880268151110e-02
3.048868222495171743e-03	-9.510450652533348689e-03	-1.036961340949609650e-02	-6.021554916809752911e-02
3.082207404807858677e-03	-1.003297108448937894e-02	-1.088633521740692799e-02	-6.342122159335322751e-02
3.115546587120545177e-03	-1.048655232245632000e-02	-1.139919127596244336e-02	-6.632665416902439048e-02
3.148885769433231244e-03	-1.097202599107831127e-02	-1.183279947611544716e-02	-6.927235496040441698e-02
3.182224951745917310e-03	-1.142367435419524603e-02	-1.230119941878484065e-02	-7.215040513925932708e-02
3.215564134058603377e-03	-1.187371198837056281e-02	-1.276637790368663657e-02	-7.503844183288292669e-02
3.248903316371289443e-03	-1.234243407679504190e-02	-1.327569035824612866e-02	-7.784368706366227852e-02
3.282242498683975510e-03	-1.278957239882077407e-02	-1.372218438851103596e-02	-8.061478484132043876e-02
3.315581680996661576e-03	-1.321254978836293448e-02	-1.417318845935876086e-02	-8.328956103563255053e-02
3.348920863309347642e-03	-1.368094973065149197e-02	-1.460840738761221870e-02	-8.576782831723367417e-02
3.382260045622033709e-03	-1.411681295056848445e-02	-1.504201558693983934e-02	-8.837398746031041585e-02
3.415599227934719775e-03	-1.453624673636207988e-02	-1.551460342365820581e-02	-9.109193117694014408e-02
3.448938410247408010e-03	-1.495406979323570494e-02	-1.592308425312215225e-02	-9.375897586194271993e-02
3.482277592560094077e-03	-1.534805406341214866e-02	-1.634670593341188555e-02	-9.602140547941466486e-02
3.515616774872780143e-03	-1.572045456726794618e-02	-1.672844866423241206e-02	-9.827320428506093608e-02
3.548955957185466210e-03	-1.610058656941045982e-02	-1.711051354071019617e-02	-1.006860759648635362e-01
3.582295139498152276e-03	-1.650649023260546480e-02	-1.752253797320877521e-02	-1.030222769535292932e-01
3.615634321810838343e-03	-1.685311907507285392e-02	-1.787399900193352778e-02	-1.050827211774259251e-01
3.648973504123524409e-03	-1.725998917538093536e-02	-1.825380885781901011e-02	-1.073358085584159016e-01
3.682312686436210476e-03	-1.761273878721740516e-02	-1.864650454417395020e-02	-1.096069361001050513e-01
3.715651868748896976e-03	-1.797193131426488497e-02	-1.900666350830300388e-02	-1.119692308873491277e-01
3.748991051061583042e-03	-1.831791586491382171e-02	-1.932462137728765961e-02	-1.139781317850513398e-01
3.782330233374269109e-03	-1.869289353424125402e-02	-1.966029726322794310e-02	-1.162837289165463694e-01
3.815669415686955175e-03	-1.904306597966843109e-02	-2.001530189490967337e-02	-1.186250842247033033e-01
3.849008597999641242e-03	-1.937874186565345311e-02	-2.037964875367679826e-02	-1.208797823245704728e-01
3.882347780312327308e-03	-1.969669973456096221e-02	-2.067892216810791883e-02	-1.230877692892061170e-01
3.915686962625015109e-03	-2.004880505436913360e-02	-2.099655789101530917e-02	-1.250003486006466269e-01
3.949026144937704645e-03	-2.036450790281468110e-02	-2.130613996976450999e-02	-1.271886846717348862e-01
3.982365327250390712e-03	-2.069921735125555134e-02	-2.164922520787482610e-02	-1.291943641020593669e-01
4.015704509563076778e-03	-2.099333643341773012e-02	-2.195333080853594312e-02	-1.313727136523522854e-01
4.049043691875768049e-03	-2.130517353252391055e-02	-2.224809418201875721e-02	-1.333919232017909406e-01
4.082382874188454115e-03	-2.159639330270990074e-02	-2.257378354870021031e-02	-1.353215762318784043e-01
4.115722056501140182e-03	-2.190404250677975562e-02	-2.283987594915307812e-02	-1.371339682088160705e-01
4.149061238813826248e-03	-2.217367851072606089e-02	-2.310532405803412612e-02	-1.389859841119111539e-01
4.182400421126509713e-03	-2.248003913164193721e-02	-2.342360407203552403e-02	-1.409294894064314074e-01
4.215739603439195779e-03	-2.275515161347858861e-02	-2.371289096729086582e-02	-1.428597867242346886e-01
4.249078785751881845e-03	-2.302285474271169655e-02	-2.397479547264364311e-02	-1.445700584956614854e-01
4.282417968064567912e-03	-2.330086653633110794e-02	-2.426376022204228267e-02	-1.462448942342423619e-01
4.315757150377253978e-03	-2.359144201466448210e-02	-2.455820144938286251e-02	-1.480466553966132415e-01
4.349096332689940045e-03	-2.384722575054494184e-02	-2.479433429357961322e-02	-1.498075040482092501e-01
4.382435515002626111e-03	-2.409624442535862957e-02	-2.507846685640791051e-02	-1.514414272748233481e-01
4.415774697315314780e-03	-2.434751812048191119e-02	-2.531878759546003776e-02	-1.526691247145096630e-01
4.449113879628000846e-03	-2.460555687658306720e-02	-2.559808797177458642e-02	-1.540289019097902667e-01
4.482453061940686913e-03	-2.484007899197206160e-02	-2.585161668703746946e-02	-1.551622106452009153e-01
4.515792244253372979e-03	-2.506300385986093629e-02	-2.605682353784984778e-02	-1.565409944388621022e-01
4.549131426566056444e-03	-2.527111002263539991e-02	-2.626750686659870201e-02	-1.579136574630934930e-01
4.582470608878747714e-03	-2.544990092096011472e-02	-2.646337149026131014e-02	-1.591062410147112416e-01
4.615809791191433781e-03	-2.566960433114757328e-02	-2.664538384611076990e-02	-1.605185279646988428e-01
4.649148973504117245e-03	-2.589220705316458773e-02	-2.694530155100356358e-02	-1.618254732554595399e-01
4.682488155816803312e-03	-2.609773604973514988e-02	-2.717692435420691194e-02	-1.631114790724160490e-01
4.715827338129489378e-03	-2.629198994459009189e-02	-2.734411800490213831e-02	-1.641929223405294014e-01
4.749166520442175445e-03	-2.648978744281947281e-02	-2.754384837758213841e-02	-1.653127009521955515e-01
4.782505702754861511e-03	-2.663926307663671764e-02	-2.769332401131531160e-02	-1.662826817917657518e-01
4.815844885067547577e-03	-2.679614806298207322e-02	-2.788500073989916977e-02	-1.670245834434256615e-01
4.849184067380233644e-03	-2.697139535778612235e-02	-2.805928159730569291e-02	-1.678676388592179602e-01
4.882523249692919710e-03	-2.711281734751564212e-02	-2.820489148183919631e-02	-1.688862637060458138e-01
4.915862432005605777e-03	-2.725456148298335129e-02	-2.835791071889132847e-02	-1.699805928027947055e-01
4.949201614318291843e-03	-2.738052047609112333e-02	-2.853025870165077846e-02	-1.709090168406023902e-01
4.982540796630977910e-03	-2.750261372003653254e-02	-2.864945263367777925e-02	-1.716560728235941857e-01
5.015879978943663976e-03	-2.765144506225120785e-02	-2.879925041308021086e-02	-1.725107254854080230e-01
5.049219161256350043e-03	-2.777708190956830123e-02	-2.894872604672124247e-02	-1.730902656808580853e-01
5.082558343569036977e-03	-2.788951078062411326e-02	-2.906598710412531400e-02	-1.738685698007907954e-01
5.115897525881722176e-03	-2.800193965166346971e-02	-2.916617443613571739e-02	-1.745640824643061029e-01
5.149236708194409110e-03	-2.810824775321447283e-02	-2.926410674779621190e-02	-1.752489643179779288e-01
5.182575890507094309e-03	-2.819458281749857853e-02	-2.938297853400397702e-02	-1.758752156460517968e-01
5.215915072819802059e-03	-2.828124002754659611e-02	-2.948219942870971763e-02	-1.765156413868816943e-01
5.249254255132470778e-03	-2.836370934268485702e-02	-2.955887012008601503e-02	-1.769634239723521796e-01
5.282593437445174192e-03	-2.841782983073613128e-02	-2.961137987929780835e-02	-1.776186684173268193e-01
5.315932619757862861e-03	-2.847356104760043194e-02	-2.969320490286118941e-02	-1.779553107206638396e-01
5.349271802070550662e-03	-2.851672857973667000e-02	-2.974313749597604778e-02	-1.781376452121344045e-01
5.382610984383234126e-03	-2.853219157632177344e-02	-2.973443956038456307e-02	-1.782871208376740346e-01
5.415950166695924529e-03	-2.859855360332842766e-02	-2.978952648568411465e-02	-1.783051609992778452e-01
5.449289349008606259e-03	-2.860338578976873505e-02	-2.984847916012679445e-02	-1.783734558971982187e-01
5.482628531321296662e-03	-2.863109032531929374e-02	-2.985492207537120135e-02	-1.785094014015163599e-01
5.515967713633976657e-03	-2.865782842357955662e-02	-2.986329786518281473e-02	-1.786985009536649349e-01
5.549306895946668795e-03	-2.863688894902944107e-02	-2.981948604155411353e-02	-1.787023667026958473e-01
5.582646078259348790e-03	-2.861272801686181103e-02	-2.981078810598818823e-02	-1.787735609122059754e-01
5.615985260572042663e-03	-2.858727850164902856e-02	-2.979790227551305792e-02	-1.785271194175151177e-01
5.649324442884723525e-03	-2.859952004060923106e-02	-2.982625110256170373e-02	-1.785264751259979799e-01
5.682663625197414796e-03	-2.855892967457748788e-02	-2.980466733649896061e-02	-1.784146905526522164e-01
5.716002807510094791e-03	-2.852188291192656044e-02	-2.972896308244117256e-02	-1.781679269121931308e-01
5.749341989822786929e-03	-2.849224550180691137e-02	-2.967613117745653353e-02	-1.778193652163636562e-01
5.782681172135466924e-03	-2.843780286799209300e-02	-2.968482911303932034e-02	-1.776141583770210197e-01
5.816020354448159062e-03	-2.837111869521485169e-02	-2.961009129626619371e-02	-1.771360940916774929e-01
5.849359536760837322e-03	-2.829412585804232799e-02	-2.951956833714259112e-02	-1.766570633689623915e-01
5.882698719073532062e-03	-2.822711953949492286e-02	-2.941744813058314728e-02	-1.760594830121260390e-01
5.916037901386209455e-03	-2.816397897009161044e-02	-2.937879063913751906e-02	-1.755121573915218725e-01
5.949377083698906797e-03	-2.807667746851525911e-02	-2.931017359182666593e-02	-1.748304969953033416e-01
5.982716266011584190e-03	-2.799324171608600503e-02	-2.921095269711627973e-02	-1.741021254658681738e-01
6.016055448324278930e-03	-2.788049069926728726e-02	-2.908885945326703318e-02	-1.735393368492761379e-01
6.049394630636955456e-03	-2.777418259770062306e-02	-2.902475244661538792e-02	-1.729733267751997761e-01
6.082733812949651063e-03	-2.764339141819433313e-02	-2.891167928411118512e-02	-1.722423780796760728e-01
6.116072995262327588e-03	-2.754706983524767352e-02	-2.878668672840129297e-02	-1.713042896698324935e-01
6.149412177575023196e-03	-2.743013092350302454e-02	-2.867264712859855791e-02	-1.704299861173302344e-01
6.182751359887697987e-03	-2.728999751684983710e-02	-2.853058084748232026e-02	-1.695289444679453084e-01
6.216090542200395329e-03	-2.717241431356757012e-02	-2.839946752226508650e-02	-1.687048956514679010e-01
6.249429724513070120e-03	-2.703389163570508666e-02	-2.826416630212104375e-02	-1.678270484954169361e-01
6.282768906825767462e-03	-2.686991944260246068e-02	-2.813563014297002646e-02	-1.671750255068193969e-01
6.316108089138442253e-03	-2.671593376811966583e-02	-2.795426207880220837e-02	-1.662453128854626816e-01
6.349447271451139595e-03	-2.653553214110183911e-02	-2.779383348916680124e-02	-1.652511711148278439e-01
6.382786453763814385e-03	-2.636930492761722228e-02	-2.758894878432154030e-02	-1.641165737989065676e-01
6.416125636076511728e-03	-2.616796382598665649e-02	-2.742207727940284070e-02	-1.629423525560069752e-01
6.449464818389189988e-03	-2.599593798873517728e-02	-2.719850812028826170e-02	-1.618525334981873454e-01
6.482804000701888197e-03	-2.578557680570772032e-02	-2.700328778824088310e-02	-1.605510646850620282e-01
6.516143183014561253e-03	-2.560034299215215720e-02	-2.683287267988066979e-02	-1.593890849795968900e-01
6.549482365327260330e-03	-2.538965966331513738e-02	-2.661188068679002164e-02	-1.581752398087585554e-01
6.582821547639933386e-03	-2.518187564632631131e-02	-2.641504962586890826e-02	-1.567429798217123416e-01
6.616160729952632463e-03	-2.499954114456771556e-02	-2.621886285645041656e-02	-1.553468001578091895e-01
6.649499912265305519e-03	-2.471959647664448770e-02	-2.598434074123785048e-02	-1.538981107368740942e-01
6.682839094578004596e-03	-2.447186638496834030e-02	-2.578171105652603615e-02	-1.523047778751281944e-01
6.716178276890677652e-03	-2.421672694071341433e-02	-2.552689375822260812e-02	-1.506283314103434856e-01
6.749517459203376729e-03	-2.398284911678556439e-02	-2.525403629716495291e-02	-1.492907822703740395e-01
6.782856641516048918e-03	-2.372577679787314306e-02	-2.504818515472745713e-02	-1.478053682321084916e-01
6.816195823828748862e-03	-2.349769759760949803e-02	-2.484555546990566480e-02	-1.463431486870264142e-01
6.849535006141421051e-03	-2.325512183796455204e-02	-2.455562428330480829e-02	-1.449978680476751991e-01
6.882874188454121862e-03	-2.303799559357755725e-02	-2.432529006280205811e-02	-1.435826817806464262e-01
6.916213370766793184e-03	-2.278027898300381826e-02	-2.409237867616633236e-02	-1.419110674981395315e-01
6.949552553079493995e-03	-2.249775714861948842e-02	-2.384046068946860455e-02	-1.401946749562047456e-01
6.982891735392165317e-03	-2.219236296499608324e-02	-2.351412703148375929e-02	-1.382453710379389356e-01
7.016230917704866128e-03	-2.192014979494542881e-02	-2.325930973283980158e-02	-1.363308588595133208e-01
7.049570100017535715e-03	-2.161668848580571012e-02	-2.297163356633468920e-02	-1.345841846146690335e-01
7.082909282330238261e-03	-2.136380406147660865e-02	-2.262661545390342796e-02	-1.329405970083880895e-01
7.116248464642907848e-03	-2.112606048800124911e-02	-2.240175771114115422e-02	-1.313488748669090489e-01
7.149587646955610394e-03	-2.085578019236635633e-02	-2.210699433769184111e-02	-1.297355689593677197e-01
7.182926829268279981e-03	-2.058775491704245911e-02	-2.183639189642840039e-02	-1.280559010270334863e-01
7.216266011580984262e-03	-2.029782372972975188e-02	-2.153776277372101977e-02	-1.260679396120998053e-01
7.249605193893653848e-03	-2.000209391863503813e-02	-2.128423405784546016e-02	-1.241563267385965008e-01
7.282944376206356395e-03	-1.968252532096236365e-02	-2.095081319258592853e-02	-1.221857611918557990e-01
7.316283558519025981e-03	-1.936553388934613221e-02	-2.061964734760393658e-02	-1.203089400568778944e-01
7.349622740831728528e-03	-1.906078399669420068e-02	-2.034131340779026312e-02	-1.184214881110700335e-01
7.382961923144396379e-03	-1.878309434816451823e-02	-2.009036185785531906e-02	-1.166638609013492256e-01
7.416301105457100661e-03	-1.848672024528434654e-02	-1.979237702637741750e-02	-1.148778848647346029e-01
7.449640287769768512e-03	-1.815297723371615823e-02	-1.949761365248221454e-02	-1.129988087052065243e-01
7.482979470082472793e-03	-1.786175746294173944e-02	-1.919576307173101112e-02	-1.110749542850003602e-01
7.516318652395140645e-03	-1.755217538356440912e-02	-1.888746957564795687e-02	-1.091858916045674310e-01
7.549657834707844926e-03	-1.722616387015040232e-02	-1.853182065218591384e-02	-1.071699034973142700e-01
7.582997017020511911e-03	-1.693011191275876556e-02	-1.824543306794756611e-02	-1.051903178584680104e-01
7.616336199333217059e-03	-1.663728141296374682e-02	-1.793456240558018167e-02	-1.033711608023808876e-01
7.649675381645884044e-03	-1.634284018429287000e-02	-1.766589283827333517e-02	-1.013938301807860154e-01
7.683014563958589192e-03	-1.601425150453467117e-02	-1.735018998933636133e-02	-9.957112951866513295e-02
7.716353746271256177e-03	-1.570853517399665306e-02	-1.706573527947573277e-02	-9.762697990682100979e-02
7.749692928583962193e-03	-1.541248321634573412e-02	-1.675937465760309400e-02	-9.587128555883671355e-02
7.783032110896668208e-03	-1.513704858757629855e-02	-1.644850399497826271e-02	-9.410045035932379509e-02
7.816371293209334326e-03	-1.484486237900362743e-02	-1.616147211886247506e-02	-9.240080936993974592e-02
7.849710475522003045e-03	-1.457264920780141325e-02	-1.588668178175029269e-02	-9.093182473829200529e-02
7.883049657834708193e-03	-1.429560385007279041e-02	-1.558966338683905918e-02	-8.919996917130987302e-02
7.916388840147409872e-03	-1.402790071947843629e-02	-1.532421527680399680e-02	-8.750161676144867229e-02
7.949728022460080326e-03	-1.372218438857929559e-02	-1.501270032236715242e-02	-8.570049985509731183e-02
7.983067204772782005e-03	-1.341840093221689616e-02	-1.470247395094250072e-02	-8.386491335179595275e-02
8.016406387085452459e-03	-1.314457703195055956e-02	-1.442832790510703914e-02	-8.217461458201714974e-02
8.049745569398154138e-03	-1.286946454857871257e-02	-1.414806108970793896e-02	-8.042955103279286755e-02
8.083084751710824592e-03	-1.258662056679947863e-02	-1.389582095580462265e-02	-7.879659420486476162e-02
8.116423934023526271e-03	-1.234017905644441832e-02	-1.360621191313594359e-02	-7.713271138359177603e-02
8.149763116336196725e-03	-1.206120082375614425e-02	-1.337330052505214008e-02	-7.558770034463004051e-02
8.183102298648898404e-03	-1.181508145909037147e-02	-1.313104690975052183e-02	-7.406813881925172760e-02
8.216441480961568858e-03	-1.156412990790022660e-02	-1.290651131150873099e-02	-7.263877810418122027e-02
8.249780663274270537e-03	-1.131833268892277339e-02	-1.265137186553377639e-02	-7.118686718532420132e-02
8.283119845586940991e-03	-1.106834757495851751e-02	-1.236820573794985764e-02	-6.971047318829082240e-02
8.316459027899642670e-03	-1.083769120688402726e-02	-1.211789847838553799e-02	-6.811939530083856165e-02
8.349798210212313124e-03	-1.059930334041035010e-02	-1.186533619842923548e-02	-6.671967199161672746e-02
8.383137392525014803e-03	-1.036574766037886772e-02	-1.166012934593181095e-02	-6.522201637141296360e-02
8.416476574837685257e-03	-1.015506432967792222e-02	-1.140788921166088245e-02	-6.388833294027265741e-02
8.449815757150386936e-03	-9.938582375166258795e-03	-1.117916571822968191e-02	-6.259620631093741616e-02
8.483154939463059124e-03	-9.753348559896653572e-03	-1.097621388600202724e-02	-6.125801283768694816e-02
8.516494121775762538e-03	-9.552007456326623569e-03	-1.074008103990822631e-02	-6.007638220149360414e-02
8.549833304088432992e-03	-9.354854247686762714e-03	-1.053745135338927073e-02	-5.887155707002730831e-02
8.583172486401134671e-03	-9.182506262982165560e-03	-1.035189539242635862e-02	-5.772955036036332699e-02
8.616511668713805125e-03	-8.985030908527603596e-03	-1.017407092980078011e-02	-5.655468478300185176e-02
8.649850851026506804e-03	-8.784334096393054542e-03	-1.000204509095332407e-02	-5.540430228266316620e-02
8.683190033339177258e-03	-8.593623802973899065e-03	-9.820354879121147296e-03	-5.426970492377149874e-02
8.716529215651878937e-03	-8.430295899639346502e-03	-9.638664667266457278e-03	-5.326332157582158028e-02
8.749868397964549391e-03	-8.263746538634153538e-03	-9.489189031963831192e-03	-5.209940895160226210e-02
8.783207580277251070e-03	-8.084311346964148659e-03	-9.336814084760407598e-03	-5.111009932791978072e-02
8.816546762589921524e-03	-7.945788667580586800e-03	-9.115177797879927407e-03	-5.018360812682499256e-02
8.849885944902623203e-03	-7.817896798455238952e-03	-9.007903257856737095e-03	-4.944653863124364584e-02
8.883225127215293657e-03	-7.688716346250782339e-03	-8.894507948277251275e-03	-4.866146941734946635e-02
8.916564309527995336e-03	-7.578542494245951201e-03	-8.765327496163315135e-03	-4.800751352697815721e-02
8.949903491840665790e-03	-7.469657225294607829e-03	-8.621972630345073330e-03	-4.733358459939163848e-02
8.983242674153367469e-03	-7.364637705525545371e-03	-8.502778696948881318e-03	-4.669541385075539480e-02
9.016581856466037923e-03	-7.256074582323241220e-03	-8.362645288762208737e-03	-4.598153884840831818e-02
9.049921038778739601e-03	-7.084693034703611059e-03	-8.266001558960201293e-03	-4.504055108533280838e-02
9.083260221091410055e-03	-6.646252646801360797e-03	-7.968661016938305072e-03	-4.185227450180355191e-02
9.116599403404122143e-03	-5.277133139368364763e-03	-7.040236918881942821e-03	-3.312599013512640411e-02
9.149938585716785658e-03	-3.027911395567791080e-03	-5.260381559428064374e-03	-1.920832675288295516e-02
9.183277768029494276e-03	-1.654926136032863716e-03	-3.510163608742977205e-03	-1.123167547716048820e-02
9.216616950342157791e-03	-9.855072314730300292e-04	-2.465122740524260548e-03	-7.345631105274483610e-03
9.249956132654866409e-03	-7.455086347196586459e-04	-2.007675751151855557e-03	-5.816727298364263686e-03
9.283295314967529924e-03	-5.647848591528610834e-04	-1.783462297142596100e-03	-4.657002538685501083e-03
9.316634497280238542e-03	-4.078998703675345335e-04	-1.561181717721762041e-03	-3.741142123707798164e-03
9.349973679592902057e-03	-3.032024959111027386e-04	-1.418793288561755444e-03	-3.022112771877691947e-03
9.383312861905610675e-03	-2.323304270446749787e-04	-1.358229884308633992e-03	-2.461901282933431738e-03
9.416652044218274190e-03	-1.743441888789126423e-04	-1.281881337431318687e-03	-2.034413849885811573e-03
9.449991226530982807e-03	-1.285994898824714954e-04	-1.235170201155118882e-03	-1.698737960409585053e-03
9.483330408843646323e-03	-9.670705888677705406e-05	-1.184593315676989601e-03	-1.438766326188967073e-03
9.516669591156354940e-03	-6.352604482154999659e-05	-1.139170762470269110e-03	-1.227760848566763563e-03
9.550008773469018455e-03	-3.872082071593923523e-05	-1.138848616708615629e-03	-1.051869259565514679e-03
9.583347955781727073e-03	-1.674057435536373724e-06	-1.104379019593918019e-03	-9.233330983620312250e-04
9.616687138094390588e-03	1.225254471676647249e-06	-1.076030192065622042e-03	-8.324879919380696880e-04
9.650026320407099206e-03	3.158129078222095971e-06	-1.089560314291675852e-03	-7.583944654185745737e-04
9.683365502719762721e-03	3.054051932641752465e-05	-1.045426344150590962e-03	-6.836566473648003715e-04
9.716704685032471339e-03	4.181562119519972935e-05	-1.002258811317816543e-03	-6.536970909875572909e-04
9.750043867345134854e-03	3.859416351833887390e-05	-1.003547394393791096e-03	-6.018316224196560088e-04
9.783383049657843472e-03	4.374849579790014654e-05	-9.922722925387679384e-04	-5.728385033434740987e-04
9.816722231970506987e-03	5.244643152520838764e-05	-1.021265411605558815e-03	-5.522211742218313896e-04
9.850061414283215605e-03	6.243295032165630291e-05	-9.790643160656252540e-04	-5.254830755176125457e-04
9.883400596595879120e-03	4.084918389036187614e-05	-9.819636279698744277e-04	-5.209730347752497244e-04
9.916739778908587738e-03	6.662084530341754970e-05	-9.809971906748274351e-04	-4.948792276034236735e-04
9.950078961221251253e-03	6.339938762688389969e-05	-9.803528991458039087e-04	-4.720068781094945891e-04
9.983418143533959871e-03	5.695647227322884012e-05	-9.600577158021075287e-04	-4.552552981980794605e-04
1.001675732584662339e-02	7.854023870569486253e-05	-9.368632205503885178e-04	-4.446244878704752102e-04
1.005009650815933200e-02	7.048659451494556293e-05	-9.909837094761752598e-04	-4.510674032209390427e-04
1.008343569047199552e-02	6.275509609071594182e-05	-9.945273129259774893e-04	-4.404365928908001446e-04
1.011677487278470414e-02	6.855371990924687272e-05	-9.971044790688693860e-04	-4.378594267506287279e-04
1.015011405509736939e-02	6.339938762610197308e-05	-1.007735289382977054e-03	-4.272286164214644734e-04
1.018345323741007627e-02	7.757380140222653285e-05	-9.761650041705847514e-04	-4.124099111134064293e-04
1.021679241972273978e-02	8.498315406078238356e-05	-9.848629398891192016e-04	-4.095105992062550633e-04
1.025013160203545014e-02	6.597655376705500465e-05	-9.858293771880010173e-04	-4.085441619049341722e-04
1.028347078434811365e-02	7.692950986860064961e-05	-9.629570276991198698e-04	-4.008126634842209168e-04
1.031680996666082747e-02	5.953363841359514890e-05	-9.871179602586313204e-04	-4.153092230234169992e-04
1.035014914897348579e-02	7.499663526029495461e-05	-9.346082001646196548e-04	-3.827725004994989694e-04
1.038348833128620134e-02	6.919801144365418113e-05	-9.706885261170660785e-04	-3.763295851492944781e-04
1.041682751359887006e-02	7.209732335301866134e-05	-9.387960951397138036e-04	-3.547458187239248164e-04
1.045016669591158041e-02	7.918453024225219805e-05	-9.175344744910300318e-04	-3.631216086801536923e-04
1.048350587822423699e-02	8.401671675738088139e-05	-9.407289697603654849e-04	-3.656987748212368146e-04
1.051684506053694734e-02	8.240598791943685726e-05	-9.523262173822990943e-04	-3.412156964848790121e-04
1.055018424284961606e-02	7.274161489133515554e-05	-9.407289697497976579e-04	-3.470143203032116153e-04
1.058352342516232468e-02	9.013748634138717369e-05	-9.223666609974341809e-04	-3.573229848617573922e-04
1.061686260747498126e-02	8.917104903987418908e-05	-9.481383223903498301e-04	-3.521686525823224698e-04
1.065020178978768987e-02	7.821809293923984315e-05	-9.152794541114013310e-04	-3.386385303454871910e-04
1.068354097210036033e-02	6.984230297942956294e-05	-9.036822064935706679e-04	-3.389606761120091192e-04
1.071688015441306895e-02	7.435234372855752116e-05	-9.069036641667111310e-04	-3.273634284794421428e-04
1.075021933672572552e-02	6.404367916070355697e-05	-8.798434197048569678e-04	-3.312291776921394274e-04
1.078355851903843414e-02	7.531878102955137622e-05	-8.991721657504071633e-04	-3.228533877351320402e-04
1.081689770135110633e-02	8.788246596864785940e-05	-8.795212739423573754e-04	-3.212426588966042816e-04
1.085023688366381321e-02	7.499663526257570941e-05	-8.949842707773513146e-04	-3.218869504347882321e-04
1.088357606597646979e-02	8.852675750344430152e-05	-9.056150810973521634e-04	-3.093232654971277205e-04
1.091691524828917667e-02	8.917104903941895969e-05	-8.982057284499320041e-04	-3.096454112661204371e-04
1.095025443060185580e-02	8.433886252533281805e-05	-9.297760136705684715e-04	-3.019139128428702029e-04
1.098359361291455748e-02	8.015096754506949143e-05	-9.391182409244829086e-04	-3.061018078195520031e-04
1.101693279522721926e-02	8.949319480495822126e-05	-9.162458914354196151e-04	-3.144775977791640234e-04
1.105027197753992094e-02	7.918453024348969286e-05	-8.785548366416834820e-04	-3.151218893144847586e-04
1.108361115985260180e-02	8.852675750272863322e-05	-9.133465795222424702e-04	-3.170547639181011301e-04
1.111695034216530174e-02	9.110392364446540743e-05	-9.014271861291965832e-04	-3.028803501436701890e-04
1.115028952447795832e-02	8.820461173451507857e-05	-9.075479557122341544e-04	-3.025582043789704252e-04
1.118362870679066173e-02	1.007682966747169872e-04	-8.943399792496524664e-04	-2.951488517240637415e-04
1.121696788910334260e-02	8.723817443339285398e-05	-9.085143930222601590e-04	-3.019139128422202779e-04
1.125030707141604601e-02	9.078177787631503467e-05	-9.011050403663782354e-04	-2.986924551672481636e-04
1.128364625372870259e-02	9.464752708966896633e-05	-8.920849588766492167e-04	-2.867730617668600053e-04
1.131698543604140600e-02	1.007682966760226376e-04	-9.091586845436111118e-04	-3.019139128440413581e-04
1.135032461835408686e-02	9.851327630035100372e-05	-8.956285623087210544e-04	-2.809744379513236137e-04
1.138366380066679028e-02	9.045963210947088157e-05	-9.188230575569772320e-04	-2.935381228871615272e-04
1.141700298297944685e-02	8.015096754448350726e-05	-9.429839901240076247e-04	-2.835516040911728055e-04
1.145034216529214853e-02	8.691602866511256669e-05	-9.349303459379520531e-04	-2.867730617673793381e-04
1.148368134760483286e-02	8.691602866478677749e-05	-9.033600607280127580e-04	-2.771086887408369631e-04
1.151702052991753454e-02	8.756032020075835923e-05	-9.104472676061514235e-04	-2.970817263306710474e-04
1.155035971223019112e-02	1.001240051386821964e-04	-9.030379149522799360e-04	-2.787194175785838251e-04
1.158369889454289800e-02	8.143955061362356091e-05	-9.239773898284476053e-04	-2.774308345097007138e-04
1.161703807685558060e-02	8.401671675516296967e-05	-9.494269054504421218e-04	-2.764643972064927688e-04
1.165037725916828228e-02	1.068890662597691551e-04	-9.336417628331304588e-04	-2.829073125570238218e-04
1.168371644148094059e-02	9.207036094995197945e-05	-9.349303459101842260e-04	-2.899945194414397468e-04
1.171705562379363880e-02	8.015096754272333214e-05	-9.294538678949777885e-04	-2.854844786973269148e-04
1.175039480610632833e-02	9.271465248644588915e-05	-9.558698208084244084e-04	-2.738872310650838438e-04
1.178373398841902654e-02	1.184863138976760170e-04	-9.571584038773138080e-04	-2.713100649234160655e-04
1.181707317073168312e-02	1.046340458869633250e-04	-9.851850856460008920e-04	-2.925716855839558591e-04
1.185041235304438306e-02	9.625825592767481710e-05	-9.793864618357123100e-04	-2.951488517230204138e-04
1.188375153535707260e-02	8.498315405843755242e-05	-9.571584038741308073e-04	-2.854844786965458014e-04
1.191709071766977081e-02	1.020568797459454853e-04	-9.185009117895688059e-04	-2.880616448382139049e-04
1.195042989998242912e-02	1.020568797449008700e-04	-9.104472676011503241e-04	-2.751758141341633041e-04
1.198376908229512559e-02	8.627173712914257058e-05	-9.391182409052975175e-04	-2.835516040906489190e-04
1.201710826460781860e-02	9.271465248422818071e-05	-9.152794541120425282e-04	-2.851623329308039024e-04
1.205044744692051507e-02	9.561396439040030894e-05	-9.552255292715966864e-04	-2.832294583243906688e-04
1.208378662923317338e-02	9.690254746293262790e-05	-9.056150810905173529e-04	-2.822630210217683014e-04
1.211712581154586986e-02	9.529181862238033859e-05	-9.214002236990431836e-04	-2.738872310654750239e-04
1.215046499385856286e-02	7.628521833165087355e-05	-9.191452033387592516e-04	-2.674443157139684600e-04
1.218380417617125934e-02	8.659388289696438943e-05	-9.281652848177041450e-04	-2.771086887370628011e-04
1.221714335848391765e-02	9.529181862544325039e-05	-9.307424509436363009e-04	-2.803301464161342838e-04
1.225048254079661413e-02	6.726513683971414815e-05	-9.416954070405677982e-04	-2.722765022281187458e-04
1.228382172310930887e-02	1.039897543513195111e-04	-9.342860543959583246e-04	-2.732429395306764947e-04
1.231716090542200708e-02	7.370805219304221235e-05	-9.462054477897211945e-04	-2.854844786958932201e-04
1.235050008773466192e-02	8.272813368563305047e-05	-9.423396985857829082e-04	-2.613235461287255132e-04
1.238383927004735839e-02	1.017347339790992044e-04	-9.104472676095343511e-04	-2.777529802764818747e-04
1.241717845236005660e-02	9.335894401772442048e-05	-9.526483631347594083e-04	-2.751758141335124033e-04
1.245051763467275134e-02	8.466100829178645508e-05	-9.236552440680380295e-04	-2.642228580361355699e-04
1.248385681698540618e-02	9.271465248370726222e-05	-9.352524916974085068e-04	-2.735650852973279309e-04
1.251719599929810092e-02	9.271465248416490396e-05	-9.545812377461400768e-04	-2.632564207337082505e-04
1.255053518161080087e-02	9.271465248247108201e-05	-9.855072314302862260e-04	-2.671221699446505371e-04
1.258387436392349561e-02	9.045963210979673854e-05	-9.462054478075038449e-04	-2.668000241768288131e-04
1.261721354623615045e-02	9.561396439137614511e-05	-9.172123287363814726e-04	-2.729207937605761030e-04
1.265055272854884519e-02	8.305027945358357767e-05	-9.207559321726737842e-04	-2.658335868744018731e-04
1.268389191086154513e-02	9.303679824970741813e-05	-9.465275935693405560e-04	-2.732429395291148099e-04
1.271723109317423987e-02	1.001240051400506493e-04	-9.420175528192590826e-04	-2.800080006487021137e-04
1.275057027548689298e-02	9.464752709129922693e-05	-9.610241531056117319e-04	-2.700214818546627874e-04
1.278390945779958945e-02	9.464752708960194908e-05	-9.368632205468761364e-04	-2.690550445502841751e-04
1.281724864011228940e-02	1.068890662609415571e-04	-8.959507080816601042e-04	-2.706657733892019755e-04
1.285058782242498587e-02	8.820461173536117640e-05	-9.065815183995332063e-04	-2.854844786960896775e-04
1.288392700473764245e-02	1.075333577928727240e-04	-9.046486437931264236e-04	-2.716322106913681106e-04
1.291726618705038403e-02	8.337242522121343852e-05	-8.560046329186868060e-04	-2.790415633465359786e-04
1.295060536936307877e-02	9.625825592565507042e-05	-9.085143930086095115e-04	-2.668000241793006314e-04
1.298394455167573187e-02	1.007682966742622999e-04	-9.139908710547009658e-04	-2.822630210207267083e-04
1.301728373398842488e-02	9.851327630243488095e-05	-8.647025686376745611e-04	-2.674443157137753636e-04
1.305062291630112829e-02	9.368108978476603389e-05	-8.698569009155488830e-04	-2.684107530162661631e-04
1.308396209861382303e-02	1.030233170481096959e-04	-8.498838633363589535e-04	-2.751758141332536042e-04
1.311730128092647614e-02	8.530529982678089962e-05	-9.104472676203446057e-04	-2.600349630593218764e-04
1.315064046323916915e-02	1.017347339786424572e-04	-9.033600607289870221e-04	-2.735650852974568425e-04
1.318397964555187603e-02	9.432538131897845696e-05	-8.891856469595511630e-04	-2.613235461314586785e-04
1.321731882786456730e-02	1.120433985436971333e-04	-8.853198977500976487e-04	-2.767865429728193780e-04
1.325065801017722041e-02	1.017347339783171423e-04	-8.953064165345439541e-04	-2.642228580374372630e-04
1.328399719248991341e-02	8.433886252520230722e-05	-8.911185215590447474e-04	-2.722765022260370776e-04
1.331733637480262029e-02	1.030233170471319217e-04	-9.007828945822841547e-04	-2.684107530163966468e-04
1.335067555711531156e-02	9.561396439255223341e-05	-9.098029760831583381e-04	-2.854844786963492897e-04
1.338401473942796467e-02	1.091440866330273143e-04	-9.236552440799531945e-04	-2.709879191565030656e-04
1.341735392174065594e-02	8.788246596747430542e-05	-8.943399792374495541e-04	-2.758201056696773525e-04
1.345069310405336456e-02	1.004461509068963745e-04	-8.959507080665648658e-04	-2.693771903181724149e-04
1.348403228636605583e-02	7.854023870758347495e-05	-8.820984400648361305e-04	-2.693771903191477632e-04
1.351737146867870894e-02	9.851327630139303042e-05	-8.811320027655286571e-04	-2.703436276190357185e-04
1.355071065099140194e-02	8.369457098955627073e-05	-8.756555247259198644e-04	-2.790415633465366833e-04
1.358404983330411056e-02	8.208384215220126652e-05	-8.885413554253490534e-04	-2.684107530172427040e-04
1.361738901561680357e-02	7.531878102994236663e-05	-8.994943115239695209e-04	-2.632564207351400479e-04
1.365072819792945320e-02	8.079525907980181654e-05	-8.688904636072484946e-04	-2.680886072488338845e-04
1.368406738024214621e-02	8.756032020095501996e-05	-8.614811109642852736e-04	-2.758201056694821961e-04
1.371740656255485483e-02	8.691602866511393549e-05	-8.514945921721041614e-04	-2.523034646369815589e-04
1.375074574486754783e-02	8.981534057395474605e-05	-8.849977519898688093e-04	-2.738872310630021756e-04
1.378408492718019747e-02	1.094662324003945408e-04	-8.672797347754386153e-04	-2.600349630599744035e-04
1.381742410949288874e-02	9.110392364557382797e-05	-8.801655654766363550e-04	-2.645450038048672106e-04
1.385076329180559909e-02	9.819113053448246995e-05	-8.663132974856814451e-04	-2.600349630597117555e-04
1.388410247411829210e-02	9.400323555506625759e-05	-8.888635011980869837e-04	-2.655114411074902827e-04
1.391744165643094173e-02	1.023790255122702920e-04	-8.975614369198633069e-04	-2.600349630588669452e-04
1.395078083874363301e-02	8.884890327133320538e-05	-8.827427316238948760e-04	-2.571356511490497428e-04
1.398412002105634509e-02	9.174821517991338729e-05	-8.698569009178976985e-04	-2.558470680803612458e-04
1.401745920336903636e-02	9.142606941261359824e-05	-9.014271861321111355e-04	-2.742093768327123629e-04
1.405079838568168600e-02	9.239250671608280883e-05	-9.043264980270529756e-04	-2.542363392416397403e-04
1.408413756799437727e-02	9.271465248331899587e-05	-9.400846782170817727e-04	-2.687328987830471072e-04
1.411747675030708936e-02	1.033454628167147831e-04	-9.413732612746383323e-04	-2.677664614818577840e-04
1.415081593261978063e-02	9.658040169510735315e-05	-9.555476750375622563e-04	-2.674443157130595192e-04
1.418415511493243027e-02	1.014125882103642841e-04	-9.961380417393514864e-04	-2.606792545949666254e-04
1.421749429724511980e-02	9.754683899655341539e-05	-1.010634601277695006e-03	-2.748536683659497494e-04
1.425083347955783362e-02	1.159091477558755188e-04	-9.655341938452009472e-04	-2.874173533021786263e-04
1.428417266187052663e-02	9.658040169419389927e-05	-9.742321295630443270e-04	-2.590685257559199677e-04
1.431751184418317800e-02	8.176169638190212703e-05	-9.526483631237517204e-04	-2.619678376650871367e-04
1.435085102649586580e-02	1.014125882087349044e-04	-9.304203051730476929e-04	-2.800080006471386941e-04
1.438419020880858309e-02	9.303679825198788833e-05	-9.665006311222934434e-04	-2.606792545937951450e-04
1.441752939112127090e-02	9.786898476431258090e-05	-9.561919665575087336e-04	-2.725986479927531322e-04
1.445086857343392227e-02	9.207036094936533121e-05	-9.974266247937790385e-04	-2.651892953389527142e-04
1.448420775574661007e-02	8.723817443104651850e-05	-9.951716044297974351e-04	-2.845180413939243013e-04
1.451754693805932910e-02	9.658040169445462279e-05	-9.793864618269116241e-04	-2.571356511512616779e-04
1.455088612037201516e-02	1.123655443099524020e-04	-9.671449226693345667e-04	-2.590685257563757121e-04
1.458422530268466653e-02	9.915756783716946933e-05	-9.819636279710395113e-04	-2.742093768327769814e-04
1.461756448499735260e-02	8.143955061531797917e-05	-9.929165840649727560e-04	-2.622899834329741296e-04
1.465090366731007336e-02	8.401671675555253706e-05	-1.002580957082603802e-03	-2.626121291987788581e-04
1.468424284962275943e-02	7.821809293904467321e-05	-9.600577157856840342e-04	-2.668000241788457002e-04
1.471758203193541080e-02	1.117212527748954668e-04	-9.578026954161136938e-04	-2.626121292004071129e-04
1.475092121424809687e-02	9.883542206921345336e-05	-9.429839901206399843e-04	-2.725986479935979968e-04
1.478426039656081763e-02	1.001240051407013604e-04	-9.445947189510607838e-04	-2.703436276218344238e-04
1.481759957887350369e-02	9.496967285781730622e-05	-9.658563396069318402e-04	-2.622899834308271383e-04
1.485093876118615507e-02	1.081776493283865691e-04	-9.764871499217907518e-04	-2.568135053840247184e-04
1.488427794349884113e-02	1.123655443088484402e-04	-9.423396985709672855e-04	-2.774308345074239434e-04
1.491761712581156189e-02	9.368108978365723388e-05	-9.130244337296551833e-04	-2.680886072479878274e-04
1.495095630812424796e-02	1.078555035631726224e-04	-9.052929353222318072e-04	-2.693771903177822648e-04
1.498429549043689933e-02	1.036676085838856198e-04	-9.094808303019558246e-04	-2.732429395273579687e-04
1.501763467274958540e-02	8.723817443443447411e-05	-9.049707895640723846e-04	-2.680886072457119244e-04
1.505097385506230789e-02	9.368108978515636022e-05	-8.766219620215362799e-04	-2.661557326416392122e-04
1.508431303737499223e-02	1.020568797455520825e-04	-8.801655654607454205e-04	-2.610014003601210495e-04
1.511765221968764360e-02	1.130098358461221623e-04	-8.740447958898434327e-04	-2.690550445528879951e-04
1.515099140200033834e-02	9.013748634307877303e-05	-8.624475482567006907e-04	-2.668000241795606231e-04
1.518433058431305216e-02	8.562744559564576161e-05	-9.101251218425287061e-04	-2.622899834316722197e-04
1.521766976662574690e-02	8.369457098792755512e-05	-8.914406673250817661e-04	-2.858066244643031779e-04
1.525100894893838786e-02	1.049561916515924124e-04	-8.753333789493048271e-04	-2.742093768318014705e-04
1.528434813125108260e-02	9.303679825048923632e-05	-8.556824871340584305e-04	-2.577799426863221503e-04
1.531768731356379643e-02	9.174821518010892315e-05	-8.524610294675125186e-04	-2.558470680812077909e-04
1.535102649587649117e-02	9.368108978613557097e-05	-8.982057284484483818e-04	-2.835516040918876200e-04
1.538436567818913213e-02	1.039897543538618433e-04	-8.965949996063600491e-04	-2.703436276209238024e-04
1.541770486050182340e-02	1.075333577935884736e-04	-8.679240263081916887e-04	-2.606792545928859331e-04
1.545104404281455283e-02	9.045963210777616516e-05	-8.808098570127480698e-04	-2.639007122688982851e-04
1.548438322512723543e-02	7.467448949312242379e-05	-8.817762943140118777e-04	-2.764643972050617846e-04
1.551772240743988507e-02	8.047311331347836510e-05	-8.743669416647539957e-04	-2.687328987820712168e-04
1.555106158975256767e-02	1.033454628162588896e-04	-9.255881186759316870e-04	-2.790415633457561119e-04
1.558440077206529710e-02	8.466100829113436168e-05	-9.056150810958925020e-04	-2.751758141355290736e-04
1.561773995437797970e-02	9.174821518082746459e-05	-9.465275935662507967e-04	-2.587463799889433251e-04
1.565107913669063280e-02	9.529181862583590776e-05	-9.204337863975405260e-04	-2.645450038059090746e-04
1.568441831900332234e-02	8.433886252448600195e-05	-8.969171453770511141e-04	-2.668000241779339946e-04
1.571775750131602922e-02	9.013748634223310888e-05	-8.856420435163201745e-04	-2.645450038053881697e-04
1.575109668362871876e-02	7.821809293819819591e-05	-8.859641892765035857e-04	-2.545584850100483429e-04
1.578443586594137707e-02	9.690254746286432316e-05	-8.572932159779152054e-04	-2.864509159993605604e-04
1.581777504825406661e-02	1.213856258036501699e-04	-9.098029760677887965e-04	-2.655114411063858059e-04
1.585111423056677349e-02	9.045963211070897269e-05	-9.355746374636253948e-04	-2.513370273335799212e-04
1.588445341287946302e-02	1.001240051407032713e-04	-9.152794541137568686e-04	-2.700214818542724204e-04
1.591779259519212134e-02	8.369457099085919713e-05	-9.065815183956086112e-04	-2.581020884540794185e-04
1.595113177750481087e-02	9.432538132073762919e-05	-9.007828945759157680e-04	-2.706657733879658766e-04
1.598447095981752816e-02	9.947971360486037077e-05	-8.982057284286469470e-04	-2.545584850091363663e-04
1.601781014213020729e-02	1.039897543527512408e-04	-8.904742300135852582e-04	-2.581020884532966245e-04
1.605114932444286560e-02	9.496967285709994385e-05	-9.172123287042626338e-04	-2.568135053816826790e-04
1.608448850675555514e-02	8.981534057577902463e-05	-9.648899022960147299e-04	-2.671221699451712794e-04
1.611782768906827243e-02	8.594959136079649933e-05	-9.333196171077913538e-04	-2.603571088254522992e-04
1.615116687138095156e-02	9.303679825205168007e-05	-9.294538678942626487e-04	-2.661557326399468810e-04
1.618450605369360987e-02	7.821809293936738598e-05	-9.507154885476467622e-04	-2.700214818532968011e-04
1.621784523600629940e-02	8.015096754454716348e-05	-9.252659729232748072e-04	-2.696993360866450397e-04
1.625118441831901669e-02	9.625825592774051975e-05	-9.091586845386035072e-04	-2.761422514367843162e-04
1.628452360063169582e-02	1.001240051379635601e-04	-8.875749181356906541e-04	-2.687328987831118883e-04
1.631786278294435413e-02	9.915756783645193078e-05	-9.262324102243900794e-04	-2.648671495732754879e-04
1.635120196525704367e-02	8.047311331308745601e-05	-9.162458914257351960e-04	-2.780751260428744576e-04
1.638454114756976096e-02	1.123655443100848102e-04	-9.288095763616546416e-04	-2.568135053844797038e-04
1.641788032988244009e-02	8.884890326937941885e-05	-9.030379149616146999e-04	-2.606792545938609561e-04
1.645121951219509840e-02	8.981534057225905386e-05	-9.487826139307291816e-04	-2.506927357973489983e-04
1.648455869450778100e-02	8.981534057525830943e-05	-9.278431390439242964e-04	-2.700214818532969095e-04
1.651789787682050523e-02	9.303679825264136408e-05	-9.255881186760010759e-04	-2.645450038044137430e-04
1.655123705913318435e-02	9.947971360538418949e-05	-9.439504274206745238e-04	-2.584242342224220474e-04
1.658457624144584266e-02	1.004461509079383606e-04	-9.523262173695652482e-04	-2.648671495728865304e-04
1.661791542375853220e-02	1.007682966728284967e-04	-9.938830213709524096e-04	-2.693771903190171168e-04
1.665125460607124949e-02	9.464752708738722220e-05	-9.884065433184597172e-04	-2.729207937618119851e-04
1.668459378838393209e-02	8.305027945280280303e-05	-9.729435464735130190e-04	-2.729207937594041889e-04
1.671793297069659387e-02	7.789594717082976331e-05	-9.629570276873364353e-04	-2.597128172907840369e-04
1.675127215300927647e-02	9.207036094741060956e-05	-9.919501467525670361e-04	-2.645450038047378110e-04
1.678461133532200417e-02	7.564092679750290631e-05	-1.015466787790171230e-03	-2.742093768329078988e-04
1.681795051763467982e-02	9.142606941293805929e-05	-9.317088882563632699e-04	-2.687328987826585833e-04
1.685128969994733814e-02	9.142606941300422273e-05	-9.397625324364106266e-04	-2.622899834323863294e-04
1.688462888226002073e-02	9.754683899850995308e-05	-9.710106718868266812e-04	-2.545584850098533492e-04
1.691796806457274843e-02	9.851327630171975475e-05	-9.249438271391774739e-04	-2.571356511501559543e-04
1.695130724688542409e-02	8.981534057564813432e-05	-9.210780779443195976e-04	-2.684107530171122202e-04
1.698464642919808240e-02	9.368108978411400826e-05	-9.030379149737577642e-04	-2.577799426861907993e-04
1.701798561151076500e-02	8.433886252292095611e-05	-9.030379149733643073e-04	-2.822630210222233952e-04
1.705132479382349270e-02	8.723817443463014549e-05	-9.123801422327259929e-04	-2.748536683677057775e-04
1.708466397613616836e-02	9.819113053246089368e-05	-9.030379149689426056e-04	-2.626121291985825633e-04
1.711800315844882667e-02	1.023790255119431475e-04	-9.168901829670428414e-04	-2.722765022272073654e-04
1.715134234076150926e-02	9.174821518043545774e-05	-9.342860544054061708e-04	-2.564913596151621061e-04
1.718468152307423696e-02	8.111740484795087471e-05	-9.098029760880201175e-04	-2.758201056698719126e-04
1.721802070538691262e-02	1.056004831880853463e-04	-9.587691327258596489e-04	-2.619678376637849557e-04
1.725135988769957093e-02	9.335894401785476868e-05	-9.094808303070803061e-04	-2.581020884536876963e-04
1.728469907001225353e-02	1.152648562203606572e-04	-9.397625324547589053e-04	-2.622899834301749365e-04
1.731803825232498123e-02	8.562744559603711794e-05	-9.458833020231989953e-04	-2.581020884551201442e-04
1.735137743463765689e-02	1.046340458840286337e-04	-9.420175528134391938e-04	-2.851623329298277952e-04
1.738471661695031520e-02	9.400323555591175910e-05	-9.407289697496554106e-04	-2.603571088242824451e-04
1.741805579926299780e-02	9.464752708823409252e-05	-9.365410747681734678e-04	-2.645450038053893081e-04
1.745139498157572550e-02	1.072112120293513388e-04	-9.101251218379343994e-04	-2.774308345074240519e-04
1.748473416388840115e-02	1.046340458869631353e-04	-9.078701014597974524e-04	-2.800080006481808835e-04
1.751807334620105946e-02	9.368108978580834520e-05	-9.181787660346951664e-04	-2.783972718103695657e-04
1.755141252851373512e-02	8.884890327159479626e-05	-9.300981594180243251e-04	-2.777529802749231173e-04
1.758475171082646976e-02	8.562744559401704600e-05	-9.020714776571659398e-04	-2.519813188711769931e-04
1.761809089313914542e-02	7.950667601183453084e-05	-9.194673491115700403e-04	-2.668000241769578874e-04
1.765143007545180373e-02	9.722469323094744828e-05	-9.040043522704692240e-04	-2.661557326428090121e-04
1.768476925776455572e-02	8.917104904189152340e-05	-8.785548366320783181e-04	-2.719543564586040401e-04
1.771810844007722444e-02	1.043119001207707503e-04	-9.420175528197011119e-04	-2.751758141339669009e-04
1.775144762238989316e-02	1.046340458862468300e-04	-9.159237456637117853e-04	-2.658335868767438040e-04
1.778478680470256187e-02	8.852675750311985402e-05	-9.491047597131499047e-04	-2.503705900319995264e-04
1.781812598701523059e-02	9.013748634236361972e-05	-9.271988475300169336e-04	-2.568135053837646183e-04
1.785146516932798258e-02	1.052783374215016864e-04	-9.265545559897650843e-04	-2.619678376660632439e-04
1.788480435164064089e-02	9.335894401909401177e-05	-9.255881186874085091e-04	-2.677664614801655613e-04
1.791814353395331655e-02	7.692950987146897422e-05	-9.027157691991285517e-04	-2.738872310655402387e-04
1.795148271626605119e-02	9.400323555206889937e-05	-8.827427316164324208e-04	-2.722765022246702782e-04
1.798482189857872685e-02	1.059226289566889020e-04	-9.043264980379119109e-04	-2.645450038056486493e-04
1.801816108089138516e-02	9.142606941450198027e-05	-9.165680372042312157e-04	-2.597128172920854590e-04
1.805150026320406081e-02	9.013748634177798792e-05	-9.220445152496012419e-04	-2.613235461287883427e-04
1.808483944551679545e-02	8.788246596708270515e-05	-9.036822064977850701e-04	-2.696993360858637094e-04
1.811817862782947111e-02	9.947971360479413957e-05	-8.988500199781775070e-04	-2.754979599008788708e-04
1.815151781014212942e-02	9.207036094871311584e-05	-9.020714776581610205e-04	-2.754979599016586290e-04
1.818485699245480508e-02	8.530529982925782724e-05	-8.962728538424437298e-04	-2.674443157148159809e-04
1.821819617476753972e-02	8.466100829080938563e-05	-9.139908710440156113e-04	-2.603571088266897534e-04
1.825153535708021538e-02	8.401671675418581891e-05	-8.827427315904829092e-04	-2.635785665019211004e-04
1.828487453939287369e-02	1.049561916547857131e-04	-8.972392911289720375e-04	-2.600349630583469076e-04
1.831821372170554935e-02	8.949319480906532817e-05	-8.791991281539692036e-04	-2.639007122700700366e-04
1.835155290401828398e-02	1.110769612415959555e-04	-8.595482363403343651e-04	-2.668000241791055292e-04
1.838489208633095964e-02	1.014125882096473283e-04	-8.949842707613482736e-04	-2.761422514384115953e-04
1.841823126864361795e-02	9.690254746397340777e-05	-8.859641892819905161e-04	-2.893502279091785217e-04
1.845157045095629361e-02	9.174821518043604050e-05	-9.040043522508839791e-04	-2.600349630584757651e-04
1.848490963326902825e-02	9.947971360486271535e-05	-9.030379149468131719e-04	-2.461826950525184787e-04
1.851824881558170391e-02	8.337242522303659224e-05	-9.259102644391581285e-04	-2.655114411081398824e-04
1.855158799789436222e-02	1.007682966757617786e-04	-9.558698208073783701e-04	-2.593906715236113706e-04
1.858492718020703788e-02	8.917104903863531191e-05	-9.275209932729396294e-04	-2.632564207343592055e-04
1.861826636251977252e-02	9.174821517965410034e-05	-9.297760136301375967e-04	-2.629342749663403736e-04
1.865160554483244817e-02	9.593611016082902415e-05	-9.687556515101471187e-04	-2.581020884518011303e-04
1.868494472714510649e-02	9.400323555310992319e-05	-1.001292374018017059e-03	-2.571356511508057167e-04
1.871828390945778214e-02	8.659388289833240863e-05	-9.877622517916950177e-04	-2.771086887403167087e-04
1.875162309177051678e-02	7.854023870732341551e-05	-9.835743568040130648e-04	-2.564913596142505089e-04
1.878496227408319244e-02	1.023790255132464534e-04	-9.703663803275208461e-04	-2.745315226004693600e-04
1.881830145639585075e-02	7.950667600916205380e-05	-9.336417628441612401e-04	-2.648671495714534862e-04
1.885164063870852641e-02	1.104326697069935584e-04	-9.249438271311280317e-04	-2.722765022253875863e-04
1.888497982102126105e-02	1.023790255137041629e-04	-9.339639086258558730e-04	-2.642228580375016646e-04
1.891831900333393671e-02	1.056004831891949866e-04	-9.378296578397626393e-04	-2.593906715234164852e-04
1.895165818564659502e-02	9.078177787814023481e-05	-9.181787660287251155e-04	-2.603571088258430999e-04
1.898499736795927068e-02	9.335894401844288060e-05	-9.242995356057165249e-04	-2.722765022249959183e-04
