# Time (s)	Generation (V)	PC (V)	PL (V)
1.500263204070890169e-05	1.133319816127714165e-04	2.646686373333545159e-03	-2.610014003615538768e-04
4.834181435339528833e-05	9.722469323179468452e-05	-4.056448359322900577e-04	-2.642228580386072798e-04
8.168099666608183592e-05	1.036676085862340017e-04	-8.440852386489192637e-04	-2.680886072460358840e-04
1.150201789787680921e-04	1.104326697050374680e-04	-9.046486437649281682e-04	-2.503705900309573370e-04
1.483593612914544161e-04	1.062447747264026537e-04	-9.262324102263434864e-04	-2.542363392430715919e-04
1.816985436041414854e-04	8.659388289885493987e-05	-9.236552440848791587e-04	-2.574577969167413626e-04
2.150377259168277959e-04	9.786898476359508301e-05	-9.449168647398263664e-04	-2.597128172916961762e-04
2.483769082295139165e-04	1.139762731478302085e-04	-8.933735419375878365e-04	-2.709879191555924442e-04
2.817160905422001998e-04	9.593611016004666386e-05	-8.563267786785175263e-04	-2.558470680792549802e-04
3.150552728548863747e-04	1.110769612401615560e-04	-8.518167379223553050e-04	-2.600349630588667284e-04
3.483944551675727122e-04	1.239627919440171224e-04	-8.637361313109729851e-04	-2.445719662126247338e-04
3.817336374802589413e-04	1.007682966751079234e-04	-8.930513961567410498e-04	-2.577799426857994565e-04
4.150728197929463088e-04	1.039897543511221728e-04	-9.175344744756868363e-04	-2.700214818548575101e-04
4.484120021056323211e-04	1.088219408682700336e-04	-9.294538678781034827e-04	-2.513370273356615352e-04
4.817511844183182249e-04	9.819113053532524740e-05	-8.956285622875316240e-04	-2.519813188685727937e-04
5.150903667310046709e-04	9.432538132047549621e-05	-9.069036641575476711e-04	-2.542363392430058351e-04
5.484295490436907373e-04	1.142984189153929708e-04	-9.549033835055556561e-04	-2.574577969184983122e-04
5.817687313563794059e-04	1.059226289566890918e-04	-9.590912784909872389e-04	-2.461826950532994295e-04
6.151079136690657976e-04	1.065669204917497540e-04	-9.513597800724064467e-04	-2.616456918965487008e-04
6.484470959817520809e-04	1.010904424433240259e-04	-9.520040716070916767e-04	-2.603571088265587818e-04
6.817862782944378221e-04	1.133319816155093794e-04	-9.178566202545934433e-04	-2.651892953391475996e-04
7.151254606071238886e-04	1.030233170485670259e-04	-9.545812377447384202e-04	-2.635785665025714049e-04
7.484646429198103888e-04	1.120433985433054788e-04	-9.616684446183056557e-04	-2.600349630586728730e-04
7.818038252324961300e-04	1.091440866342026844e-04	-9.313867424951023785e-04	-2.590685257540974781e-04
8.151430075451824133e-04	9.980185936987975739e-05	-9.275209932832502837e-04	-2.568135053833737634e-04
8.484821898578681545e-04	1.010904424429334014e-04	-9.410511155196343716e-04	-2.577799426846290060e-04
8.818213721705542209e-04	1.094662324012432407e-04	-9.420175528203259376e-04	-2.706657733886824800e-04
9.151605544832444074e-04	1.075333577961312665e-04	-9.159237456624308004e-04	-2.468269865889443412e-04
9.484997367959307991e-04	9.207036094721374555e-05	-9.439504274354083976e-04	-2.487598611935363320e-04
9.818389191086165403e-04	1.027011712795689155e-04	-9.500711970084395417e-04	-2.581020884541442538e-04
1.015178101421302607e-03	1.329828734395381660e-04	-9.861515229657093640e-04	-2.754979599026359288e-04
1.048517283733989107e-03	1.007682966752420798e-04	-9.684335057542959625e-04	-2.503705900315438904e-04
1.081856466046675824e-03	1.030233170470673710e-04	-9.429839901315305783e-04	-2.513370273348164538e-04
1.115195648359362541e-03	9.754683899759674314e-05	-9.252659729169284298e-04	-2.680886072477287030e-04
1.148534830672048607e-03	1.126876900788204759e-04	-9.091586845532083610e-04	-2.651892953384968072e-04
1.181874012984734674e-03	1.155870019868157579e-04	-9.136687252873977073e-04	-2.545584850102427404e-04
1.215213195297422692e-03	9.207036094584709516e-05	-9.156015998956310454e-04	-2.738872310638471486e-04
1.248552377610108758e-03	1.036676085838216519e-04	-9.429839901243414505e-04	-2.542363392415100697e-04
1.281891559922794608e-03	1.088219408654679673e-04	-9.790643160816996354e-04	-2.700214818536861381e-04
1.315230742235480241e-03	1.043119001189453062e-04	-9.365410747766032482e-04	-2.896723736758948474e-04
1.348569924548166741e-03	1.033454628145628857e-04	-9.652120480795734316e-04	-2.639007122707207205e-04
1.381909106860852374e-03	9.593611015933132082e-05	-9.410511155219570580e-04	-3.038467874494798940e-04
1.415248289173538223e-03	8.884890327107267160e-05	-9.636013192363883199e-04	-3.064239535896534790e-04
1.448587471486224290e-03	1.072112120268751295e-04	-9.513597800842117820e-04	-3.347727811329851712e-04
1.481926653798910139e-03	7.628521833354145109e-05	-9.748764211015911599e-04	-4.098327449754440204e-04
1.515265836111600543e-03	6.275509609071595538e-05	-9.590912784966784330e-04	-4.813491053675653694e-04
1.548605018424287260e-03	5.663432650579611433e-05	-9.777757330169045084e-04	-6.056973716284543398e-04
1.581944200736973543e-03	2.184258359995689926e-05	-1.002903102876751039e-03	-7.464750720253325545e-04
1.615283383049659826e-03	2.023185476305871687e-05	-1.012889621667732590e-03	-9.497490512894694739e-04
1.648622565362346326e-03	-2.486855270698589847e-05	-1.036084116920142455e-03	-1.167519590065090648e-03
1.681961747675032610e-03	-6.255960751990674508e-05	-1.052835696823506461e-03	-1.448108553438608127e-03
1.715300929987719110e-03	-1.170022422462610576e-04	-1.112754809568714887e-03	-1.769287883441768554e-03
1.748640112300405176e-03	-1.814313957659310862e-04	-1.181049712249279291e-03	-2.134601183489614421e-03
1.781979294613091677e-03	-2.278203862993228223e-04	-1.260941862559538567e-03	-2.520853958318826620e-03
1.815318476925777960e-03	-2.719543564586701765e-04	-1.289290690090144978e-03	-2.933522685949888509e-03
1.848657659238465327e-03	-3.367056557394625354e-04	-1.352431260500143234e-03	-3.353278620348260075e-03
1.881996841551151394e-03	-4.133763484158321766e-04	-1.403008145967052107e-03	-3.816846378938830008e-03
1.915336023863837894e-03	-4.749061900165148752e-04	-1.497074710027233337e-03	-4.268816889784347694e-03
1.948675206176523960e-03	-5.483554250116038633e-04	-1.609503582828405738e-03	-4.741726875342106885e-03
1.982014388489209810e-03	-6.143953073515291035e-04	-1.676187756654586849e-03	-5.191442365569457623e-03
2.015353570801895877e-03	-6.955760407600540193e-04	-1.746093388156579355e-03	-5.658553727055804644e-03
2.048692753114581943e-03	-7.409985939758661957e-04	-1.811488978913430555e-03	-6.156591081990114671e-03
2.082031935427268009e-03	-8.369980326825105996e-04	-1.871730237374090271e-03	-6.623702443207585625e-03
2.115371117739955377e-03	-9.226888068223658207e-04	-1.964186072580031538e-03	-7.133659191195788896e-03
2.148710300052642744e-03	-1.018688245517391806e-03	-2.028937371789214621e-03	-7.803078093218560225e-03
2.182049482365330546e-03	-1.270928381389533832e-03	-2.243808598513715932e-03	-9.409296881963903972e-03
2.215388664678016612e-03	-1.574067548460582680e-03	-2.516343917528569060e-03	-1.116499130449163761e-02
2.248727846990702679e-03	-2.003810001995545622e-03	-2.900019526130328748e-03	-1.386747212830608672e-02
2.282067029303388745e-03	-2.614598376527244375e-03	-3.370674491710407353e-03	-1.789139487221735533e-02
2.315406211616074812e-03	-3.796551195569895353e-03	-4.250454580984049796e-03	-2.530590176298118041e-02
2.348745393928761745e-03	-5.218502609890934493e-03	-5.540004084871455632e-03	-3.438300289714686653e-02
2.382084576241447812e-03	-7.185202513642154759e-03	-7.258329602574978626e-03	-4.705589495087766222e-02
2.415423758554133878e-03	-9.701483091455574345e-03	-9.505296320132410048e-03	-6.310906235064733805e-02
2.448762940866820812e-03	-1.245260792832045445e-02	-1.210823410529090691e-02	-8.020598187522753886e-02
2.482102123179506879e-03	-1.531519519525273779e-02	-1.491315728092457334e-02	-9.741371941548798707e-02
2.515441305492192945e-03	-1.815845371152443807e-02	-1.780924770318293923e-02	-1.145979402043819789e-01
2.548780487804879012e-03	-2.095016890093527595e-02	-2.062415738812137245e-02	-1.319683611376363253e-01
2.582119670117565078e-03	-2.372481036043583638e-02	-2.342779196682241022e-02	-1.490910519049498950e-01
2.615458852430251144e-03	-2.639411015119448242e-02	-2.616828597156457131e-02	-1.656551418778547946e-01
2.648798034742938078e-03	-2.905761131426598184e-02	-2.885884737897041058e-02	-1.818980524881658178e-01
2.682137217055624145e-03	-3.160900574836556648e-02	-3.145340934542922157e-02	-1.979032194975729186e-01
2.715476399368310211e-03	-3.416684309409736414e-02	-3.403701835229082373e-02	-2.134660803708538224e-01
2.748815581680996711e-03	-3.675367355479595283e-02	-3.664672116217173453e-02	-2.291780947042893479e-01
2.782154763993682778e-03	-3.923773951437332236e-02	-3.917363250801408209e-02	-2.447232375335355314e-01
2.815493946306369278e-03	-4.176142939918205815e-02	-4.166059777627811878e-02	-2.606623646072053768e-01
2.848833128619055344e-03	-4.422262300331051416e-02	-4.414112012611534630e-02	-2.765402840005429796e-01
2.882172310931741411e-03	-4.668123943827350020e-02	-4.661230024576324543e-02	-2.915603292989480400e-01
2.915511493244428345e-03	-4.915403028353775017e-02	-4.908412465385660062e-02	-3.067971787112709348e-01
2.948850675557114411e-03	-5.160974740055095794e-02	-5.154080820823137704e-02	-3.217147817274804700e-01
2.982189857869800478e-03	-5.410702131734397569e-02	-5.403614925055516549e-02	-3.365119022790001857e-01
3.015529040182486544e-03	-5.659076510928637976e-02	-5.655597336742025638e-02	-3.515573972545009140e-01
3.048868222495171743e-03	-5.909383764367229924e-02	-5.903327424130097589e-02	-3.667243412406029357e-01
3.082207404807858677e-03	-6.152829312890669561e-02	-6.150799794620257638e-02	-3.825001407686365873e-01
3.115546587120545177e-03	-6.392344682906653253e-02	-6.392119180873984119e-02	-3.978423322018091457e-01
3.148885769433231244e-03	-6.635435870548853088e-02	-6.636144591208291421e-02	-4.134612469314957739e-01
3.182224951745917310e-03	-6.879171349433463312e-02	-6.884841114729534084e-02	-4.287316000587143572e-01
3.215564134058603377e-03	-7.129317528580805807e-02	-7.134826220993159551e-02	-4.438347596477949519e-01
3.248903316371289443e-03	-7.377240901740796108e-02	-7.381815371458511077e-02	-4.591746964891624816e-01
3.282242498683975510e-03	-7.625132060056097338e-02	-7.627773655240827066e-02	-4.742852656766000097e-01
3.315581680996661576e-03	-7.874537303150998258e-02	-7.877790975266156515e-02	-4.898590806145967647e-01
3.348920863309347642e-03	-8.123942545982561214e-02	-8.128452586535259150e-02	-5.056422904575650357e-01
3.382260045622033709e-03	-8.367323662961707875e-02	-8.371157197426942753e-02	-5.213497962108752937e-01
3.415599227934719775e-03	-8.612992014543138786e-02	-8.616632261552531480e-02	-5.368807662535182157e-01
3.448938410247408010e-03	-8.857822786922955882e-02	-8.866617365975888732e-02	-5.521269596064680707e-01
3.482277592560094077e-03	-9.106422664369023812e-02	-9.112672291968637595e-02	-5.675848029263360628e-01
3.515616774872780143e-03	-9.353186310784127044e-02	-9.358727217721903024e-02	-5.827604467317949455e-01
3.548955957185466210e-03	-9.599756669511362583e-02	-9.606811661478610598e-02	-5.979148291166312967e-01
3.582295139498152276e-03	-9.849935060427368605e-02	-9.858794068597780125e-02	-6.134992763545678018e-01
3.615634321810838343e-03	-1.009608662921655103e-01	-1.010642750783439098e-01	-6.290337912212805582e-01
3.648973504123524409e-03	-1.033718050949035405e-01	-1.035042069985899066e-01	-6.443305627214940268e-01
3.682312686436210476e-03	-1.057772674177582528e-01	-1.059112800500867507e-01	-6.596357102539581740e-01
3.715651868748896976e-03	-1.081978705888422820e-01	-1.083125544760145526e-01	-6.746100142785123044e-01
3.748991051061583042e-03	-1.106184737578741611e-01	-1.107563521389850758e-01	-6.891039991270063725e-01
3.782330233374269109e-03	-1.130339225929009039e-01	-1.131879082614020288e-01	-7.036128029263341022e-01
3.815669415686955175e-03	-1.154525928834546772e-01	-1.155885383898419549e-01	-7.184882089349834411e-01
3.849008597999641242e-03	-1.178664309858452053e-01	-1.179836920386583693e-01	-7.335665670954782946e-01
3.882347780312327308e-03	-1.202213164142164337e-01	-1.203749799366074097e-01	-7.482686591902119044e-01
3.915686962625015109e-03	-1.225504301808978125e-01	-1.227185902618848218e-01	-7.631250594324175962e-01
3.949026144937704645e-03	-1.248386314357889382e-01	-1.249948721239423910e-01	-7.781045196867026892e-01
3.982365327250390712e-03	-1.271509936202089852e-01	-1.273513682758174725e-01	-7.932801670833381502e-01
4.015704509563076778e-03	-1.294501478273432649e-01	-1.296353816326545061e-01	-8.078563013314438157e-01
4.049043691875768049e-03	-1.317563892393810443e-01	-1.319464552307913208e-01	-8.223055104121480552e-01
4.082382874188454115e-03	-1.340210738484020336e-01	-1.342456094347131423e-01	-8.369083833953233631e-01
4.115722056501140182e-03	-1.362081213307546335e-01	-1.364519856617960603e-01	-8.512358219594940989e-01
4.149061238813826248e-03	-1.383867930223435516e-01	-1.387192474338213855e-01	-8.643200998032211091e-01
4.182400421126509713e-03	-1.405152099760505480e-01	-1.408966305409417030e-01	-8.769981519334697495e-01
4.215739603439195779e-03	-1.426123787910708596e-01	-1.429915443355219695e-01	-8.906854874790817167e-01
4.249078785751881845e-03	-1.446470513300220362e-01	-1.450622971979395048e-01	-9.041698714057134767e-01
4.282417968064567912e-03	-1.466514421676971824e-01	-1.470747416790800233e-01	-9.170434669539191397e-01
4.315757150377253978e-03	-1.486400478627804833e-01	-1.490916961996628931e-01	-9.292747037908281049e-01
4.349096332689940045e-03	-1.506447608442295916e-01	-1.510967313266402268e-01	-9.412182645602429343e-01
4.382435515002626111e-03	-1.526021183999805575e-01	-1.530424916353123055e-01	-9.532049931450740088e-01
4.415774697315314780e-03	-1.545340264408824882e-01	-1.549666681781043387e-01	-9.648457372326837422e-01
4.449113879628000846e-03	-1.563741229432734636e-01	-1.568844018051263889e-01	-9.763676097112518049e-01
4.482453061940686913e-03	-1.582116422789309196e-01	-1.587493035289863630e-01	-9.878144224261409256e-01
4.515792244253372979e-03	-1.600082491041200095e-01	-1.605697491391611387e-01	-9.989796798106114206e-01
4.549131426566056444e-03	-1.617642655646450711e-01	-1.623592687570292736e-01	-1.010123353654112099e+00
4.582470608878747714e-03	-1.634919331988966829e-01	-1.640779163101943050e-01	-1.020359864625281165e+00
4.615809791191433781e-03	-1.650968633034862465e-01	-1.656983094103745557e-01	-1.030501987027248934e+00
4.649148973504117245e-03	-1.666235119914043772e-01	-1.672661927535138149e-01	-1.040279440356331353e+00
4.682488155816803312e-03	-1.681688451320904332e-01	-1.688840086867003654e-01	-1.050177054348467642e+00
4.715827338129489378e-03	-1.696774536573524006e-01	-1.703829528393995818e-01	-1.060025380204324019e+00
4.749166520442175445e-03	-1.711155122639882453e-01	-1.719070243597954628e-01	-1.069039348052902350e+00
4.782505702754861511e-03	-1.724772223286495931e-01	-1.733225327636845614e-01	-1.077935410628518831e+00
4.815844885067547577e-03	-1.738527846600089743e-01	-1.747138802363334131e-01	-1.086216818731643663e+00
4.849184067380233644e-03	-1.751916223761026958e-01	-1.760581944298862112e-01	-1.093922874157029712e+00
4.882523249692919710e-03	-1.764467021982154271e-01	-1.773696497571555786e-01	-1.101492661927980787e+00
4.915862432005605777e-03	-1.776673124253651814e-01	-1.786736957320008423e-01	-1.109394260266799881e+00
4.949201614318291843e-03	-1.788605402639596720e-01	-1.798521048661403943e-01	-1.117042007647766511e+00
4.982540796630977910e-03	-1.799944932852967361e-01	-1.809812257011253755e-01	-1.124388548588939551e+00
5.015879978943663976e-03	-1.810327690202722939e-01	-1.821167894507925433e-01	-1.131099173308518946e+00
5.049219161256350043e-03	-1.820433402210460683e-01	-1.831544208939257234e-01	-1.136711602165356716e+00
5.082558343569036977e-03	-1.829440597227746657e-01	-1.841266567507649776e-01	-1.142018636619202887e+00
5.115897525881722176e-03	-1.838045110063153964e-01	-1.849764772245875433e-01	-1.146965833958524250e+00
5.149236708194409110e-03	-1.846301705493461620e-01	-1.858188883461745766e-01	-1.151878883871971126e+00
5.182575890507094309e-03	-1.854062196476342073e-01	-1.866651652165899067e-01	-1.156449814694036737e+00
5.215915072819802059e-03	-1.861255710948243880e-01	-1.874283284848743125e-01	-1.160407379410343998e+00
5.249254255132470778e-03	-1.867901577654059453e-01	-1.880797071798107900e-01	-1.164668083637111273e+00
5.282593437445174192e-03	-1.873397384052069292e-01	-1.887001598832409865e-01	-1.168260334748181695e+00
5.315932619757862861e-03	-1.878326213939695011e-01	-1.892081837218873019e-01	-1.171120347810693518e+00
5.349271802070550662e-03	-1.882839475816906472e-01	-1.896785165084285685e-01	-1.173462672108328997e+00
5.382610984383234126e-03	-1.886644017056481881e-01	-1.900905409152416903e-01	-1.175616863094360864e+00
5.415950166695924529e-03	-1.890068426317675354e-01	-1.904761493710104281e-01	-1.178026193807399258e+00
5.449289349008606259e-03	-1.892561834377916030e-01	-1.907924964917674382e-01	-1.179602454699951508e+00
5.482628531321296662e-03	-1.894832961874585164e-01	-1.910073677031069173e-01	-1.180446799643376066e+00
5.515967713633976657e-03	-1.896127987766292045e-01	-1.912035544612836202e-01	-1.181157776102257584e+00
5.549306895946668795e-03	-1.896975231073532997e-01	-1.912750708164817903e-01	-1.181695760099834791e+00
5.582646078259348790e-03	-1.897071874796775470e-01	-1.913298355929833883e-01	-1.181579465356584757e+00
5.615985260572042663e-03	-1.896656306786768664e-01	-1.913607615844181986e-01	-1.181108487750298197e+00
5.649324442884723525e-03	-1.895470810448117438e-01	-1.913059968079195983e-01	-1.180163311071468879e+00
5.682663625197414796e-03	-1.893641022621038172e-01	-1.911462125188323202e-01	-1.179032900381787208e+00
5.716002807510094791e-03	-1.891386002411554190e-01	-1.909484150319329387e-01	-1.177383512322344394e+00
5.749341989822786929e-03	-1.888499576543299918e-01	-1.906665375058114176e-01	-1.175393937991882298e+00
5.782681172135466924e-03	-1.884775571739898681e-01	-1.903530896967486064e-01	-1.173143425322697775e+00
5.816020354448159062e-03	-1.880806736170640980e-01	-1.899288237516723876e-01	-1.170832027057844282e+00
5.849359536760837322e-03	-1.875732940698221773e-01	-1.894926384140367681e-01	-1.167757464693156555e+00
5.882698719073532062e-03	-1.870333778023707816e-01	-1.889933125105047740e-01	-1.164526661495315585e+00
5.916037901386209455e-03	-1.864435289445030008e-01	-1.883780141390068996e-01	-1.160638036011872432e+00
5.949377083698906797e-03	-1.857724993590023632e-01	-1.877656150791515433e-01	-1.156101574775336926e+00
5.982716266011584190e-03	-1.850257655234971155e-01	-1.870617266278615520e-01	-1.151259074803214766e+00
6.016055448324278930e-03	-1.842709780442967349e-01	-1.863423751807677387e-01	-1.146277407785059710e+00
6.049394630636955456e-03	-1.834301776512296811e-01	-1.854922325613810596e-01	-1.141264814802857686e+00
6.082733812949651063e-03	-1.825317131697825612e-01	-1.846121303876494257e-01	-1.135479071293379105e+00
6.116072995262327588e-03	-1.815739738712003060e-01	-1.836514917776815858e-01	-1.129762589270824957e+00
6.149412177575023196e-03	-1.805373088650400193e-01	-1.826773230463032971e-01	-1.123447559936464835e+00
6.182751359887697987e-03	-1.794539327257248518e-01	-1.816206850041574561e-01	-1.116447326024176512e+00
6.216090542200395329e-03	-1.783009731053421254e-01	-1.805112150597133480e-01	-1.109101429505121583e+00
6.249429724513070120e-03	-1.771087117038692704e-01	-1.793476246299589016e-01	-1.101326434572286850e+00
6.282768906825767462e-03	-1.758397796148671310e-01	-1.781118735531572461e-01	-1.093704459144263508e+00
6.316108089138442253e-03	-1.745309014532089031e-01	-1.768287670515995558e-01	-1.085539667769391814e+00
6.349447271451139595e-03	-1.731872315507773652e-01	-1.754577147613909094e-01	-1.077036945354099107e+00
6.382786453763814385e-03	-1.717523944021460414e-01	-1.740856960336248371e-01	-1.068074520710341702e+00
6.416125636076511728e-03	-1.703236780222931734e-01	-1.726460266990552384e-01	-1.059087613148449014e+00
6.449464818389189988e-03	-1.688353646791684870e-01	-1.711966929917411173e-01	-1.049691580317999806e+00
6.482804000701888197e-03	-1.672616827130846695e-01	-1.697103125233346554e-01	-1.039575873496316527e+00
6.516143183014561253e-03	-1.656995979933565954e-01	-1.681082817319380918e-01	-1.029506233758564759e+00
6.549482365327260330e-03	-1.641346139614231481e-01	-1.665023851910870378e-01	-1.019110260336044904e+00
6.582821547639933386e-03	-1.624491474200900065e-01	-1.648855356943752515e-01	-1.008719441460256938e+00
6.616160729952632463e-03	-1.607121375588241863e-01	-1.631778410968472981e-01	-9.982091066419822578e-01
6.649499912265305519e-03	-1.589039334870550879e-01	-1.614031401835839541e-01	-9.873576194508235648e-01
6.682839094578004596e-03	-1.570657698601850560e-01	-1.595717416183785597e-01	-9.760899199003673088e-01
6.716178276890677652e-03	-1.552266397953270538e-01	-1.577129606640354786e-01	-9.646482617711414909e-01
6.749517459203376729e-03	-1.533143826452626202e-01	-1.558316295066906609e-01	-9.531308995862518563e-01
6.782856641516048918e-03	-1.514088905550251551e-01	-1.539731706965272451e-01	-9.413290827718786558e-01
6.816195823828748862e-03	-1.494228620272560204e-01	-1.519835985667613854e-01	-9.291229730586353375e-01
6.849535006141421051e-03	-1.473666057257169149e-01	-1.499621340071370656e-01	-9.164584499488798164e-01
6.882874188454121862e-03	-1.453171144838184270e-01	-1.479152199325250439e-01	-9.034524524375174837e-01
6.916213370766793184e-03	-1.432634353461380849e-01	-1.457916351691018464e-01	-8.902341610579802555e-01
6.949552553079493995e-03	-1.411095688799381687e-01	-1.437521304445364689e-01	-8.766698852610506076e-01
6.982891735392165317e-03	-1.388845082023054678e-01	-1.416040626020517168e-01	-8.631681060647568016e-01
7.016230917704866128e-03	-1.366555817743565493e-01	-1.393844784024209915e-01	-8.493184095966738179e-01
7.049570100017535715e-03	-1.344353532802478046e-01	-1.371243038372600420e-01	-8.355254111015255614e-01
7.082909282330238261e-03	-1.322025611005630263e-01	-1.348950552625042265e-01	-8.217137284340459980e-01
7.116248464642907848e-03	-1.299520509032872362e-01	-1.326426121924764445e-01	-8.077171343202732556e-01
7.149587646955610394e-03	-1.276297022026017247e-01	-1.303759947080770365e-01	-7.932637376511216809e-01
7.182926829268279981e-03	-1.253292594112176972e-01	-1.280539681534295648e-01	-7.786946909091383429e-01
7.216266011580984262e-03	-1.230893800190337173e-01	-1.257519146335945859e-01	-7.642680329273501272e-01
7.249605193893653848e-03	-1.207280516778198448e-01	-1.234720891688404626e-01	-7.493939146441807031e-01
7.282944376206356395e-03	-1.183425624036188867e-01	-1.211291231356022152e-01	-7.349150695958567292e-01
7.316283558519025981e-03	-1.159325900506088525e-01	-1.186875805013036245e-01	-7.200039051012684377e-01
7.349622740831728528e-03	-1.135142419061848096e-01	-1.162528029258364654e-01	-7.049664597118886489e-01
7.382961923144396379e-03	-1.110830079297847051e-01	-1.138367098019260476e-01	-6.898230286151462165e-01
7.416301105457100661e-03	-1.087062165832178295e-01	-1.114048315342868606e-01	-6.748426035641265086e-01
7.449640287769768512e-03	-1.062711168537817108e-01	-1.089822954914065056e-01	-6.599108227812959804e-01
7.482979470082472793e-03	-1.038633995110938429e-01	-1.065826317947838747e-01	-6.447090840510120158e-01
7.516318652395140645e-03	-1.014479506682650356e-01	-1.041262704439606113e-01	-6.293008500970647123e-01
7.549657834707844926e-03	-9.899062287559087792e-02	-1.017175866621416735e-01	-6.141761046826651471e-01
7.582997017020511911e-03	-9.655777815781953211e-02	-9.926444676448920035e-02	-5.993068211021899128e-01
7.616336199333217059e-03	-9.411623550249885450e-02	-9.680357536652368922e-02	-5.840338890468104172e-01
7.649675381645884044e-03	-9.169531017302709475e-02	-9.437298566701271541e-02	-5.691588072436339907e-01
7.683014563958589192e-03	-8.927309625825519124e-02	-9.196913406267642754e-02	-5.544357784335884887e-01
7.716353746271256177e-03	-8.685217092417207851e-02	-8.952372565396669868e-02	-5.392449941272138281e-01
7.749692928583962193e-03	-8.441868190332706134e-02	-8.710441104888598518e-02	-5.243148259282304213e-01
7.783032110896668208e-03	-8.207861514866729435e-02	-8.466254623869756690e-02	-5.095705360009649132e-01
7.816371293209334326e-03	-7.969473656915111726e-02	-8.230669434234412496e-02	-4.946471331745281308e-01
7.849710475522003045e-03	-7.726575758161531582e-02	-7.991282924466806825e-02	-4.795961607694806395e-01
7.883049657834708193e-03	-7.491377142694995162e-02	-7.752379633090138167e-02	-4.647214022340956929e-01
7.916388840147409872e-03	-7.256371814440848445e-02	-7.512542118780081435e-02	-4.500811659381052099e-01
7.949728022460080326e-03	-7.024072510289784688e-02	-7.278245511209298357e-02	-4.357141093586694436e-01
7.983067204772782005e-03	-6.796315461053499540e-02	-7.046848215196369059e-02	-4.214804212244215864e-01
8.016406387085452459e-03	-6.569524848851390764e-02	-6.818930093106936874e-02	-4.074928525383373912e-01
8.049745569398154138e-03	-6.346438912613425187e-02	-6.594168999190590241e-02	-3.936608803336716922e-01
8.083084751710824592e-03	-6.137076385383870986e-02	-6.368215965745885332e-02	-3.799397263411243841e-01
8.116423934023526271e-03	-5.919434711989580294e-02	-6.158595721934628786e-02	-3.662878337505063864e-01
8.149763116336196725e-03	-5.701019888552999459e-02	-5.946043951522529680e-02	-3.527825175339234232e-01
8.183102298648898404e-03	-5.485150016373142867e-02	-5.728627779962111588e-02	-3.393129595465178006e-01
8.216441480961568858e-03	-5.268668067027412749e-02	-5.510051883446660803e-02	-3.262460837857845131e-01
8.249780663274270537e-03	-5.060819623777376708e-02	-5.297564541525964094e-02	-3.135203604054080384e-01
8.283119845586940991e-03	-4.855773848412983651e-02	-5.089812742033324872e-02	-3.010211055126122970e-01
8.316459027899642670e-03	-4.657042129716228857e-02	-4.886248837189485772e-02	-2.885901455403639404e-01
8.349798210212313124e-03	-4.462917095178168397e-02	-4.688741272408628036e-02	-2.765283646079033097e-01
8.383137392525014803e-03	-4.270467218398918408e-02	-4.493907517230238957e-02	-2.648686215752054096e-01
8.416476574837685257e-03	-4.090645455222041704e-02	-4.302198575728075070e-02	-2.534417899220853809e-01
8.449815757150386936e-03	-3.905701574284883154e-02	-4.120991585813717911e-02	-2.420561929273576940e-01
8.483154939463059124e-03	-3.724333511111221906e-02	-3.939623522844971221e-02	-2.307601524486073141e-01
8.516494121775762538e-03	-3.544157387080074800e-02	-3.762056779679814195e-02	-2.196612651604267774e-01
8.549833304088432992e-03	-3.370842967588556782e-02	-3.585392044479409485e-02	-2.089740801248053670e-01
8.583172486401134671e-03	-3.206065410618322287e-02	-3.415041366028664926e-02	-1.988732003327177977e-01
8.616511668713805125e-03	-3.050597866018101359e-02	-3.248363149104382258e-02	-1.889230847371512478e-01
8.649850851026506804e-03	-2.893036373830012303e-02	-3.090125150987369299e-02	-1.789510632169118431e-01
8.683190033339177258e-03	-2.740435926245789536e-02	-2.934947537472903586e-02	-1.695225015524679524e-01
8.716529215651878937e-03	-2.592764308701462142e-02	-2.782443733653321843e-02	-1.606799229827532427e-01
8.749868397964549391e-03	-2.453242978836120414e-02	-2.638283504955457257e-02	-1.520483498603914241e-01
8.783207580277251070e-03	-2.320357851581506328e-02	-2.500179616482145831e-02	-1.438201031956782283e-01
8.816546762589921524e-03	-2.188664663552810155e-02	-2.370193801131450020e-02	-1.358105934763884359e-01
8.849885944902623203e-03	-2.064187540529920442e-02	-2.240369058566057600e-02	-1.280220757228175965e-01
8.883225127215293657e-03	-1.947764061512384862e-02	-2.120305332541161381e-02	-1.205502272225024152e-01
8.916564309527995336e-03	-1.830889578348994517e-02	-2.006523448825104153e-02	-1.134472355885336181e-01
8.949903491840665790e-03	-1.720490224968258125e-02	-1.894577795887670765e-02	-1.067172887170449169e-01
8.983242674153367469e-03	-1.617822369863012796e-02	-1.786369033743972004e-02	-1.004702383110840647e-01
9.016581856466037923e-03	-1.518923620144306368e-02	-1.681864947822466969e-02	-9.447542801483979624e-02
9.049921038778739601e-03	-1.421989959531315233e-02	-1.586574230701843016e-02	-8.839073903925927234e-02
9.083260221091410055e-03	-1.279665960558920915e-02	-1.473823213076353930e-02	-7.946311376821188488e-02
9.116599403404122143e-03	-1.007517217946192652e-02	-1.268326429608400766e-02	-6.177054672584340184e-02
9.149938585716785658e-03	-5.512299548457099199e-03	-8.984708762226033263e-03	-3.333731773825030636e-02
9.183277768029494276e-03	-2.178735153525639470e-03	-4.982047616975244196e-03	-1.387262645873524498e-02
9.216616950342157791e-03	-1.083117398995038592e-03	-2.895187339584957397e-03	-7.934835711344625023e-03
9.249956132654866409e-03	-7.422871770457919842e-04	-2.098843003281308361e-03	-5.965236496680903500e-03
9.283295314967529924e-03	-5.222616178403647995e-04	-1.793448815937433941e-03	-4.633163751936944172e-03
9.316634497280238542e-03	-3.808396258938660361e-04	-1.561826009251768288e-03	-3.634834020634035694e-03
9.349973679592902057e-03	-2.890280821389493268e-04	-1.423303329306698558e-03	-2.872314990202534061e-03
9.383312861905610675e-03	-2.120352436879266206e-04	-1.267062632134724779e-03	-2.316291396177852079e-03
9.416652044218274190e-03	-1.408410290501615298e-04	-1.211331414384229574e-03	-1.916508499081139190e-03
9.449991226530982807e-03	-8.961985199956182745e-05	-1.150123718579087150e-03	-1.575033985766696992e-03
9.483330408843646323e-03	-5.998244137758551814e-05	-1.143358657460214443e-03	-1.327948182217921543e-03
9.516669591156354940e-03	-3.131146805979317292e-05	-1.081828815873992020e-03	-1.132083555651815666e-03
9.550008773469018455e-03	1.869546006604957151e-06	-1.032218367698194052e-03	-9.951716044967133089e-04
9.583347955781727073e-03	1.507752247958698279e-05	-9.974266248160112546e-04	-8.637361313817951310e-04
9.616687138094390588e-03	1.121177327014348884e-05	-9.822857737410315912e-04	-7.786896487713552669e-04
9.650026320407099206e-03	2.925193625584187891e-05	-1.023842577752841947e-03	-6.981532069008763910e-04
9.683365502719762721e-03	3.956060082056962746e-05	-1.019654682775460782e-03	-6.359790737773524496e-04
9.716704685032471339e-03	5.566788920219711796e-05	-9.945273129141807191e-04	-5.950665613033176253e-04
9.750043867345134854e-03	5.856720111012675146e-05	-1.003547394400788970e-03	-5.599526726428700682e-04
9.783383049657843472e-03	6.887586567648192135e-05	-9.954937502183590792e-04	-5.435232384986900559e-04
9.816722231970506987e-03	6.468797069895788573e-05	-9.835743568252976882e-04	-5.132415363522620840e-04
9.850061414283215605e-03	6.597655376887918836e-05	-9.555476750611514598e-04	-4.977785395120698292e-04
9.883400596595879120e-03	6.758728260564808642e-05	-9.387960951520004163e-04	-4.926242072310079529e-04
9.916739778908587738e-03	6.952015721258446117e-05	-9.619905904124616746e-04	-4.623425050823680459e-04
9.950078961221251253e-03	8.015096754409109384e-05	-9.742321295756051344e-04	-4.716847323417363994e-04
9.983418143533959871e-03	6.887586567583004480e-05	-9.413732612920513781e-04	-4.539667151260091743e-04
1.001675732584662339e-02	7.016444874725348243e-05	-9.474940308758525529e-04	-4.565438812688487583e-04
1.005009650815933200e-02	7.531878103046289210e-05	-9.536148004584299887e-04	-4.304500740970862958e-04
1.008343569047199552e-02	8.466100829048251223e-05	-9.784200245502804559e-04	-4.185306806971544782e-04
1.011677487278470414e-02	8.498315405902426842e-05	-9.549033835291963592e-04	-4.281950537237610380e-04
1.015011405509736939e-02	6.984230297910468176e-05	-9.932387298516435516e-04	-4.240071587469462604e-04
1.018345323741007627e-02	7.628521833399834744e-05	-9.449168647356051337e-04	-4.085441619036985612e-04
1.021679241972273978e-02	8.111740484860302232e-05	-9.639234650128977559e-04	-3.995240804142972425e-04
1.025013160203545014e-02	9.271465248181996440e-05	-9.333196170996141926e-04	-3.792288970584615929e-04
1.028347078434811365e-02	7.757380140274684147e-05	-9.578026954312908979e-04	-3.792288970579398748e-04
1.031680996666082747e-02	8.208384215142047833e-05	-9.671449226961061204e-04	-3.782624597545399718e-04
1.035014914897348579e-02	7.467448949364422319e-05	-9.819636279843166511e-04	-3.824503547315483880e-04
1.038348833128620134e-02	9.496967285801246261e-05	-9.922722925349645572e-04	-3.650544832861113442e-04
1.041682751359887006e-02	8.659388289852778186e-05	-9.603798615584413717e-04	-3.615108798438385735e-04
1.045016669591158041e-02	7.370805219050322770e-05	-9.732656922518350242e-04	-3.544236729542157675e-04
1.048350587822423699e-02	8.498315405889301220e-05	-9.500711969817590610e-04	-3.566786933287137526e-04
1.051684506053694734e-02	8.433886252272567775e-05	-9.210780779127178148e-04	-3.347727811359763766e-04
1.055018424284961606e-02	9.690254746169052523e-05	-8.991721657373239873e-04	-3.425042795570807578e-04
1.058352342516232468e-02	8.884890327061753708e-05	-9.069036641566250150e-04	-3.447592999308612721e-04
1.061686260747498126e-02	9.496967285709903583e-05	-9.400846782005301255e-04	-3.289741573162128976e-04
1.065020178978768987e-02	1.049561916547217045e-04	-9.036822064709413085e-04	-3.263969911785770503e-04
1.068354097210036033e-02	9.786898476594217743e-05	-9.355746374628988709e-04	-3.260748454102976846e-04
1.071688015441306895e-02	9.174821518141369270e-05	-9.233330983031978615e-04	-3.331620522972544916e-04
1.075021933672572552e-02	9.722469323023076354e-05	-9.394403866807675288e-04	-3.270412827136387696e-04
1.078355851903843414e-02	8.433886252396341650e-05	-9.394403866803184523e-04	-3.228533877338951824e-04
1.081689770135110633e-02	9.883542206836711159e-05	-8.685683178334972689e-04	-3.035246416800959431e-04
1.085023688366381321e-02	1.007682966744576731e-04	-8.859641892809133612e-04	-3.205983673618065114e-04
1.088357606597646979e-02	1.033454628145649592e-04	-9.094808303107941323e-04	-3.067460993557847150e-04
1.091691524828917667e-02	1.117212527741773319e-04	-9.259102644439975733e-04	-2.954709974929261370e-04
1.095025443060185580e-02	9.271465248403454220e-05	-9.429839901223258103e-04	-2.909609567466639826e-04
1.098359361291455748e-02	9.658040169471535986e-05	-9.458833020281009986e-04	-3.009474755390136340e-04
1.101693279522721926e-02	9.658040169536788694e-05	-9.368632205490209051e-04	-2.996588924701942195e-04
1.105027197753992094e-02	1.068890662597680031e-04	-9.088365387844869660e-04	-2.835516040913666608e-04
1.108361115985260180e-02	8.949319480658982355e-05	-9.075479557105366191e-04	-2.854844786977819003e-04
1.111695034216530174e-02	1.171977308254098561e-04	-8.956285623178702028e-04	-2.916052482817239129e-04
1.115028952447795832e-02	1.001240051395280639e-04	-9.107694133888789758e-04	-3.086789739621981655e-04
1.118362870679066173e-02	9.464752708862489319e-05	-8.930513961814036134e-04	-2.928938313521031148e-04
1.121696788910334260e-02	1.001240051392670964e-04	-8.791991281793991656e-04	-3.054575162856651795e-04
1.125030707141604601e-02	1.056004831884099429e-04	-9.052929353420156779e-04	-2.745315225995588471e-04
1.128364625372870259e-02	1.033454628152810748e-04	-9.333196171043535655e-04	-2.935381228858616231e-04
1.131698543604140600e-02	1.007682966750445382e-04	-9.252659729153719492e-04	-2.854844786977808161e-04
1.135032461835408686e-02	1.007682966756959946e-04	-9.101251218388540197e-04	-2.951488517263393735e-04
1.138366380066679028e-02	9.335894401909447255e-05	-9.062593726415997314e-04	-2.893502279065757318e-04
1.141700298297944685e-02	9.271465248260079325e-05	-8.788769824045804344e-04	-2.845180413951590450e-04
1.145034216529214853e-02	1.088219408693125753e-04	-9.001386030464288536e-04	-2.916052482802937960e-04
1.148368134760483286e-02	1.059226289557106129e-04	-8.972392911388363257e-04	-2.806522921820694960e-04
1.151702052991753454e-02	1.075333577941758536e-04	-8.743669416500163272e-04	-2.719543564584742611e-04
1.155035971223019112e-02	1.078555035624531729e-04	-8.785548366348234096e-04	-2.803301464165251929e-04
1.158369889454289800e-02	1.017347339781877292e-04	-9.023936234260466040e-04	-2.919273940503929409e-04
1.161703807685558060e-02	8.627173713233344534e-05	-9.230109525508578940e-04	-2.925716855843448166e-04
1.165037725916828228e-02	1.020568797452279603e-04	-9.094808303168908179e-04	-2.819408752544011292e-04
1.168371644148094059e-02	1.027011712810690583e-04	-9.271988475237852648e-04	-2.851623329306086918e-04
1.171705562379363880e-02	1.059226289594932181e-04	-9.684335057522880201e-04	-2.716322106922794367e-04
1.175039480610632833e-02	1.052783374207192041e-04	-9.088365387770251614e-04	-2.725986479922335825e-04
1.178373398841902654e-02	1.075333577947622444e-04	-9.532926546858833117e-04	-2.742093768325172065e-04
1.181707317073168312e-02	1.104326697056255121e-04	-9.616684446324483141e-04	-2.748536683670564488e-04
1.185041235304438306e-02	1.033454628146267994e-04	-9.529705089167736639e-04	-2.774308345082691874e-04
1.188375153535707260e-02	1.020568797446398890e-04	-9.806750449097233722e-04	-2.777529802742042370e-04
1.191709071766977081e-02	1.168755850590858625e-04	-9.478161766227191426e-04	-2.761422514364590013e-04
1.195042989998242912e-02	1.030233170489566746e-04	-9.433061358878966221e-04	-2.661557326423544061e-04
1.198376908229512559e-02	1.039897543499482258e-04	-9.487826139304184492e-04	-2.716322106916299996e-04
1.201710826460781860e-02	1.110769612393798327e-04	-9.526483631197038516e-04	-2.684107530152266300e-04
1.205044744692051507e-02	1.210634800370678110e-04	-9.632791734586000675e-04	-2.668000241778704603e-04
1.208378662923317338e-02	1.142984189181285619e-04	-9.735878380168176563e-04	-2.700214818523859086e-04
1.211712581154586986e-02	1.146205646828881737e-04	-9.255881186687956851e-04	-2.738872310633263521e-04
1.215046499385856286e-02	1.094662324031998732e-04	-9.300981594198550004e-04	-2.629342749658211491e-04
1.218380417617125934e-02	8.884890326898776437e-05	-9.574805496578970253e-04	-2.635785665006193531e-04
1.221714335848391765e-02	1.007682966745230912e-04	-9.558698208207362830e-04	-2.690550445508689396e-04
1.225048254079661413e-02	9.915756783606047959e-05	-9.481383223973620161e-04	-2.658335868736209223e-04
1.228382172310930887e-02	1.046340458870287160e-04	-9.423396985799549963e-04	-2.632564207340331317e-04
1.231716090542200708e-02	9.013748634210380422e-05	-9.394403866704497189e-04	-2.800080006472708584e-04
1.235050008773466192e-02	1.081776493284533831e-04	-9.220445152350292394e-04	-2.661557326440460868e-04
1.238383927004735839e-02	1.104326697051682499e-04	-9.491047597016747089e-04	-2.542363392418352762e-04
1.241717845236005660e-02	1.030233170466740225e-04	-9.310645967161847126e-04	-2.648671495730168515e-04
1.245051763467275134e-02	9.561396439326703435e-05	-9.420175528085005445e-04	-2.722765022254530179e-04
1.248385681698540618e-02	1.081776493302773093e-04	-9.561919665772777507e-04	-2.552027765447817116e-04
1.251719599929810092e-02	1.175198765926442271e-04	-9.613462988716394266e-04	-2.626121291994947568e-04
1.255053518161080087e-02	1.162312935209610824e-04	-9.516819258500875799e-04	-2.571356511500908480e-04
1.258387436392349561e-02	1.004461509072203612e-04	-9.629570277066408718e-04	-2.719543564599058959e-04
1.261721354623615045e-02	9.883542206901886618e-05	-9.780978787696306687e-04	-2.584242342202108171e-04
1.265055272854884519e-02	1.149427104533846380e-04	-9.394403866812254958e-04	-2.645450038035025253e-04
1.268389191086154513e-02	1.049561916534828951e-04	-9.681113599831521347e-04	-2.706657733883564604e-04
1.271723109317423987e-02	1.149427104516921307e-04	-9.040043522627879769e-04	-2.558470680813388709e-04
1.275057027548689298e-02	9.593611015958991659e-05	-9.262324102170658600e-04	-2.574577969177169277e-04
1.278390945779958945e-02	1.178420223570771823e-04	-9.426618443567742972e-04	-2.629342749667321500e-04
1.281724864011228940e-02	9.529181862505522798e-05	-9.526483631502236007e-04	-2.597128172905890432e-04
1.285058782242498587e-02	9.947971360531768724e-05	-9.156015998927847978e-04	-2.764643972048660861e-04
1.288392700473764245e-02	9.561396438961681024e-05	-8.717897755199606252e-04	-2.674443157124720442e-04
1.291726618705038403e-02	1.020568797470527403e-04	-8.953064165459647230e-04	-2.574577969182387542e-04
1.295060536936307877e-02	1.039897543506663200e-04	-9.011050403385077344e-04	-2.658335868770053136e-04
1.298394455167573187e-02	1.001240051414202542e-04	-8.853198977396579744e-04	-2.703436276190366943e-04
1.301728373398842488e-02	9.335894401785451119e-05	-9.020714776517944769e-04	-2.800080006475965527e-04
1.305062291630112829e-02	1.168755850590851578e-04	-9.117358506601870366e-04	-2.506927357969604203e-04
1.308396209861382303e-02	9.883542206791154339e-05	-8.985278742080906678e-04	-2.661557326422893540e-04
1.311730128092647614e-02	1.104326697038654454e-04	-9.094808302933428141e-04	-2.761422514381488389e-04
1.315064046323916915e-02	9.303679825146599406e-05	-9.101251218344342695e-04	-2.577799426861269940e-04
1.318397964555187603e-02	1.049561916550452575e-04	-8.901520842488402831e-04	-2.577799426851501820e-04
1.321731882786456730e-02	1.023790255138330745e-04	-8.653468601579592011e-04	-2.497262984958337098e-04
1.325065801017722041e-02	1.133319816144009860e-04	-8.598703821113471129e-04	-2.535920477085321328e-04
1.328399719248991341e-02	1.217077715740780042e-04	-9.110915591388194954e-04	-2.764643972033048350e-04
1.331733637480262029e-02	1.159091477555506918e-04	-8.837091689082871970e-04	-2.696993360866440639e-04
1.335067555711531156e-02	1.184863138957868218e-04	-8.888635011953861277e-04	-2.500484442641109071e-04
1.338401473942796467e-02	1.014125882096482363e-04	-8.762998162664266096e-04	-2.587463799871202934e-04
1.341735392174065594e-02	1.056004831877614138e-04	-8.998164572937862853e-04	-2.639007122703948636e-04
1.345069310405336456e-02	1.039897543509271519e-04	-9.149573083666723543e-04	-2.648671495729516367e-04
1.348403228636605583e-02	1.191306054322832252e-04	-9.194673491096159827e-04	-2.577799426862568814e-04
1.351737146867870894e-02	1.072112120270695540e-04	-9.230109525449573405e-04	-2.761422514371087095e-04
1.355071065099140194e-02	9.239250671438715729e-05	-8.888635011994658721e-04	-2.603571088254524619e-04
1.358404983330411056e-02	1.052783374228058460e-04	-8.798434197079859753e-04	-2.532699019396695206e-04
1.361738901561680357e-02	1.068890662594411704e-04	-8.959507080814982328e-04	-2.552027765456280398e-04
1.365072819792945320e-02	1.091440866321811081e-04	-8.514945921732140592e-04	-2.513370273329930426e-04
1.368406738024214621e-02	1.072112120288297563e-04	-8.411859276056924978e-04	-2.742093768316061515e-04
1.371740656255485483e-02	1.007682966753703139e-04	-8.753333789521794807e-04	-2.474712781240036752e-04
1.375074574486754783e-02	1.094662324015699786e-04	-8.785548366291767762e-04	-2.700214818540774267e-04
1.378408492718019747e-02	1.130098358461235583e-04	-8.978835826731822005e-04	-2.680886072487685613e-04
1.381742410949288874e-02	1.052783374220869929e-04	-9.046486437833966849e-04	-2.684107530143134066e-04
1.385076329180559909e-02	9.561396439228909755e-05	-8.840313146570741255e-04	-2.651892953392110796e-04
1.388410247411829210e-02	1.052783374226098358e-04	-9.023936233996466064e-04	-2.626121291976077571e-04
1.391744165643094173e-02	9.045963210842663225e-05	-9.513597800595733961e-04	-2.613235461294402735e-04
1.395078083874363301e-02	1.043119001203139624e-04	-9.568362581040247778e-04	-2.703436276213787336e-04
1.398412002105634509e-02	1.081776493302777429e-04	-9.687556515091478096e-04	-2.571356511489837149e-04
1.401745920336903636e-02	1.088219408653364400e-04	-9.858293771753071782e-04	-2.668000241772840696e-04
1.405079838568168600e-02	1.020568797465953967e-04	-9.642456107529663980e-04	-2.696993360867747103e-04
1.408413756799437727e-02	1.081776493309268819e-04	-9.700442345781779387e-04	-2.709879191571532616e-04
1.411747675030708936e-02	1.075333577973713363e-04	-9.491047596924095508e-04	-2.532699019411660990e-04
1.415081593261978063e-02	1.117212527747661756e-04	-9.384739493688436284e-04	-2.655114411058630036e-04
1.418415511493243027e-02	1.078555035631077600e-04	-9.929165840670524726e-04	-2.658335868750522318e-04
1.421749429724511980e-02	1.088219408652719977e-04	-9.346082001564552872e-04	-2.806522921835673755e-04
1.425083347955783362e-02	1.049561916547217858e-04	-9.671449226701095544e-04	-2.658335868750527739e-04
1.428417266187052663e-02	9.851327630087047208e-05	-9.474940308622381178e-04	-2.635785665026381917e-04
1.431751184418317800e-02	1.168755850587577559e-04	-9.571584038897529680e-04	-2.477934238906548945e-04
1.435085102649586580e-02	1.062447747228838349e-04	-9.404068239914260569e-04	-2.593906715227665602e-04
1.438419020880858309e-02	1.097883781697830589e-04	-9.423396985977108668e-04	-2.523034646382184168e-04
1.441752939112127090e-02	9.464752709103870670e-05	-9.317088882660776129e-04	-2.587463799893341800e-04
1.445086857343392227e-02	1.010904424437780085e-04	-9.735878380330734248e-04	-2.590685257563102805e-04
1.448420775574661007e-02	1.023790255136373896e-04	-9.271988475143738478e-04	-2.477934238903308807e-04
1.451754693805932910e-02	1.171977308263190545e-04	-9.375075120724099412e-04	-2.619678376630690570e-04
1.455088612037201516e-02	1.175198765936236818e-04	-9.236552440537975760e-04	-2.532699019392786657e-04
1.458422530268466653e-02	1.014125882106240047e-04	-9.294538678809614396e-04	-2.461826950521951154e-04
1.461756448499735260e-02	9.980185937131513265e-05	-9.568362581156381009e-04	-2.532699019393440431e-04
1.465090366731007336e-02	1.075333577951536820e-04	-9.368632205233458051e-04	-2.626121291991047151e-04
1.468424284962275943e-02	1.052783374216969241e-04	-9.700442345623350344e-04	-2.648671495735354254e-04
1.471758203193541080e-02	1.097883781689359446e-04	-9.507154885186750370e-04	-2.600349630579548059e-04
1.475092121424809687e-02	1.059226289576679231e-04	-9.481383223795997487e-04	-2.613235461287906737e-04
1.478426039656081763e-02	1.165534392881334370e-04	-9.149573083398264244e-04	-2.613235461285943247e-04
1.481759957887350369e-02	1.181641681286790856e-04	-9.259102644343390667e-04	-2.648671495732766263e-04
1.485093876118615507e-02	1.175198765912744325e-04	-9.378296578321386381e-04	-2.487598611932775872e-04
1.488427794349884113e-02	1.130098358465783675e-04	-9.358967832257804277e-04	-2.506927357990413295e-04
1.491761712581156189e-02	1.171977308260577211e-04	-9.494269054680535766e-04	-2.806522921837602009e-04
1.495095630812424796e-02	9.464752708732017785e-05	-9.065815183932682524e-04	-2.587463799873804477e-04
1.498429549043689933e-02	1.159091477543772462e-04	-9.262324102156115112e-04	-2.561692138471448462e-04
1.501763467274958540e-02	1.126876900783001944e-04	-9.165680372015651625e-04	-2.655114411067742756e-04
1.505097385506230789e-02	1.146205646819763326e-04	-9.326753255705407929e-04	-2.539141934745986419e-04
1.508431303737499223e-02	1.068890662593787610e-04	-9.249438271613513599e-04	-2.574577969191495382e-04
1.511765221968764360e-02	8.884890327237426986e-05	-9.510376343211734496e-04	-2.671221699455617548e-04
1.515099140200033834e-02	1.078555035651254331e-04	-9.217223694903424382e-04	-2.503705900322590302e-04
1.518433058431305216e-02	1.023790255130494945e-04	-8.940178334820741458e-04	-2.639007122697438002e-04
1.521766976662574690e-02	1.059226289582531483e-04	-9.091586845452388245e-04	-2.664778784118036260e-04
1.525100894893838786e-02	9.464752709045054057e-05	-8.991721657616431841e-04	-2.552027765454977187e-04
1.528434813125108260e-02	1.213856258044989511e-04	-9.046486438064442210e-04	-2.680886072480529879e-04
1.531768731356379643e-02	1.159091477575701810e-04	-9.069036641802128091e-04	-2.523034646383498763e-04
1.535102649587649117e-02	1.010904424441716281e-04	-8.791991281767444965e-04	-2.626121291995599715e-04
1.538436567818913213e-02	1.010904424400657138e-04	-8.972392911428182750e-04	-2.719543564575646697e-04
1.541770486050182340e-02	1.036676085855143354e-04	-8.882192096592609687e-04	-2.574577969183019089e-04
1.545104404281455283e-02	1.097883781691952722e-04	-8.936956877142491693e-04	-2.539141934757695803e-04
1.548438322512723543e-02	9.658040169530196744e-05	-8.566489244568660944e-04	-2.700214818529056210e-04
1.551772240743988507e-02	1.255735207857399977e-04	-8.344208664968405303e-04	-2.552027765448463300e-04
1.555106158975256767e-02	1.049561916541356932e-04	-8.324879918938639465e-04	-2.584242342210564948e-04
1.558440077206529710e-02	9.690254746208281668e-05	-8.392530530029257071e-04	-2.523034646369178078e-04
1.561773995437797970e-02	1.072112120268738284e-04	-8.466624056455120595e-04	-2.552027765453038634e-04
1.565107913669063280e-02	1.062447747256217164e-04	-8.411859275985164889e-04	-2.568135053831149101e-04
1.568441831900332234e-02	1.081776493317114512e-04	-8.814541485362048685e-04	-2.487598611948374830e-04
1.571775750131602922e-02	1.084997950988828301e-04	-9.107694133846169771e-04	-2.671221699449097698e-04
1.575109668362871876e-02	1.068890662601593188e-04	-8.856420435188620864e-04	-2.680886072478588615e-04
1.578443586594137707e-02	1.117212527740486642e-04	-9.052929353356703847e-04	-2.645450038049344853e-04
1.581777504825406661e-02	1.204191885011608070e-04	-9.033600607158820536e-04	-2.658335868751821734e-04
1.585111423056677349e-02	9.980185937085824985e-05	-9.052929353404653772e-04	-2.610014003614227426e-04
1.588445341287946302e-02	1.159091477551611109e-04	-8.911185215779794709e-04	-2.477934238900686664e-04
1.591779259519212134e-02	1.217077715719288580e-04	-8.782326908793879365e-04	-2.658335868740109098e-04
1.595113177750481087e-02	8.143955061701296664e-05	-8.878970639063176427e-04	-2.513370273335793249e-04
1.598447095981752816e-02	1.007682966736105724e-04	-8.907963758108046904e-04	-2.597128172920860011e-04
1.601781014213020729e-02	1.126876900777141560e-04	-8.888635012064055249e-04	-2.574577969183036979e-04
1.605114932444286560e-02	1.027011712802211444e-04	-8.930513961869934346e-04	-2.574577969183681537e-04
1.608448850675555514e-02	1.014125882116705579e-04	-8.917628131142718139e-04	-2.539141934745969614e-04
1.611782768906827243e-02	1.091440866351153387e-04	-8.895077927374439326e-04	-2.729207937605114304e-04
1.615116687138095156e-02	1.139762731493312728e-04	-9.249438271543599906e-04	-2.613235461288549669e-04
1.618450605369360987e-02	1.117212527771789321e-04	-9.255881186824260580e-04	-2.703436276206631602e-04
1.621784523600629940e-02	1.023790255111584562e-04	-9.304203051909658686e-04	-2.523034646375684376e-04
1.625118441831901669e-02	9.754683899864143970e-05	-9.130244337432564996e-04	-2.684107530162660005e-04
1.628452360063169582e-02	1.200970427352270856e-04	-9.127022879743633670e-04	-2.548806307742248708e-04
1.631786278294435413e-02	1.168755850577789110e-04	-9.281652848053357835e-04	-2.590685257536435768e-04
1.635120196525704367e-02	1.007682966777819319e-04	-9.030379149435361708e-04	-2.645450038032423168e-04
1.638454114756976096e-02	1.229963546438053972e-04	-9.107694133672951126e-04	-2.767865429734034919e-04
1.641788032988244009e-02	9.819113053389469685e-05	-8.817762942998575099e-04	-2.642228580367852239e-04
1.645121951219509840e-02	1.133319816123162820e-04	-8.820984400535894845e-04	-2.568135053838948309e-04
1.648455869450778100e-02	1.110769612414651329e-04	-8.943399792161675329e-04	-2.645450038053233344e-04
1.651789787682050523e-02	1.181641681295268775e-04	-8.837091688971193725e-04	-2.407062170041553498e-04
1.655123705913318435e-02	1.149427104496682776e-04	-9.046486437842694676e-04	-2.635785665011416133e-04
1.658457624144584266e-02	9.722469323010088967e-05	-9.342860543911573690e-04	-2.497262984949235221e-04
1.661791542375853220e-02	1.200970427321639163e-04	-9.281652848070422093e-04	-2.545584850102420899e-04
1.665125460607124949e-02	1.155870019875334862e-04	-9.014271861181869438e-04	-2.539141934740777912e-04
1.668459378838393209e-02	1.091440866338780742e-04	-8.695347551476296892e-04	-2.545584850108289685e-04
1.671793297069659387e-02	1.117212527755465302e-04	-9.239773898531614517e-04	-2.584242342215762613e-04
1.675127215300927647e-02	8.852675750272726441e-05	-9.426618443578810508e-04	-2.545584850107636995e-04
1.678461133532200417e-02	1.110769612395755312e-04	-9.452390104986402135e-04	-2.603571088257766925e-04
1.681795051763467982e-02	1.162312935233732425e-04	-9.358967832404445873e-04	-2.719543564595821531e-04
1.685128969994733814e-02	1.165534392880678292e-04	-9.246216813738195994e-04	-2.539141934742085460e-04
1.688462888226002073e-02	1.039897543523627305e-04	-9.249438271421692214e-04	-2.568135053816181690e-04
1.691796806457274843e-02	1.001240051390720620e-04	-9.204337863992653832e-04	-2.626121292000160954e-04
1.695130724688542409e-02	1.191306054317571974e-04	-9.036822064949946590e-04	-2.671221699449110708e-04
1.698464642919808240e-02	1.123655443105407850e-04	-9.780978787656672592e-04	-2.690550445496978386e-04
1.701798561151076500e-02	1.113991070081805777e-04	-1.003547394395097126e-03	-2.593906715224398901e-04
1.705132479382349270e-02	9.045963211123010802e-05	-9.520040716114794429e-04	-2.577799426863211204e-04
1.708466397613616836e-02	1.049561916537427106e-04	-9.214002236862036278e-04	-2.690550445515857056e-04
1.711800315844882667e-02	1.146205646838025085e-04	-8.666354432169239225e-04	-2.687328987829822719e-04
1.715134234076150926e-02	1.146205646838660834e-04	-9.020714776410989309e-04	-2.481155696597139100e-04
1.718468152307423696e-02	1.207413342684608536e-04	-9.017493318784526460e-04	-2.700214818521898849e-04
1.721802070538691262e-02	1.107548154717527772e-04	-8.953064165228652536e-04	-2.613235461292450087e-04
1.725135988769957093e-02	1.088219408665090453e-04	-9.023936234079630875e-04	-2.632564207344247997e-04
1.728469907001225353e-02	9.819113053285164015e-05	-8.924071046069168879e-04	-2.787194175789743547e-04
1.731803825232498123e-02	1.165534392902850362e-04	-8.766219620123333551e-04	-2.597128172904594810e-04
1.735137743463765689e-02	1.039897543507952723e-04	-8.830648773687433317e-04	-2.619678376645002038e-04
1.738471661695031520e-02	1.133319816155105991e-04	-9.139908710630095324e-04	-2.725986479918429987e-04
1.741805579926299780e-02	1.081776493300832371e-04	-8.785548366434396727e-04	-2.687328987826565776e-04
1.745139498157572550e-02	1.155870019865537469e-04	-8.601925279099842479e-04	-2.593906715212707949e-04
1.748473416388840115e-02	1.020568797452287192e-04	-8.856420435264904245e-04	-2.706657733882901614e-04
1.751807334620105946e-02	1.139762731487442045e-04	-8.965949996228253938e-04	-2.680886072475971351e-04
1.755141252851373512e-02	1.001240051405073153e-04	-8.872527723595697961e-04	-2.590685257546843025e-04
1.758475171082646976e-02	9.432538132217032105e-05	-8.827427316115672804e-04	-2.629342749667966058e-04
1.761809089313914542e-02	9.207036094630269047e-05	-8.878970638984675853e-04	-2.561692138468175798e-04
1.765143007545180373e-02	1.078555035648653059e-04	-8.766219620339777167e-04	-2.497262984950533553e-04
1.768476925776455572e-02	1.072112120266126441e-04	-8.782326908738016932e-04	-2.458605492852160876e-04
1.771810844007722444e-02	9.561396439235561335e-05	-9.062593726484724889e-04	-2.600349630586721683e-04
1.775144762238989316e-02	9.947971360414401129e-05	-9.085143930095923408e-04	-2.616456918960272538e-04
1.778478680470256187e-02	1.068890662578764363e-04	-8.866084808214812554e-04	-2.674443157126035579e-04
1.781812598701523059e-02	1.027011712820446505e-04	-9.223666610022494480e-04	-2.564913596168532988e-04
1.785146516932798258e-02	1.178420223615753203e-04	-9.078701014740757445e-04	-2.490820069629860940e-04
1.788480435164064089e-02	8.723817443430488484e-05	-8.830648773863265973e-04	-2.664778784112834800e-04
1.791814353395331655e-02	1.081776493321041628e-04	-8.556824871472313784e-04	-2.577799426874277655e-04
1.795148271626605119e-02	9.754683899961929519e-05	-8.859641892881553980e-04	-2.661557326431349233e-04
1.798482189857872685e-02	9.786898476594223164e-05	-8.756555247317485352e-04	-2.680886072493546268e-04
1.801816108089138516e-02	9.239250671549438521e-05	-9.046486437919714230e-04	-2.687328987837636022e-04
1.805150026320406081e-02	1.139762731502443066e-04	-8.875749180957354188e-04	-2.471491323553344304e-04
1.808483944551679545e-02	1.110769612415962536e-04	-9.094808302969625315e-04	-2.613235461296362972e-04
1.811817862782947111e-02	1.117212527741124153e-04	-8.943399792358407065e-04	-2.658335868744013853e-04
1.815151781014212942e-02	9.690254746234204942e-05	-9.407289697466909850e-04	-2.584242342210545432e-04
1.818485699245480508e-02	1.333050192088617539e-04	-8.927292503929665441e-04	-2.564913596144455027e-04
1.821819617476753972e-02	1.133319816147264906e-04	-9.178566202529701758e-04	-2.487598611926901122e-04
1.825153535708021538e-02	1.175198765906233556e-04	-9.310645967171012971e-04	-2.539141934740786043e-04
1.828487453939287369e-02	9.174821518239133136e-05	-9.371853663018804223e-04	-2.622899834324527368e-04
1.831821372170554935e-02	1.139762731490674458e-04	-9.226888067633213630e-04	-2.593906715243931346e-04
1.835155290401828398e-02	1.010904424410421869e-04	-9.230109525463248447e-04	-2.645450038048032426e-04
1.838489208633095964e-02	1.056004831899102348e-04	-9.278431390631295284e-04	-2.613235461282692809e-04
1.841823126864361795e-02	9.207036094819310537e-05	-9.062593726411927219e-04	-2.616456918956368868e-04
1.845157045095629361e-02	1.146205646852372197e-04	-9.262324102143312853e-04	-2.642228580365243106e-04
1.848490963326902825e-02	1.014125882095823575e-04	-9.098029760741919861e-04	-2.658335868753132535e-04
1.851824881558170391e-02	1.068890662600928301e-04	-9.645677565457312771e-04	-2.603571088258432083e-04
1.855158799789436222e-02	1.101105239373453468e-04	-9.816414822171404611e-04	-2.593906715237413122e-04
1.858492718020703788e-02	1.130098358457961157e-04	-9.181787660331598277e-04	-2.709879191552693519e-04
1.861826636251977252e-02	9.368108978659056996e-05	-9.094808303150123292e-04	-2.574577969190847029e-04
1.865160554483244817e-02	1.152648562202290622e-04	-9.204337864011697843e-04	-2.523034646367223262e-04
1.868494472714510649e-02	9.239250671445122009e-05	-9.239773898457682771e-04	-2.593906715240678739e-04
1.871828390945778214e-02	1.136541273807248982e-04	-9.333196170960696104e-04	-2.648671495709999644e-04
1.875162309177051678e-02	1.075333577945644453e-04	-9.052929353199723299e-04	-2.436055289126714282e-04
1.878496227408319244e-02	1.200970427349001986e-04	-9.549033835116258872e-04	-2.590685257554632475e-04
1.881830145639585075e-02	1.155870019868793870e-04	-9.764871499242090648e-04	-2.494041527293118358e-04
1.885164063870852641e-02	1.197748969660347945e-04	-9.523262173705498122e-04	-2.709879191568943541e-04
1.888497982102126105e-02	9.786898476711601601e-05	-9.713328176484277952e-04	-2.658335868758324779e-04
1.891831900333393671e-02	1.113991070068119622e-04	-9.761650041466930555e-04	-2.751758141350731665e-04
1.895165818564659502e-02	9.464752709136388603e-05	-9.887286890924342885e-04	-2.542363392428764897e-04
1.898499736795927068e-02	1.107548154709721652e-04	-9.790643160572007862e-04	-2.622899834326483811e-04
