# Time (s)	Generation (V)	PC (V)	PL (V)
1.500263204070890169e-05	1.101105239355851988e-04	1.583927472667526161e-03	-2.529477561738643042e-04
4.834181435339528833e-05	1.033454628155411207e-04	-7.158712113474665229e-04	-2.552027765439360881e-04
8.168099666608183592e-05	1.226742088752668530e-04	-9.658563388238643275e-04	-2.635785665017248056e-04
1.150201789787680921e-04	1.226742088749420260e-04	-9.636013192172552958e-04	-2.510148815675784643e-04
1.483593612914544161e-04	1.091440866328996224e-04	-9.300981594446269601e-04	-2.471491323563767281e-04
1.816985436041414854e-04	1.123655443107371069e-04	-9.536148004472624895e-04	-2.503705900316090509e-04
2.150377259168277959e-04	1.152648562189930446e-04	-9.271988475170188674e-04	-2.523034646365911377e-04
2.483769082295139165e-04	1.297614157643094211e-04	-9.246216813800985394e-04	-2.497262984966142269e-04
2.817160905422001998e-04	1.133319816150538790e-04	-9.065815183967508182e-04	-2.452162577509380838e-04
3.150552728548863747e-04	1.123655443109981692e-04	-9.378296578415746664e-04	-2.477934238902650154e-04
3.483944551675727122e-04	1.091440866349195453e-04	-9.062593726328283189e-04	-2.629342749686181739e-04
3.817336374802589413e-04	1.036676085822556438e-04	-8.746890874322979471e-04	-2.629342749668622543e-04
4.150728197929463088e-04	1.339493107457445534e-04	-9.088365387624013341e-04	-2.426390916083574886e-04
4.484120021056323211e-04	1.287949784607084528e-04	-9.123801421976884818e-04	-2.439276746799720846e-04
4.817511844183182249e-04	1.020568797453587150e-04	-9.152794541205478774e-04	-2.448941119805786220e-04
5.150903667310046709e-04	1.374929141880807770e-04	-9.594134242584897738e-04	-2.642228580363306179e-04
5.484295490436907373e-04	9.625825592917284569e-05	-9.362189290009407909e-04	-2.616456918975895891e-04
5.817687313563794059e-04	1.210634800351105143e-04	-9.214002237050759013e-04	-2.548806307767641807e-04
6.151079136690657976e-04	1.213856258042372383e-04	-9.107694133873294341e-04	-2.645450038039584323e-04
6.484470959817520809e-04	1.075333577945667898e-04	-9.110915591533341436e-04	-2.767865429723632541e-04
6.817862782944378221e-04	1.117212527754153010e-04	-9.555476750517383081e-04	-2.745315226001436115e-04
7.151254606071238886e-04	1.052783374223493292e-04	-9.497490512421014400e-04	-2.648671495721056880e-04
7.484646429198103888e-04	1.107548154720776448e-04	-9.036822064954649859e-04	-2.445719662147736767e-04
7.818038252324961300e-04	1.091440866349856545e-04	-9.246216813768883252e-04	-2.394176339334492610e-04
8.151430075451824133e-04	1.181641681293342825e-04	-9.300981594314846950e-04	-2.629342749671877860e-04
8.484821898578681545e-04	1.258956665529748701e-04	-8.769441077996118460e-04	-2.497262984951824838e-04
8.818213721705542209e-04	1.233185004133904405e-04	-8.798434196995593391e-04	-2.539141934761600557e-04
9.151605544832444074e-04	1.181641681295936508e-04	-8.750112331841580467e-04	-2.326525728145796177e-04
9.484997367959307991e-04	1.075333577977580170e-04	-8.849977519779992892e-04	-2.725986479944463308e-04
9.818389191086165403e-04	1.084997950990788945e-04	-8.627696940225090512e-04	-2.574577969179767567e-04
1.015178101421302607e-03	9.239250671412715206e-05	-9.845407941184998023e-04	-2.481155696589988245e-04
1.048517283733989107e-03	1.149427104511691386e-04	-9.603798615637407351e-04	-2.461826950529087373e-04
1.081856466046675824e-03	1.223520631087511047e-04	-9.117358506786623837e-04	-2.713100649234806297e-04
1.115195648359362541e-03	1.181641681296583912e-04	-9.030379149627871561e-04	-2.506927357996265276e-04
1.148534830672048607e-03	1.220299173416429891e-04	-9.004607488262487925e-04	-2.436055289132574937e-04
1.181874012984734674e-03	1.139762731486775667e-04	-8.640582771041252497e-04	-2.648671495715211404e-04
1.215213195297422692e-03	1.017347339766230357e-04	-8.756555247366335165e-04	-2.629342749685532302e-04
1.248552377610108758e-03	9.819113053278759090e-05	-8.589039448191757497e-04	-2.597128172908498480e-04
1.281891559922794608e-03	1.030233170475235356e-04	-8.843534604471532190e-04	-2.725986479938598858e-04
1.315230742235480241e-03	1.001240051382246089e-04	-8.949842707745648065e-04	-2.751758141357236878e-04
1.348569924548166741e-03	1.033454628157370902e-04	-9.407289697595020263e-04	-2.867730617680945321e-04
1.381909106860852374e-03	1.110769612385332063e-04	-9.416954070534226413e-04	-3.070682451241264223e-04
1.415248289173538223e-03	9.754683899798851959e-05	-9.004607488283147398e-04	-3.408935507186836456e-04
1.448587471486224290e-03	8.433886252318247923e-05	-8.972392911597688002e-04	-3.483029033722893951e-04
1.481926653798910139e-03	8.079525908012887968e-05	-9.487826139466819155e-04	-4.156313687914994738e-04
1.515265836111600543e-03	7.209732335347375520e-05	-9.542590919956971379e-04	-5.084093498410377889e-04
1.548605018424287260e-03	4.245991272993294893e-05	-9.684335057649944359e-04	-6.375898026116557770e-04
1.581944200736973543e-03	1.153391903588288905e-05	-1.021587557391006413e-03	-8.302329715637700577e-04
1.615283383049659826e-03	-1.327130507285659010e-05	-1.055412862972900535e-03	-1.097291812769710714e-03
1.648622565362346326e-03	-5.966029561139127649e-05	-1.100835416170111054e-03	-1.408806769822624127e-03
1.681961747675032610e-03	-1.079821607540608168e-04	-1.168163881557832649e-03	-1.776375090322817544e-03
1.715300929987719110e-03	-1.698341481333674166e-04	-1.229049431590947296e-03	-2.250895805442987632e-03
1.748640112300405176e-03	-2.445719662149685621e-04	-1.271250527126323955e-03	-2.781147738128718610e-03
1.781979294613091677e-03	-3.460478829964258574e-04	-1.360807050455080120e-03	-3.372285220595663303e-03
1.815318476925777960e-03	-4.410808844240402416e-04	-1.506094791518603404e-03	-4.091314572272223074e-03
1.848657659238465327e-03	-5.309595535643488835e-04	-1.599839209802274113e-03	-4.832894127301634417e-03
1.881996841551151394e-03	-6.778580235479661356e-04	-1.755757761173283625e-03	-5.676916035736191517e-03
1.915336023863837894e-03	-8.276558054254814665e-04	-1.886548942683411410e-03	-6.639165439967597768e-03
1.948675206176523960e-03	-1.058312174906184209e-03	-2.079192111476722057e-03	-8.158082727182804084e-03
1.982014388489209810e-03	-1.719999581024921152e-03	-2.545014890783640817e-03	-1.250737270758466371e-02
2.015353570801895877e-03	-3.591666487642988358e-03	-3.744041435464742426e-03	-2.483943469104976653e-02
2.048692753114581943e-03	-8.122324546416344673e-03	-6.955834727633568998e-03	-5.446718024172809286e-02
2.082031935427268009e-03	-1.529844361419576901e-02	-1.288396110678924518e-02	-9.962524997025051787e-02
2.115371117739955377e-03	-2.319810203650102959e-02	-2.037513871158640189e-02	-1.484367738720146213e-01
2.148710300052642744e-03	-3.097309001356593136e-02	-2.813788516192300068e-02	-1.966520054180649069e-01
2.182049482365330546e-03	-3.871908483898726244e-02	-3.589032291453670559e-02	-2.444648766478127178e-01
2.215388664678016612e-03	-4.641482489433203240e-02	-4.356641208993633496e-02	-2.925518939096017346e-01
2.248727846990702679e-03	-5.418272556934482231e-02	-5.133592350481976097e-02	-3.405512878190042891e-01
2.282067029303388745e-03	-6.192549884595695969e-02	-5.912766294708324960e-02	-3.887910030319329246e-01
2.315406211616074812e-03	-6.960287650598934173e-02	-6.675124227582183989e-02	-4.373960324072225792e-01
2.348745393928761745e-03	-7.738011932350906397e-02	-7.457777340366680829e-02	-4.858715603559737861e-01
2.382084576241447812e-03	-8.513706693266694103e-02	-8.235018401818516853e-02	-5.343364589640758888e-01
2.415423758554133878e-03	-9.296875233176533915e-02	-9.015158772530597331e-02	-5.824869450336713772e-01
2.448762940866820812e-03	-1.009418596919540723e-01	-9.811503072148283766e-02	-6.315864746698488519e-01
2.482102123179506879e-03	-1.089226985267625625e-01	-1.061219633702913390e-01	-6.807066240488696129e-01
2.515441305492192945e-03	-1.170720195664889940e-01	-1.142358483853102014e-01	-7.314693977874661135e-01
2.548780487804879012e-03	-1.253060649165433638e-01	-1.224466992488718736e-01	-7.833690275198206265e-01
2.582119670117565078e-03	-1.336506062374381298e-01	-1.307329321964354474e-01	-8.358243626360085665e-01
2.615458852430251144e-03	-1.421256165662450055e-01	-1.391538220464897391e-01	-8.890280469310738454e-01
2.648798034742938078e-03	-1.507175657822352743e-01	-1.476742549132200599e-01	-9.435061452694119000e-01
2.682137217055624145e-03	-1.593942393117504241e-01	-1.563283782466375893e-01	-9.981578856479199624e-01
2.715476399368310211e-03	-1.681057045654164028e-01	-1.650308234250358885e-01	-1.052821873358727123e+00
2.748815581680996711e-03	-1.769682561585679548e-01	-1.738331337689813239e-01	-1.108117273585026208e+00
2.782154763993682778e-03	-1.859741625944906496e-01	-1.828342080233663347e-01	-1.163836302710823389e+00
2.815493946306369278e-03	-1.950490082075320430e-01	-1.918571881756454267e-01	-1.221012084062036429e+00
2.848833128619055344e-03	-2.042246854280120039e-01	-2.009974293677517232e-01	-1.278636623227492386e+00
2.882172310931741411e-03	-2.134077719919793281e-01	-2.101231739921939901e-01	-1.336525653326365637e+00
2.915511493244428345e-03	-2.227979982622231570e-01	-2.195146888475737745e-01	-1.393801004154036960e+00
2.948850675557114411e-03	-2.322214055392234633e-01	-2.288830092039509656e-01	-1.452398131176778184e+00
2.982189857869800478e-03	-2.418822342261583713e-01	-2.384620128728600630e-01	-1.511852500482213202e+00
3.015529040182486544e-03	-2.514721908491679980e-01	-2.481357273889518988e-01	-1.572356112411798623e+00
3.048868222495171743e-03	-2.612138781189983772e-01	-2.577862474125878212e-01	-1.633471815266775096e+00
3.082207404807858677e-03	-2.710412561607931647e-01	-2.675849544814505321e-01	-1.694228338009483803e+00
3.115546587120545177e-03	-2.809356405240278076e-01	-2.774606543888854526e-01	-1.755687798631360597e+00
3.148885769433231244e-03	-2.908632059082165155e-01	-2.874487831693267048e-01	-1.817816372802514069e+00
3.182224951745917310e-03	-3.007949591990347615e-01	-2.973602412738724499e-01	-1.880462008281850395e+00
3.215564134058603377e-03	-3.107933966734919840e-01	-3.073718867185406545e-01	-1.942444037611587904e+00
3.248903316371289443e-03	-3.208079414524844797e-01	-3.173883643658080289e-01	-2.005245625794374043e+00
3.282242498683975510e-03	-3.308946468984795830e-01	-3.274857006142770088e-01	-2.067919339443860416e+00
3.315581680996661576e-03	-3.410296742293544847e-01	-3.376039763582843189e-01	-2.130330521578196024e+00
3.348920863309347642e-03	-3.512867948242728300e-01	-3.478865464581646916e-01	-2.193476540680535880e+00
3.382260045622033709e-03	-3.615146001852317936e-01	-3.580959895014966254e-01	-2.257377371161316759e+00
3.415599227934719775e-03	-3.717504592215537529e-01	-3.683808146808829065e-01	-2.319451968509658180e+00
3.448938410247408010e-03	-3.819840632722139029e-01	-3.786215059263579041e-01	-2.383443364890365679e+00
3.482277592560094077e-03	-3.922547141214925981e-01	-3.889182505689861014e-01	-2.447205092447036101e+00
3.515616774872780143e-03	-4.025021705170298003e-01	-3.991676398256183145e-01	-2.510312560735290965e+00
3.548955957185466210e-03	-4.127747543240953831e-01	-4.094537537401450877e-01	-2.573243515171412366e+00
3.582295139498152276e-03	-4.228717687401035707e-01	-4.196168080211486462e-01	-2.636282090806834066e+00
3.615634321810838343e-03	-4.331343661225586228e-01	-4.298578216221980441e-01	-2.697313385253417906e+00
3.648973504123524409e-03	-4.433476752551767652e-01	-4.400769293618281286e-01	-2.760540144384208361e+00
3.682312686436210476e-03	-4.535664609191923935e-01	-4.503681978046171208e-01	-2.823719251376310968e+00
3.715651868748896976e-03	-4.636589655006078670e-01	-4.605367287681908506e-01	-2.886404208818969419e+00
3.748991051061583042e-03	-4.737408393293371933e-01	-4.706856088978746966e-01	-2.948563768460033874e+00
3.782330233374269109e-03	-4.836812912265996411e-01	-4.806956442623584458e-01	-3.010995570731994420e+00
3.815669415686955175e-03	-4.935689112788068655e-01	-4.906683107789161502e-01	-3.071672332717360732e+00
3.849008597999641242e-03	-5.033998337382681321e-01	-5.005440114817989450e-01	-3.132276637983142820e+00
3.882347780312327308e-03	-5.132649037141862047e-01	-5.104757656136073019e-01	-3.192913829766689915e+00
3.915686962625015109e-03	-5.229949946777212588e-01	-5.203015338531205014e-01	-3.252444143714776637e+00
3.949026144937704645e-03	-5.326699987814187409e-01	-5.300583629652114714e-01	-3.311701624494366669e+00
3.982365327250390712e-03	-5.422306412027900757e-01	-5.396792466283780731e-01	-3.371085093505556074e+00
4.015704509563076778e-03	-5.517693777812110456e-01	-5.492482648914501775e-01	-3.429477013352701942e+00
4.049043691875768049e-03	-5.611293235211352037e-01	-5.586987335777540142e-01	-3.486605810557657392e+00
4.082382874188454115e-03	-5.704837928543950998e-01	-5.680908939492779197e-01	-3.542968239628215610e+00
4.115722056501140182e-03	-5.797023167377465258e-01	-5.773967193227977912e-01	-3.599823907971261949e+00
4.149061238813826248e-03	-5.887182109913712269e-01	-5.865205323984585828e-01	-3.655743112461590894e+00
4.182400421126509713e-03	-5.976600117841595061e-01	-5.955718627437864843e-01	-3.710428507122571773e+00
4.215739603439195779e-03	-6.064123909210639152e-01	-6.044170198532764493e-01	-3.765234412986174117e+00
4.249078785751881845e-03	-6.151802331278498626e-01	-6.132415597043454625e-01	-3.818753030361463185e+00
4.282417968064567912e-03	-6.238337136481372225e-01	-6.219601136603468694e-01	-3.871060385718771979e+00
4.315757150377253978e-03	-6.323689667307600404e-01	-6.305807353657190140e-01	-3.923858725250431778e+00
4.349096332689940045e-03	-6.406474696770382282e-01	-6.390151568680317862e-01	-3.975250577616364023e+00
4.382435515002626111e-03	-6.487197993744625579e-01	-6.472021704603381220e-01	-4.024250801307212910e+00
4.415774697315314780e-03	-6.566755123552151518e-01	-6.552535607349634361e-01	-4.072765565691922163e+00
4.449113879628000846e-03	-6.643786630832532181e-01	-6.630462679878827981e-01	-4.120410220698499160e+00
4.482453061940686913e-03	-6.719896801712582635e-01	-6.707600495810556174e-01	-4.166867123469410572e+00
4.515792244253372979e-03	-6.794215842460796795e-01	-6.783701002850024420e-01	-4.212089882703988764e+00
4.549131426566056444e-03	-6.866270198685699988e-01	-6.856795890000454419e-01	-4.256954107197246095e+00
4.582470608878747714e-03	-6.937158387608690635e-01	-6.928331591957275215e-01	-4.300485929393595974e+00
4.615809791191433781e-03	-7.005604711723921740e-01	-6.998301665773704050e-01	-4.342341932973090124e+00
4.649148973504117245e-03	-7.071477091194033893e-01	-7.065250012265031909e-01	-4.383297860059088613e+00
4.682488155816803312e-03	-7.136183303259994171e-01	-7.131032191369066631e-01	-4.423973531870804443e+00
4.715827338129489378e-03	-7.199153149770615157e-01	-7.195061897643226789e-01	-4.462845808251483248e+00
4.749166520442175445e-03	-7.259094825877215884e-01	-7.256066654989440368e-01	-4.500088005574568228e+00
4.782505702754861511e-03	-7.317306579258584520e-01	-7.315815044013550539e-01	-4.536033872881812812e+00
4.815844885067547577e-03	-7.373337405703250802e-01	-7.373253647785227294e-01	-4.570669233965194422e+00
4.849184067380233644e-03	-7.426639657226684621e-01	-7.428044213118037975e-01	-4.603812392823449784e+00
4.882523249692919710e-03	-7.477680445262424591e-01	-7.480421906432828116e-01	-4.635420501424507123e+00
4.915862432005605777e-03	-7.527049296671108891e-01	-7.530840953332418319e-01	-4.665835041277871298e+00
4.949201614318291843e-03	-7.573960175545600970e-01	-7.579172495439973067e-01	-4.694998990013747431e+00
4.982540796630977910e-03	-7.618992944380326149e-01	-7.625104051239850467e-01	-4.723216459851069970e+00
5.015879978943663976e-03	-7.660733382835569483e-01	-7.668619513397958443e-01	-4.749730709798381412e+00
5.049219161256350043e-03	-7.700563496588783696e-01	-7.709999148770926292e-01	-4.774506623508671055e+00
5.082558343569036977e-03	-7.738373756016991845e-01	-7.748917590006142442e-01	-4.798057391391835402e+00
5.115897525881722176e-03	-7.773523090828067250e-01	-7.785500473951949552e-01	-4.820114657851581441e+00
5.149236708194409110e-03	-7.805976064939512682e-01	-7.819519077011668484e-01	-4.840709348591691885e+00
5.182575890507094309e-03	-7.836038716885884714e-01	-7.850399979510659376e-01	-4.859882054021809950e+00
5.215915072819802059e-03	-7.862896017602070131e-01	-7.879325456737737987e-01	-4.877568020114027014e+00
5.249254255132470778e-03	-7.887704470709026028e-01	-7.905441822121336282e-01	-4.894480174330234412e+00
5.282593437445174192e-03	-7.910183809282337331e-01	-7.929364374239493696e-01	-4.909274164306040689e+00
5.315932619757862861e-03	-7.929757392196721266e-01	-7.950503586130376332e-01	-4.921989936132292520e+00
5.349271802070550662e-03	-7.946463876932680082e-01	-7.968614626907932763e-01	-4.933262456158121090e+00
5.382610984383234126e-03	-7.960857354364658800e-01	-7.984657491242463934e-01	-4.942814026209783052e+00
5.415950166695924529e-03	-7.972615678609699108e-01	-7.998023323424248154e-01	-4.950539623199226469e+00
5.449289349008606259e-03	-7.981303952728582285e-01	-8.008409306317736398e-01	-4.957026535125114819e+00
5.482628531321296662e-03	-7.986928619627655657e-01	-8.015528730084150455e-01	-4.961568920097018776e+00
5.515967713633976657e-03	-7.989963233729716618e-01	-8.020122530219815360e-01	-4.964166455659769994e+00
5.549306895946668795e-03	-7.990282158141962521e-01	-8.022016747948651494e-01	-4.964654520453097852e+00
5.582646078259348790e-03	-7.988719750668825670e-01	-8.021269369524962611e-01	-4.964121998257348345e+00
5.615985260572042663e-03	-7.984219372855794195e-01	-8.017951267041560914e-01	-4.962240935342339121e+00
5.649324442884723525e-03	-7.977409209156529624e-01	-8.012645524530535024e-01	-4.959537088686129636e+00
5.682663625197414796e-03	-7.967693289717544536e-01	-8.004411476051259688e-01	-4.955087484441264678e+00
5.716002807510094791e-03	-7.955454968135707849e-01	-7.993751669173256857e-01	-4.949347649938376392e+00
5.749341989822786929e-03	-7.940768337973773683e-01	-7.980398722834161074e-01	-4.941527661698684959e+00
5.782681172135466924e-03	-7.923272595875630042e-01	-7.963824317824795829e-01	-4.931737052930609266e+00
5.816020354448159062e-03	-7.902497408895976516e-01	-7.944817711544662764e-01	-4.920299267731929049e+00
5.849359536760837322e-03	-7.879077404418685093e-01	-7.922863470626033688e-01	-4.907042920440731315e+00
5.882698719073532062e-03	-7.853357278545000097e-01	-7.898460921188257267e-01	-4.892511486933416975e+00
5.916037901386209455e-03	-7.825878236349201877e-01	-7.871448990324364514e-01	-4.875992361819962539e+00
5.949377083698906797e-03	-7.794984448120948484e-01	-7.842230360393042110e-01	-4.858123734446518682e+00
5.982716266011584190e-03	-7.761432956674575445e-01	-7.810505435769118376e-01	-4.838820556841416654e+00
6.016055448324278930e-03	-7.724991817026988228e-01	-7.775533281003234043e-01	-4.818199127746447097e+00
6.049394630636955456e-03	-7.686488944074554297e-01	-7.737826108057711538e-01	-4.795743678990914916e+00
6.082733812949651063e-03	-7.645470112191056211e-01	-7.698186060160031596e-01	-4.771390425504038468e+00
6.116072995262327588e-03	-7.602205923933526011e-01	-7.655772336655970456e-01	-4.745216041559983999e+00
6.149412177575023196e-03	-7.555845914290847398e-01	-7.611854192255598228e-01	-4.717450868862737678e+00
6.182751359887697987e-03	-7.507105247102521250e-01	-7.564434322700832602e-01	-4.688083633557710073e+00
6.216090542200395329e-03	-7.456554120561564858e-01	-7.514182791421171181e-01	-4.656810223919147340e+00
6.249429724513070120e-03	-7.404302064287462404e-01	-7.462304423941457099e-01	-4.623685085944831741e+00
6.282768906825767462e-03	-7.348635262426728154e-01	-7.408824991957732031e-01	-4.589203371590988567e+00
6.316108089138442253e-03	-7.291402832171861581e-01	-7.352298060664226309e-01	-4.553593489161137597e+00
6.349447271451139595e-03	-7.231928267290983481e-01	-7.293635302850445257e-01	-4.516781988987499830e+00
6.382786453763814385e-03	-7.170356533456314629e-01	-7.232675645637266504e-01	-4.478531445439433156e+00
6.416125636076511728e-03	-7.106284948415025893e-01	-7.170137474289771662e-01	-4.438639548043164851e+00
6.449464818389189988e-03	-7.040377132631243651e-01	-7.105154216541837986e-01	-4.397611112378261744e+00
6.482804000701888197e-03	-6.972990668012029047e-01	-7.038499022439677066e-01	-4.355159101723951487e+00
6.516143183014561253e-03	-6.902244222959815767e-01	-6.969424513695166024e-01	-4.311549293702542585e+00
6.549482365327260330e-03	-6.829548796253871457e-01	-6.897492572035294200e-01	-4.266409925754827803e+00
6.582821547639933386e-03	-6.755339284790302656e-01	-6.823392589580479228e-01	-4.219887901165692234e+00
6.616160729952632463e-03	-6.678681465724326527e-01	-6.748181204668418642e-01	-4.172208728228563146e+00
6.649499912265305519e-03	-6.601118417559053153e-01	-6.671201239844698483e-01	-4.123163009571040760e+00
6.682839094578004596e-03	-6.521819004113126317e-01	-6.592778062417872231e-01	-4.073328365099056825e+00
6.716178276890677652e-03	-6.440908862280053659e-01	-6.512154629755941837e-01	-4.022537276846313681e+00
6.749517459203376729e-03	-6.359000069120654963e-01	-6.430123420587422478e-01	-3.970805853392489926e+00
6.782856641516048918e-03	-6.274684847482935313e-01	-6.347406041545065047e-01	-3.918799338388491815e+00
6.816195823828748862e-03	-6.189174465622685473e-01	-6.262391763610161144e-01	-3.865777428453643694e+00
6.849535006141421051e-03	-6.101779531548489066e-01	-6.176117896304947896e-01	-3.810893511869758665e+00
6.882874188454121862e-03	-6.012596689025767605e-01	-6.087756524944125669e-01	-3.754866953857554090e+00
6.916213370766793184e-03	-5.922788884395817632e-01	-5.997832747206920390e-01	-3.698032792356314769e+00
6.949552553079493995e-03	-5.831009548250367658e-01	-5.906952197208202859e-01	-3.639609491130489705e+00
6.982891735392165317e-03	-5.738972496208976093e-01	-5.814431925872487472e-01	-3.580323823165913577e+00
7.016230917704866128e-03	-5.644538680242817685e-01	-5.721354343069208204e-01	-3.520365535761712739e+00
7.049570100017535715e-03	-5.550443118084550376e-01	-5.626318114623457545e-01	-3.459808723999076907e+00
7.082909282330238261e-03	-5.454376024459069994e-01	-5.531729669556711970e-01	-3.398702999082401366e+00
7.116248464642907848e-03	-5.357935242445751589e-01	-5.434770232261224576e-01	-3.337064791050530221e+00
7.149587646955610394e-03	-5.260157556162213810e-01	-5.337665830088914598e-01	-3.275138933759046633e+00
7.182926829268279981e-03	-5.161935309404731553e-01	-5.239604655669223288e-01	-3.212329450573008671e+00
7.216266011580984262e-03	-5.062498573765212839e-01	-5.140531944214257187e-01	-3.149670119096792398e+00
7.249605193893653848e-03	-4.963023181300609821e-01	-5.040402595312651890e-01	-3.086993420912301112e+00
7.282944376206356395e-03	-4.862442829498253016e-01	-4.940685593666347408e-01	-3.023590949872290157e+00
7.316283558519025981e-03	-4.761604761714040013e-01	-4.839354642369739223e-01	-2.960153393408559541e+00
7.349622740831728528e-03	-4.659845357655241771e-01	-4.737730539060875934e-01	-2.896660455499364240e+00
7.382961923144396379e-03	-4.558076289815538029e-01	-4.635555567108836650e-01	-2.833117612202840974e+00
7.416301105457100661e-03	-4.454767365809771396e-01	-4.533222744324053588e-01	-2.768137691792168731e+00
7.449640287769768512e-03	-4.352254142378713109e-01	-4.429975028147796201e-01	-2.704626472698113293e+00
7.482979470082472793e-03	-4.249889106515107873e-01	-4.327548784199584664e-01	-2.641093373085892981e+00
7.516318652395140645e-03	-4.147063402709592617e-01	-4.224359055320229817e-01	-2.577901453118419894e+00
7.549657834707844926e-03	-4.044176491677118346e-01	-4.121507579972928936e-01	-2.513858442477525656e+00
7.582997017020511911e-03	-3.941247702133027775e-01	-4.017570473895614724e-01	-2.449738140326177316e+00
7.616336199333217059e-03	-3.838499314621307001e-01	-3.914973494585120006e-01	-2.385483525937178939e+00
7.649675381645884044e-03	-3.735151736393689248e-01	-3.811319877613283391e-01	-2.321372289999295457e+00
7.683014563958589192e-03	-3.632332477551974415e-01	-3.708545718916513856e-01	-2.258188216284577887e+00
7.716353746271256177e-03	-3.529300602841022316e-01	-3.605136933441587255e-01	-2.194587626812986692e+00
7.749692928583962193e-03	-3.426130205757454417e-01	-3.501705598085108062e-01	-2.130886547716362323e+00
7.783032110896668208e-03	-3.323513899627518198e-01	-3.398151847638072875e-01	-2.067249273498628526e+00
7.816371293209334326e-03	-3.222089532996571526e-01	-3.295941445216039045e-01	-2.003533736559194534e+00
7.849710475522003045e-03	-3.121332008264812163e-01	-3.194188489983769697e-01	-1.940823960712837026e+00
7.883049657834708193e-03	-3.021080252530710664e-01	-3.093836868942627660e-01	-1.878677636891871616e+00
7.916388840147409872e-03	-2.921659632966602804e-01	-2.993713971550313047e-01	-1.816484295958999740e+00
7.949728022460080326e-03	-2.823273101362755444e-01	-2.894563954447403886e-01	-1.755461007383058325e+00
7.983067204772782005e-03	-2.724996099407394623e-01	-2.795922927735033370e-01	-1.694866188358721493e+00
8.016406387085452459e-03	-2.629231834319910033e-01	-2.698654241978360457e-01	-1.635021984484426483e+00
8.049745569398154138e-03	-2.533747836073998450e-01	-2.602496959099003804e-01	-1.575457738690952514e+00
8.083084751710824592e-03	-2.439868123650592302e-01	-2.508021277037216223e-01	-1.517229768423451031e+00
8.116423934023526271e-03	-2.346062504748513688e-01	-2.414312301859818655e-01	-1.459487605977731750e+00
8.149763116336196725e-03	-2.254689086186214553e-01	-2.320777285378284871e-01	-1.402663893044826082e+00
8.183102298648898404e-03	-2.163831100773686567e-01	-2.229919299996074022e-01	-1.346565663129188906e+00
8.216441480961568858e-03	-2.074512971957172824e-01	-2.138996885420953731e-01	-1.290725803397609228e+00
8.249780663274270537e-03	-1.986741142636148927e-01	-2.050500228231602884e-01	-1.235352097530452609e+00
8.283119845586940991e-03	-1.900106487702723224e-01	-1.963002222770275917e-01	-1.181019575715473779e+00
8.316459027899642670e-03	-1.815230748430883556e-01	-1.876934544319821263e-01	-1.127712774095288584e+00
8.349798210212313124e-03	-1.731540505385300854e-01	-1.792242428092535589e-01	-1.075903313700495634e+00
8.383137392525014803e-03	-1.650172933038042689e-01	-1.709444528727795953e-01	-1.024589641741994406e+00
8.416476574837685257e-03	-1.569878105890772091e-01	-1.629046615039767276e-01	-9.746006392859537515e-01
8.449815757150386936e-03	-1.491355080206431538e-01	-1.549628024285819028e-01	-9.255026971799782398e-01
8.483154939463059124e-03	-1.415038752741020200e-01	-1.471549559694541320e-01	-8.779607240517186550e-01
8.516494121775762538e-03	-1.339895035644916577e-01	-1.395432962553788125e-01	-8.313149644747703793e-01
8.549833304088432992e-03	-1.266407147537437494e-01	-1.320817564444129455e-01	-7.854375260729300479e-01
8.583172486401134671e-03	-1.195763806234011323e-01	-1.248486179534059742e-01	-7.414546303241135172e-01
8.616511668713805125e-03	-1.126247974896868315e-01	-1.178451693657385085e-01	-6.987596760808217899e-01
8.649850851026506804e-03	-1.059396288756265792e-01	-1.109812098721315865e-01	-6.571951336309089786e-01
8.683190033339177258e-03	-9.950670036920465644e-02	-1.043669133194708581e-01	-6.172548521482070782e-01
8.716529215651878937e-03	-9.323709974389222943e-02	-9.800260185448216033e-02	-5.787468323794656699e-01
8.749868397964549391e-03	-8.726838323679703135e-02	-9.186862458740485682e-02	-5.417077986454348348e-01
8.783207580277251070e-03	-8.154449748834399769e-02	-8.594371989951544999e-02	-5.056883573329949977e-01
8.816546762589921524e-03	-7.599392614213448804e-02	-8.035094746981137626e-02	-4.708128565053740222e-01
8.849885944902623203e-03	-7.060925984672684896e-02	-7.489025478640345956e-02	-4.374420992252096019e-01
8.883225127215293657e-03	-6.548295443484258849e-02	-6.955713180925450490e-02	-4.054475491609092486e-01
8.916564309527995336e-03	-6.066977468663885958e-02	-6.454615457568319004e-02	-3.748971789200529758e-01
8.949903491840665790e-03	-5.602958719930978965e-02	-5.984604798607465193e-02	-3.460947718206675572e-01
8.983242674153367469e-03	-5.160813667147028105e-02	-5.526996750271170183e-02	-3.189807307908577028e-01
9.016581856466037923e-03	-4.747790590011573275e-02	-5.093227487041997875e-02	-2.936049883385309922e-01
9.049921038778739601e-03	-4.353419751492790951e-02	-4.687807049677990973e-02	-2.691386634028229419e-01
9.083260221091410055e-03	-3.934404761489435076e-02	-4.286252360587984589e-02	-2.422510911016884372e-01
9.116599403404122143e-03	-3.344910233695066321e-02	-3.787699582147586314e-02	-2.045671263443440968e-01
9.149938585716785658e-03	-2.440679293803547922e-02	-3.040128128569124372e-02	-1.467954412637252903e-01
9.183277768029494276e-03	-1.148133844124974573e-02	-1.941095643810062873e-02	-6.604542078799202631e-02
9.216616950342157791e-03	-2.392639942717310255e-03	-8.081734179166513363e-03	-1.490703650508488215e-02
9.249956132654866409e-03	-9.523262174246440196e-04	-3.441224414571059445e-03	-7.435509773920902059e-03
9.283295314967529924e-03	-5.918451036248377917e-04	-2.139433369942035385e-03	-5.274878119049356516e-03
9.316634497280238542e-03	-3.892154158491187505e-04	-1.693583628080246256e-03	-3.912201525899748795e-03
9.349973679592902057e-03	-2.771086887410326616e-04	-1.495463981178338708e-03	-2.983777425596872805e-03
9.383312861905610675e-03	-1.917400603292916965e-04	-1.317639517600626645e-03	-2.344640223689957882e-03
9.416652044218274190e-03	-1.260223237401502684e-04	-1.253854655671693581e-03	-1.868830925526606020e-03
9.449991226530982807e-03	-7.576758399080502266e-05	-1.165908861166155752e-03	-1.527034266436128832e-03
9.483330408843646323e-03	-3.904296648252370157e-05	-1.107600477286359774e-03	-1.289290690134536118e-03
9.516669591156354940e-03	-8.439118556752023156e-06	-1.068298693661236601e-03	-1.092459626259132495e-03
9.550008773469018455e-03	-1.649276274828304946e-05	-1.018043953936398566e-03	-9.561919666408422473e-04
9.583347955781727073e-03	2.377545820572249491e-05	-9.661784853891206525e-04	-8.421523649632458057e-04
9.616687138094390588e-03	3.086266509326230116e-05	-9.568362581315742466e-04	-7.480858008622361241e-04
9.650026320407099206e-03	3.794987198165062774e-05	-9.668227769147836942e-04	-6.881666881089171066e-04
9.683365502719762721e-03	5.760076380920003562e-05	-9.491047597162484461e-04	-6.224489515401291891e-04
9.716704685032471339e-03	6.790942837320900556e-05	-9.565141123631003750e-04	-6.047309343259613720e-04
9.750043867345134854e-03	6.372153339359834154e-05	-9.223666610086575166e-04	-5.306374077976326121e-04
9.783383049657843472e-03	5.470145190114052825e-05	-9.265545559672460968e-04	-5.290266789612506522e-04
9.816722231970506987e-03	7.177517758728043512e-05	-9.439504274177509726e-04	-5.103422244440056991e-04
9.850061414283215605e-03	4.986926538594852072e-05	-9.445947189544252800e-04	-4.855370003482793176e-04
9.883400596595879120e-03	6.855371990605262339e-05	-8.962728538465159931e-04	-4.633089423866155782e-04
9.916739778908587738e-03	5.921149264981400925e-05	-9.188230575652898101e-04	-4.616982135495839644e-04
9.950078961221251253e-03	7.628521833249731019e-05	-9.159237456596238010e-04	-4.620203593155214534e-04
9.983418143533959871e-03	8.723817443026421242e-05	-9.152794541254793709e-04	-4.452687794046893003e-04
1.001675732584662339e-02	7.628521833067364148e-05	-9.574805496683998001e-04	-4.220742841408577995e-04
1.005009650815933200e-02	8.111740484599612596e-05	-9.532926546933419721e-04	-4.365708436805752746e-04
1.008343569047199552e-02	1.091440866334215709e-04	-9.339639086497199217e-04	-4.175642433936874089e-04
1.011677487278470414e-02	7.467448949540447963e-05	-9.030379149749179690e-04	-4.272286164220488584e-04
1.015011405509736939e-02	8.981534057545396727e-05	-8.985278742258055555e-04	-4.056448499949244697e-04
1.018345323741007627e-02	7.370805218874261890e-05	-9.201116406471542908e-04	-4.066112873013175296e-04
1.021679241972273978e-02	9.980185937261857405e-05	-9.465275935837367009e-04	-4.120877653467533669e-04
1.025013160203545014e-02	7.113088605169862405e-05	-9.284874305990318839e-04	-3.869603954765721125e-04
1.028347078434811365e-02	9.625825592591563131e-05	-9.387960951553216528e-04	-3.801953343601728510e-04
1.031680996666082747e-02	8.594959136196970095e-05	-9.394403866756608282e-04	-3.679537951934575956e-04
1.035014914897348579e-02	8.208384215161510617e-05	-9.136687252866415847e-04	-3.627994629111597831e-04
1.038348833128620134e-02	1.065669204922052951e-04	-9.426618443525641234e-04	-3.644101917503370330e-04
1.041682751359887006e-02	7.241946912090517995e-05	-9.433061358875091283e-04	-3.582894221658104728e-04
1.045016669591158041e-02	1.084997950983609087e-04	-9.136687252781539080e-04	-3.483029033734616345e-04
1.048350587822423699e-02	9.851327630302093288e-05	-9.471718850958467818e-04	-3.627994629132419392e-04
1.051684506053694734e-02	8.466100828970058562e-05	-9.552255292775217429e-04	-3.437928626272637191e-04
1.055018424284961606e-02	9.561396439281169655e-05	-9.703663803412487972e-04	-3.315513234595089849e-04
1.058352342516232468e-02	8.208384214992037620e-05	-9.471718850938901221e-04	-3.334841980645567743e-04
1.061686260747498126e-02	1.075333577960004981e-04	-9.481383223972361402e-04	-3.270412827131165094e-04
1.065020178978768987e-02	1.171977308261243047e-04	-9.623127361741979887e-04	-3.160883266161953120e-04
1.068354097210036033e-02	1.223520631079031502e-04	-9.510376343057595641e-04	-3.157661808495429000e-04
1.071688015441306895e-02	1.059226289563000529e-04	-9.474940308654953864e-04	-3.315513234597675129e-04
1.075021933672572552e-02	1.110769612399005343e-04	-9.297760136478279815e-04	-3.141554520095859462e-04
1.078355851903843414e-02	1.162312935207650857e-04	-9.091586845421917827e-04	-3.157661808477210067e-04
1.081689770135110633e-02	8.723817443326311563e-05	-9.471718850992859795e-04	-3.173769096871606335e-04
1.085023688366381321e-02	1.188084596636121236e-04	-9.722992549583617510e-04	-3.009474755399234422e-04
1.088357606597646979e-02	1.101105239387134338e-04	-9.378296578301660406e-04	-3.009474755397924706e-04
1.091691524828917667e-02	1.229963546421779827e-04	-9.677892142074344915e-04	-2.977260178656684735e-04
1.095025443060185580e-02	9.561396439248620550e-05	-9.462054477970369571e-04	-2.864509159986461254e-04
1.098359361291455748e-02	1.020568797447064048e-04	-9.993594994130066203e-04	-2.986924551658825568e-04
1.101693279522721926e-02	1.007682966736114669e-04	-9.867958144792778052e-04	-2.825851667908922064e-04
1.105027197753992094e-02	9.947971360440553440e-05	-9.971044790456670259e-04	-3.073903908907137821e-04
1.108361115985260180e-02	1.072112120286345185e-04	-9.919501467622977506e-04	-2.851623329298934978e-04
1.111695034216530174e-02	8.627173713200806272e-05	-9.545812377438796237e-04	-2.796858548814009152e-04
1.115028952447795832e-02	1.117212527758744064e-04	-9.262324101995160963e-04	-2.941824144231332716e-04
1.118362870679066173e-02	9.980185937079326549e-05	-9.410511155033560518e-04	-2.800080006486358689e-04
1.121696788910334260e-02	1.226742088755937400e-04	-9.884065433224738673e-04	-2.803301464158085895e-04
1.125030707141604601e-02	8.917104904059046724e-05	-9.706885261154277406e-04	-2.919273940491553241e-04
1.128364625372870259e-02	9.368108978626590562e-05	-9.607020073324884762e-04	-2.780751260420280210e-04
1.131698543604140600e-02	9.464752708673641630e-05	-9.378296578381605138e-04	-2.864509159995566384e-04
1.135032461835408686e-02	1.056004831897147667e-04	-9.665006311404870064e-04	-2.793637091144887826e-04
1.138366380066679028e-02	1.075333577959359881e-04	-9.739099837922645742e-04	-2.758201056696121378e-04
1.141700298297944685e-02	1.236406461791925398e-04	-9.520040716133023120e-04	-2.754979599004875822e-04
1.145034216529214853e-02	1.162312935214168539e-04	-9.429839901178662699e-04	-2.709879191560481343e-04
1.148368134760483286e-02	1.107548154723391137e-04	-9.600577157867257357e-04	-2.713100649229592369e-04
1.151702052991753454e-02	1.110769612422503799e-04	-9.578026954291067726e-04	-2.883837906050605517e-04
1.155035971223019112e-02	8.723817443306630583e-05	-9.375075120753479123e-04	-2.767865429702171302e-04
1.158369889454289800e-02	1.152648562184058949e-04	-9.497490512338258332e-04	-2.771086887397306974e-04
1.161703807685558060e-02	1.065669204922713501e-04	-9.600577157959363584e-04	-2.796858548805536654e-04
1.165037725916828228e-02	1.258956665510193760e-04	-9.716549634292785936e-04	-2.648671495724942118e-04
1.168371644148094059e-02	1.030233170463502391e-04	-9.317088882669938722e-04	-2.761422514395176441e-04
1.171705562379363880e-02	1.126876900769315112e-04	-9.532926546954056425e-04	-2.858066244639764536e-04
1.175039480610632833e-02	1.017347339766872341e-04	-9.323531798117802886e-04	-2.716322106920200413e-04
1.178373398841902654e-02	1.049561916542654315e-04	-9.300981594372260877e-04	-2.835516040926033018e-04
1.181707317073168312e-02	1.001240051385499238e-04	-9.368632205484973439e-04	-2.635785665014656271e-04
1.185041235304438306e-02	1.059226289575383202e-04	-9.465275935724413742e-04	-2.523034646358106206e-04
1.188375153535707260e-02	1.101105239365624715e-04	-9.590912785068537788e-04	-2.655114411081403161e-04
1.191709071766977081e-02	1.113991070077889774e-04	-9.194673491098097297e-04	-2.771086887423340295e-04
1.195042989998242912e-02	1.043119001183572350e-04	-9.455611562671560437e-04	-2.584242342209909006e-04
1.198376908229512559e-02	1.075333577960652250e-04	-9.255881186833643266e-04	-2.725986479947056719e-04
1.201710826460781860e-02	9.432538132223718922e-05	-9.156015998929572944e-04	-2.787194175789082184e-04
1.205044744692051507e-02	1.068890662595723318e-04	-9.288095763547049057e-04	-2.703436276194266276e-04
1.208378662923317338e-02	1.204191885017462220e-04	-8.914406673229856781e-04	-2.651892953405127185e-04
1.211712581154586986e-02	1.068890662592478571e-04	-8.698569009088627166e-04	-2.700214818525165008e-04
1.215046499385856286e-02	9.400323555493574675e-05	-8.254007849970178062e-04	-2.568135053839605336e-04
1.218380417617125934e-02	1.117212527757438550e-04	-8.762998162518568840e-04	-2.626121291993643273e-04
1.221714335848391765e-02	1.030233170471979903e-04	-8.398973445327230286e-04	-2.668000241791062882e-04
1.225048254079661413e-02	1.059226289563643461e-04	-8.859641892781392131e-04	-2.639007122697446133e-04
1.228382172310930887e-02	1.023790255144833654e-04	-8.827427315979898166e-04	-2.680886072487039429e-04
1.231716090542200708e-02	1.043119001201180877e-04	-8.788769823958161777e-04	-2.651892953383664861e-04
1.235050008773466192e-02	9.464752709123207416e-05	-8.811320027667587929e-04	-2.632564207334476625e-04
1.238383927004735839e-02	1.065669204935085738e-04	-8.985278742055884376e-04	-2.841958956247352358e-04
1.241717845236005660e-02	1.233185004112382450e-04	-8.676018805260488466e-04	-2.497262984968740018e-04
1.245051763467275134e-02	1.252513750185042037e-04	-9.101251218330956051e-04	-2.735650852963495468e-04
1.248385681698540618e-02	9.464752708953741195e-05	-9.407289697444295561e-04	-2.548806307768935802e-04
1.251719599929810092e-02	1.017347339775348633e-04	-9.081922472387533906e-04	-2.610014003612921504e-04
1.255053518161080087e-02	1.017347339787077397e-04	-9.259102644523885392e-04	-2.587463799884879602e-04
1.258387436392349561e-02	1.120433985447378454e-04	-8.878970638822030349e-04	-2.687328987808353890e-04
1.261721354623615045e-02	1.104326697052326244e-04	-8.940178334689957403e-04	-2.696993360836521538e-04
1.265055272854884519e-02	1.004461509076786670e-04	-8.663132974773750470e-04	-2.626121291993005762e-04
1.268389191086154513e-02	1.159091477543765280e-04	-8.688904636124819385e-04	-2.568135053820082107e-04
1.271723109317423987e-02	1.104326697044498575e-04	-8.608368194229088898e-04	-2.477934238915017106e-04
1.275057027548689298e-02	1.030233170489553329e-04	-9.072258099436920865e-04	-2.642228580369805429e-04
1.278390945779958945e-02	1.097883781687394872e-04	-9.162458914266709709e-04	-2.510148815650417565e-04
1.281724864011228940e-02	1.178420223592279413e-04	-9.143130168254562156e-04	-2.629342749671213244e-04
1.285058782242498587e-02	1.168755850583020792e-04	-9.394403866862209573e-04	-2.680886072464280399e-04
1.288392700473764245e-02	1.139762731480255411e-04	-9.226888067811047723e-04	-2.629342749677741767e-04
1.291726618705038403e-02	1.220299173383832268e-04	-8.949842707760100480e-04	-2.471491323559865238e-04
1.295060536936307877e-02	1.304057072993010738e-04	-9.233330983108563404e-04	-2.622899834310865336e-04
1.298394455167573187e-02	1.162312935220696113e-04	-9.474940308577174284e-04	-2.629342749660159261e-04
1.301728373398842488e-02	9.303679825074855038e-05	-9.033600607027451011e-04	-2.539141934749883584e-04
1.305062291630112829e-02	1.168755850586910910e-04	-9.397625324318146936e-04	-2.593906715216608367e-04
1.308396209861382303e-02	9.593611015952364473e-05	-9.455611562539422213e-04	-2.542363392426159018e-04
1.311730128092647614e-02	1.088219408648170123e-04	-9.722992549472105148e-04	-2.680886072491592536e-04
1.315064046323916915e-02	1.052783374218917145e-04	-9.542590919779908153e-04	-2.590685257558545361e-04
1.318397964555187603e-02	1.246070834822709497e-04	-9.152794541136796734e-04	-2.500484442646328420e-04
1.321731882786456730e-02	1.168755850569974452e-04	-9.658563396049272588e-04	-2.545584850100480177e-04
1.325065801017722041e-02	1.078555035622598597e-04	-9.358967832262631145e-04	-2.584242342195576937e-04
1.328399719248991341e-02	1.226742088752024785e-04	-9.449168647180443111e-04	-2.503705900319338779e-04
1.331733637480262029e-02	1.175198765931007575e-04	-9.607020073173748063e-04	-2.523034646376983250e-04
1.335067555711531156e-02	1.065669204931190607e-04	-9.768092956906075566e-04	-2.722765022261666940e-04
1.338401473942796467e-02	1.165534392891742576e-04	-9.410511155111912556e-04	-2.735650852960267798e-04
1.341735392174065594e-02	1.210634800374576901e-04	-9.220445152419566408e-04	-2.661557326435264287e-04
1.345069310405336456e-02	1.062447747263396480e-04	-9.381518036100001826e-04	-2.500484442624857423e-04
1.348403228636605583e-02	1.255735207857388593e-04	-9.178566202630464256e-04	-2.642228580356143397e-04
1.351737146867870894e-02	1.175198765941428384e-04	-9.149573083531900835e-04	-2.684107530137269074e-04
1.355071065099140194e-02	1.178420223587702860e-04	-9.603798615706887363e-04	-2.523034646373731186e-04
1.358404983330411056e-02	1.062447747252326098e-04	-9.233330983142043567e-04	-2.597128172905887721e-04
1.361738901561680357e-02	1.107548154722732756e-04	-9.329974713276976538e-04	-2.603571088266889402e-04
1.365072819792945320e-02	1.081776493309303920e-04	-9.948494586821230064e-04	-2.677664614819876172e-04
1.368406738024214621e-02	1.239627919466911986e-04	-9.987152078801727739e-04	-2.642228580373067793e-04
1.371740656255485483e-02	1.059226289574725092e-04	-1.009023872441130142e-03	-2.597128172903922605e-04
1.375074574486754783e-02	1.084997950974480783e-04	-9.980709163530338077e-04	-2.571356511502864923e-04
1.378408492718019747e-02	1.265399580867310474e-04	-9.877622517940056694e-04	-2.690550445508699154e-04
1.381742410949288874e-02	1.001240051407676322e-04	-9.610241530901872213e-04	-2.622899834322583936e-04
1.385076329180559909e-02	9.142606941293823547e-05	-9.426618443418552417e-04	-2.436055289140384445e-04
1.388410247411829210e-02	1.130098358459918412e-04	-9.352524916994728278e-04	-2.526256104052600031e-04
1.391744165643094173e-02	1.072112120273316192e-04	-9.136687252701464245e-04	-2.613235461289204527e-04
1.395078083874363301e-02	9.432538132321447550e-05	-8.927292503822549519e-04	-2.593906715238073401e-04
1.398412002105634509e-02	1.068890662609426955e-04	-8.904742300157997411e-04	-2.590685257562448489e-04
1.401745920336903636e-02	1.014125882092563108e-04	-8.956285623066497946e-04	-2.442498204477962752e-04
1.405079838568168600e-02	1.155870019883792181e-04	-8.762998162611515323e-04	-2.510148815664080138e-04
1.408413756799437727e-02	9.851327630060947751e-05	-9.191452033367470808e-04	-2.555249223121498596e-04
1.411747675030708936e-02	1.101105239387774966e-04	-9.320310340324820678e-04	-2.465048408200151047e-04
1.415081593261978063e-02	9.786898476568084405e-05	-8.875749181288142102e-04	-2.658335868738815645e-04
1.418415511493243027e-02	1.239627919469496182e-04	-9.007828945864073756e-04	-2.590685257567001054e-04
1.421749429724511980e-02	1.239627919485153146e-04	-9.339639086337589479e-04	-2.713100649236754066e-04
1.425083347955783362e-02	1.052783374222828676e-04	-8.949842707726826316e-04	-2.519813188675978791e-04
1.428417266187052663e-02	1.271842496230939990e-04	-9.072258099378531157e-04	-2.577799426865163852e-04
1.431751184418317800e-02	1.184863138970251840e-04	-9.014271861228278712e-04	-2.519813188699400268e-04
1.435085102649586580e-02	1.294392699971374323e-04	-9.130244337533847910e-04	-2.687328987833732894e-04
1.438419020880858309e-02	1.072112120283100575e-04	-9.226888067721488286e-04	-2.455384035183057981e-04
1.441752939112127090e-02	1.065669204937708423e-04	-9.152794541039424537e-04	-2.532699019389536761e-04
1.445086857343392227e-02	1.175198765925775622e-04	-9.014271861181913890e-04	-2.539141934742077328e-04
1.448420775574661007e-02	8.401671675679282369e-05	-8.914406673229599825e-04	-2.477934238900693169e-04
1.451754693805932910e-02	1.333050192093816289e-04	-8.791991281659128831e-04	-2.648671495730802231e-04
1.455088612037201516e-02	1.136541273805275598e-04	-9.107694133724175342e-04	-2.526256104046088855e-04
1.458422530268466653e-02	1.149427104493442773e-04	-9.191452033290878430e-04	-2.500484442621594516e-04
1.461756448499735260e-02	1.107548154727961592e-04	-9.603798615673107960e-04	-2.474712781221814566e-04
1.465090366731007336e-02	1.062447747259492539e-04	-9.281652848177071808e-04	-2.552027765443918867e-04
1.468424284962275943e-02	1.200970427342504227e-04	-8.782326908574381551e-04	-2.593906715220503363e-04
1.471758203193541080e-02	1.226742088771574305e-04	-9.001386030505591218e-04	-2.709879191561134033e-04
1.475092121424809687e-02	1.284728326924947897e-04	-9.413732612819292666e-04	-2.600349630588668910e-04
1.478426039656081763e-02	9.239250671627669128e-05	-9.500711970063628609e-04	-2.552027765461495953e-04
1.481759957887350369e-02	1.123655443117152470e-04	-9.462054477910933608e-04	-2.490820069596035458e-04
1.485093876118615507e-02	1.091440866334196465e-04	-9.188230575577142727e-04	-2.722765022259711581e-04
1.488427794349884113e-02	1.075333577942398487e-04	-8.859641892778489722e-04	-2.448941119816835325e-04
1.491761712581156189e-02	1.149427104511021078e-04	-9.117358506736968462e-04	-2.571356511509367967e-04
1.495095630812424796e-02	1.281506869266283702e-04	-9.445947189536746868e-04	-2.558470680795155681e-04
1.498429549043689933e-02	1.159091477541163872e-04	-9.793864618185099246e-04	-2.597128172913036408e-04
1.501763467274958540e-02	1.056004831888023428e-04	-9.455611562484429310e-04	-2.616456918974588886e-04
1.505097385506230789e-02	1.033454628148242733e-04	-9.671449226684328358e-04	-2.610014003627890542e-04
1.508431303737499223e-02	1.020568797449023337e-04	-9.578026954166974282e-04	-2.494041527283371380e-04
1.511765221968764360e-02	1.200970427324234607e-04	-9.578026954069765800e-04	-2.603571088267556729e-04
1.515099140200033834e-02	1.136541273794205352e-04	-9.410511155142433932e-04	-2.648671495723653544e-04
1.518433058431305216e-02	1.030233170453073179e-04	-9.429839901105331601e-04	-2.555249223117579747e-04
1.521766976662574690e-02	1.004461509091746221e-04	-9.648899022889490928e-04	-2.635785665012043886e-04
1.525100894893838786e-02	1.184863138944180301e-04	-9.465275935475742216e-04	-2.574577969188894381e-04
1.528434813125108260e-02	1.255735207859355607e-04	-9.262324102065068150e-04	-2.519813188703965302e-04
1.531768731356379643e-02	1.126876900777133564e-04	-9.278431390515105674e-04	-2.419948000755104962e-04
1.535102649587649117e-02	1.165534392906748882e-04	-9.159237456446557395e-04	-2.651892953405125559e-04
1.538436567818913213e-02	9.496967285925021491e-05	-9.127022879687976152e-04	-2.593906715247185578e-04
1.541770486050182340e-02	1.101105239376051759e-04	-9.342860543904538302e-04	-2.542363392430712667e-04
1.545104404281455283e-02	1.123655443109332390e-04	-9.938830213656888249e-04	-2.587463799883567175e-04
1.548438322512723543e-02	8.788246596792956191e-05	-9.136687252777577406e-04	-2.629342749665368310e-04
1.551772240743988507e-02	1.101105239373470273e-04	-9.497490512332219326e-04	-2.626121291986481033e-04
1.555106158975256767e-02	1.265399580871882825e-04	-9.391182409128043165e-04	-2.616456918964167534e-04
1.558440077206529710e-02	1.056004831884754694e-04	-9.481383224029730876e-04	-2.677664614789285408e-04
1.561773995437797970e-02	1.165534392898931649e-04	-9.613462988661681087e-04	-2.432833831447844895e-04
1.565107913669063280e-02	1.188084596625668308e-04	-9.581248411888668029e-04	-2.532699019394086615e-04
1.568441831900332234e-02	1.139762731482868202e-04	-9.571584038819777205e-04	-2.390954881651088547e-04
1.571775750131602922e-02	1.094662324018963776e-04	-9.590912784950128816e-04	-2.561692138480546003e-04
1.575109668362871876e-02	1.130098358444263482e-04	-9.288095763518651633e-04	-2.597128172892221895e-04
1.578443586594137707e-02	1.165534392888478043e-04	-9.719771091888390223e-04	-2.523034646369177536e-04
1.581777504825406661e-02	1.052783374225432929e-04	-9.929165840711713566e-04	-2.458605492859321489e-04
1.585111423056677349e-02	9.754683899772818910e-05	-9.507154885374612249e-04	-2.626121291991043356e-04
1.588445341287946302e-02	1.084997951014226957e-04	-9.468497393323023438e-04	-2.610014003610981867e-04
1.591779259519212134e-02	9.722469323036075938e-05	-9.574805496655603831e-04	-2.713100649230249396e-04
1.595113177750481087e-02	1.207413342697664092e-04	-9.491047597152934808e-04	-2.535920477070362049e-04
1.598447095981752816e-02	1.001240051393337613e-04	-9.529705089123443728e-04	-2.642228580373065083e-04
1.601781014213020729e-02	9.335894401739922759e-05	-9.413732613002262625e-04	-2.381290508622256011e-04
1.605114932444286560e-02	1.200970427330773160e-04	-9.300981594335387161e-04	-2.439276746817303895e-04
1.608448850675555514e-02	9.819113053513281507e-05	-9.207559321786569538e-04	-2.516591731017911449e-04
1.611782768906827243e-02	9.980185937040314244e-05	-9.049707895761398800e-04	-2.642228580363305637e-04
1.615116687138095156e-02	1.020568797462044470e-04	-9.214002237118077126e-04	-2.651892953403181042e-04
1.618450605369360987e-02	1.004461509070257198e-04	-9.281652848337430730e-04	-2.622899834310859915e-04
1.621784523600629940e-02	1.081776493313231984e-04	-9.300981594326305883e-04	-2.696993360854722582e-04
1.625118441831901669e-02	1.004461509059827580e-04	-9.194673491085189870e-04	-2.687328987830468903e-04
1.628452360063169582e-02	1.200970427324231490e-04	-9.030379149749185111e-04	-2.661557326433304591e-04
1.631786278294435413e-02	1.059226289577995316e-04	-9.259102644484667631e-04	-2.523034646375674618e-04
1.635120196525704367e-02	1.136541273806605779e-04	-9.059372268671366185e-04	-2.648671495717802105e-04
1.638454114756976096e-02	1.056004831891273053e-04	-8.859641892755198891e-04	-2.448941119804481383e-04
1.641788032988244009e-02	1.159091477537258847e-04	-9.197894948560366400e-04	-2.622899834313476637e-04
1.645121951219509840e-02	1.191306054319533160e-04	-9.188230575489572801e-04	-2.535920477069715322e-04
1.648455869450778100e-02	1.027011712802199111e-04	-9.636013192243870693e-04	-2.523034646364613045e-04
1.651789787682050523e-02	9.947971360296941376e-05	-9.091586845162128892e-04	-2.600349630563929585e-04
1.655123705913318435e-02	1.097883781688697676e-04	-9.052929353137464073e-04	-2.561692138480540582e-04
1.658457624144584266e-02	1.068890662603543126e-04	-9.181787660181692148e-04	-2.455384035163519574e-04
1.661791542375853220e-02	1.068890662605500653e-04	-9.281652848055782111e-04	-2.600349630610785550e-04
1.665125460607124949e-02	8.723817443306579084e-05	-9.333196170974223695e-04	-2.645450038055181113e-04
1.668459378838393209e-02	1.242849377121008981e-04	-9.181787660237986093e-04	-2.519813188694204772e-04
1.671793297069659387e-02	1.091440866355691857e-04	-9.159237456599481943e-04	-2.613235461290508281e-04
1.675127215300927647e-02	1.297614157639819920e-04	-9.339639086311074230e-04	-2.610014003618135433e-04
1.678461133532200417e-02	1.149427104544942376e-04	-9.265545559869713121e-04	-2.639007122700048219e-04
1.681795051763467982e-02	1.056004831885419310e-04	-8.843534604472956832e-04	-2.593906715231549757e-04
1.685128969994733814e-02	1.049561916543943025e-04	-8.772662535674088501e-04	-2.606792545929497384e-04
1.688462888226002073e-02	9.271465248188367483e-05	-9.017493319016180349e-04	-2.600349630587374373e-04
1.691796806457274843e-02	1.194527511993867330e-04	-8.901520842674998362e-04	-2.610014003609665645e-04
1.695130724688542409e-02	1.184863138953301423e-04	-8.685683178488211656e-04	-2.584242342207308547e-04
1.698464642919808240e-02	1.239627919466231108e-04	-8.869306265902622815e-04	-2.390954881668660211e-04
1.701798561151076500e-02	1.188084596645228264e-04	-9.091586845329693422e-04	-2.419948000748599749e-04
1.705132479382349270e-02	1.223520631084216157e-04	-8.885413554232638074e-04	-2.419948000731044348e-04
1.708466397613616836e-02	1.188084596649135999e-04	-8.804877112307487761e-04	-2.597128172916296062e-04
1.711800315844882667e-02	1.162312935237008071e-04	-8.427966564221377145e-04	-2.729207937638939243e-04
1.715134234076150926e-02	1.049561916536775500e-04	-8.882192096520080899e-04	-2.439276746799076559e-04
1.718468152307423696e-02	1.175198765915998151e-04	-8.959507080699524555e-04	-2.642228580382816939e-04
1.721802070538691262e-02	1.142984189183265644e-04	-8.859641892872003243e-04	-2.506927357986502578e-04
1.725135988769957093e-02	1.123655443098888271e-04	-8.895077927303761270e-04	-2.610014003609687329e-04
1.728469907001225353e-02	9.496967285794723429e-05	-9.397625324517723620e-04	-2.613235461295701067e-04
1.731803825232498123e-02	9.722469322997001292e-05	-8.637361313268238040e-04	-2.622899834308926241e-04
1.735137743463765689e-02	1.200970427332701549e-04	-9.242995356110027694e-04	-2.619678376661281876e-04
1.738471661695031520e-02	1.236406461792599501e-04	-9.172123287263915254e-04	-2.622899834321922030e-04
1.741805579926299780e-02	1.027011712776135569e-04	-8.759776704868589645e-04	-2.568135053823323872e-04
1.745139498157572550e-02	1.110769612394447764e-04	-8.933735419220504605e-04	-2.519813188704608776e-04
1.748473416388840115e-02	1.146205646830191589e-04	-9.230109525354416233e-04	-2.494041527282718149e-04
1.751807334620105946e-02	1.139762731485462427e-04	-9.452390104925671634e-04	-2.610014003627261162e-04
1.755141252851373512e-02	1.200970427330765164e-04	-9.349303459421711175e-04	-2.526256104045455139e-04
1.758475171082646976e-02	1.104326697061477181e-04	-9.127022879831690402e-04	-2.571356511506117529e-04
1.761809089313914542e-02	1.004461509062433731e-04	-9.175344744960802455e-04	-2.500484442627452461e-04
1.765143007545180373e-02	1.155870019886400365e-04	-9.481383224087133960e-04	-2.584242342189070640e-04
1.768476925776455572e-02	1.136541273806591278e-04	-9.127022879870829017e-04	-2.603571088264940007e-04
1.771810844007722444e-02	1.197748969657749926e-04	-9.052929353322544974e-04	-2.651892953390173327e-04
1.775144762238989316e-02	1.207413342678082452e-04	-9.204337864085021352e-04	-2.503705900310235818e-04
1.778478680470256187e-02	9.722469322977451772e-05	-9.503933427769142806e-04	-2.561692138478594981e-04
1.781812598701523059e-02	1.165534392900230659e-04	-9.539369462090668914e-04	-2.658335868747280012e-04
1.785146516932798258e-02	1.107548154742937947e-04	-9.639234650171179045e-04	-2.610014003614874152e-04
1.788480435164064089e-02	9.851327630048040324e-05	-9.275209932899431721e-04	-2.558470680810780661e-04
1.791814353395331655e-02	1.097883781679584821e-04	-9.590912784987594506e-04	-2.529477561717812808e-04
1.795148271626605119e-02	1.101105239355859442e-04	-9.259102644491369084e-04	-2.465048408204718248e-04
1.798482189857872685e-02	1.200970427350960326e-04	-9.658563396016651113e-04	-2.442498204476006309e-04
1.801816108089138516e-02	1.072112120257011825e-04	-9.420175528073374124e-04	-2.552027765465390407e-04
1.805150026320406081e-02	1.229963546419170152e-04	-9.487826139179087077e-04	-2.465048408208618666e-04
1.808483944551679545e-02	1.075333577966533369e-04	-9.761650041677452259e-04	-2.500484442624187928e-04
1.811817862782947111e-02	1.281506869263016729e-04	-9.423396985806744728e-04	-2.564913596147060906e-04
1.815151781014212942e-02	1.168755850558245147e-04	-9.433061358861325168e-04	-2.645450038045424378e-04
1.818485699245480508e-02	1.120433985439567320e-04	-9.520040715998008508e-04	-2.661557326403374648e-04
1.821819617476753972e-02	1.200970427352931677e-04	-9.081922472258767550e-04	-2.529477561720423567e-04
1.825153535708021538e-02	1.159091477537890395e-04	-9.246216813577881524e-04	-2.732429395278790363e-04
1.828487453939287369e-02	1.043119001191399612e-04	-9.449168647136934078e-04	-2.610014003605126633e-04
1.831821372170554935e-02	1.181641681292689864e-04	-9.394403866735778590e-04	-2.684107530156807481e-04
1.835155290401828398e-02	1.020568797446402278e-04	-8.895077927269377967e-04	-2.439276746797135295e-04
1.838489208633095964e-02	1.236406461769763493e-04	-9.391182409190502968e-04	-2.403840712371134924e-04
1.841823126864361795e-02	1.162312935222006372e-04	-9.526483631497145678e-04	-2.484377154253899437e-04
1.845157045095629361e-02	1.104326697045175795e-04	-9.481383223964465158e-04	-2.600349630580859944e-04
1.848490963326902825e-02	1.168755850565421074e-04	-9.297760136621470396e-04	-2.468269865871235320e-04
1.851824881558170391e-02	1.188084596625025105e-04	-9.127022879879566602e-04	-2.561692138478593897e-04
1.855158799789436222e-02	1.039897543511873062e-04	-8.936956877126937728e-04	-2.568135053820079939e-04
1.858492718020703788e-02	1.242849377139897680e-04	-9.313867424992476086e-04	-2.465048408206663849e-04
1.861826636251977252e-02	1.223520631073797245e-04	-9.381518036162266472e-04	-2.487598611924297953e-04
1.865160554483244817e-02	1.117212527763927364e-04	-9.645677565521742569e-04	-2.661557326437858240e-04
1.868494472714510649e-02	1.294392699978550115e-04	-9.394403866883559683e-04	-2.423169458429432356e-04
1.871828390945778214e-02	1.113991070068773667e-04	-8.898299385048686217e-04	-2.616456918970670579e-04
1.875162309177051678e-02	1.030233170471319759e-04	-8.982057284580537626e-04	-2.716322106909770931e-04
1.878496227408319244e-02	1.178420223620320676e-04	-9.426618443663186374e-04	-2.487598611941226685e-04
1.881830145639585075e-02	1.130098358457309009e-04	-9.233330983179056060e-04	-2.487598611932102582e-04
1.885164063870852641e-02	1.149427104517560037e-04	-8.753333789560570214e-04	-2.564913596139910051e-04
1.888497982102126105e-02	9.947971360375357653e-05	-8.769441077934861037e-04	-2.622899834296539773e-04
1.891831900333393671e-02	1.313721446020553343e-04	-8.582596532887224860e-04	-2.632564207345545245e-04
1.895165818564659502e-02	1.068890662598995169e-04	-8.785548366389066234e-04	-2.616456918969379294e-04
1.898499736795927068e-02	1.149427104507125133e-04	-8.550381955997956055e-04	-2.703436276200785041e-04
