# Time (s)	Generation (V)	PC (V)	PL (V)
1.500263204070890169e-05	1.188084596641974708e-04	3.446896720705325788e-03	-2.610014003616834932e-04
4.834181435339528833e-05	1.229963546417251385e-04	-5.667177205080685745e-04	-2.542363392415100155e-04
8.168099666608183592e-05	1.007682966747827305e-04	-9.661784845489118905e-04	-2.529477561709358199e-04
1.150201789787680921e-04	1.149427104521462081e-04	-9.681113599375328104e-04	-2.548806307770910677e-04
1.483593612914544161e-04	1.226742088765723950e-04	-9.677892142030590852e-04	-2.658335868735557076e-04
1.816985436041414854e-04	1.091440866342680753e-04	-9.835743568097612879e-04	-2.684107530160058461e-04
2.150377259168277959e-04	1.213856258031939241e-04	-9.503933427627152437e-04	-2.581020884541425191e-04
2.483769082295139165e-04	1.091440866357657651e-04	-9.474940308556783694e-04	-2.748536683689423101e-04
2.817160905422001998e-04	1.188084596636079495e-04	-9.529705088965231526e-04	-2.539141934744689171e-04
3.150552728548863747e-04	1.200970427332719167e-04	-9.542590919727591062e-04	-2.613235461297658594e-04
3.483944551675727122e-04	1.213856258076265220e-04	-9.268767017470816482e-04	-2.661557326400112284e-04
3.817336374802589413e-04	1.107548154722756066e-04	-9.249438271359469851e-04	-2.626121291997552906e-04
4.150728197929463088e-04	9.303679825081513394e-05	-9.107694133738538853e-04	-2.555249223122137191e-04
4.484120021056323211e-04	1.056004831898459009e-04	-9.671449226748795019e-04	-2.706657733882252719e-04
4.817511844183182249e-04	1.136541273831344020e-04	-9.339639086331770566e-04	-2.526256104059765523e-04
5.150903667310046709e-04	1.004461509046793844e-04	-9.239773898422601241e-04	-2.506927357985856935e-04
5.484295490436907373e-04	1.236406461793238367e-04	-9.197894948523920944e-04	-2.651892953392764570e-04
5.817687313563794059e-04	1.094662324027420282e-04	-9.465275935479092401e-04	-2.532699019392132883e-04
6.151079136690657976e-04	1.113991070075937397e-04	-9.326753255554692985e-04	-2.610014003618788122e-04
6.484470959817520809e-04	1.171977308261909695e-04	-9.391182409128170016e-04	-2.497262984975896836e-04
6.817862782944378221e-04	1.104326697047764328e-04	-9.371853663151609231e-04	-2.613235461287892643e-04
7.151254606071238886e-04	1.175198765934274954e-04	-9.294538678900318750e-04	-2.571356511491133313e-04
7.484646429198103888e-04	9.174821517893717165e-05	-8.756555247303151115e-04	-2.632564207345544161e-04
7.818038252324961300e-04	1.184863138951361921e-04	-8.498838633220194040e-04	-2.677664614819876172e-04
8.151430075451824133e-04	1.065669204926624625e-04	-8.753333789546954803e-04	-2.542363392434612000e-04
8.484821898578681545e-04	1.081776493300834268e-04	-8.936956876932841687e-04	-2.684107530161357336e-04
8.818213721705542209e-04	1.097883781684139826e-04	-8.701790466748090961e-04	-2.548806307773497583e-04
9.151605544832444074e-04	1.094662324006565924e-04	-8.621254024970620910e-04	-2.561692138468827946e-04
9.484997367959307991e-04	9.658040169282562258e-05	-8.837091689182021174e-04	-2.655114411058617568e-04
9.818389191086165403e-04	1.220299173402725033e-04	-8.685683178423935814e-04	-2.548806307762431674e-04
1.015178101421302607e-03	9.690254746227730900e-05	-8.740447958865524454e-04	-2.655114411071648594e-04
1.048517283733989107e-03	1.084997950983599736e-04	-8.956285623095744299e-04	-2.523034646375025723e-04
1.081856466046675824e-03	1.175198765932952905e-04	-8.891856469580745881e-04	-2.603571088264288401e-04
1.115195648359362541e-03	9.496967285677456122e-05	-8.708233382055333019e-04	-2.519813188683783962e-04
1.148534830672048607e-03	1.014125882080841798e-04	-8.975614369138429490e-04	-2.429612373776770650e-04
1.181874012984734674e-03	1.020568797454875860e-04	-8.956285623235866588e-04	-2.616456918971979211e-04
1.215213195297422692e-03	9.947971360381712433e-05	-9.110915591629394159e-04	-2.539141934745340777e-04
1.248552377610108758e-03	9.335894401902921714e-05	-8.659911517167607738e-04	-2.709879191574805280e-04
1.281891559922794608e-03	1.065669204925974239e-04	-8.798434197174574570e-04	-2.703436276221594676e-04
1.315230742235480241e-03	1.136541273813770865e-04	-8.640582771180095427e-04	-2.874173533032842957e-04
1.348569924548166741e-03	1.094662323992877872e-04	-8.734005043674397195e-04	-2.864509160009901705e-04
1.381909106860852374e-03	1.049561916526997758e-04	-9.027157691914520750e-04	-3.160883266164562252e-04
1.415248289173538223e-03	8.498315405902299449e-05	-8.985278742250093174e-04	-3.073903908915598935e-04
1.448587471486224290e-03	9.658040169569337798e-05	-8.862863350539865268e-04	-3.682759409607586857e-04
1.481926653798910139e-03	7.113088605130707799e-05	-8.750112331994251312e-04	-4.149870772540344035e-04
1.515265836111600543e-03	8.659388289676892133e-05	-9.143130168310317253e-04	-4.832819799731333048e-04
1.548605018424287260e-03	5.921149264616291100e-05	-9.278431390621488676e-04	-6.150395988863936606e-04
1.581944200736973543e-03	1.990970899419381422e-05	-9.565141123620045718e-04	-7.751460453299886724e-04
1.615283383049659826e-03	2.588171691204992628e-07	-9.851850856648683950e-04	-1.008701726728092286e-03
1.648622565362346326e-03	-4.741875644024778707e-05	-1.041882740727454468e-03	-1.264807611811820127e-03
1.681961747675032610e-03	-8.929770623063049031e-05	-1.106956185756435276e-03	-1.603382813290630355e-03
1.715300929987719110e-03	-1.405188832831853480e-04	-1.162687403507781147e-03	-1.977394049089000599e-03
1.748640112300405176e-03	-2.068809114079069608e-04	-1.217774329733265024e-03	-2.376854800405565904e-03
1.781979294613091677e-03	-2.622899834297837563e-04	-1.305720124223643322e-03	-2.839133976203701403e-03
1.815318476925777960e-03	-3.328399065262438580e-04	-1.346310490907599378e-03	-3.360043681452534216e-03
1.848657659238465327e-03	-4.120877653437634625e-04	-1.461638675612049725e-03	-3.902537152919249939e-03
1.881996841551151394e-03	-4.887584580196115483e-04	-1.556993822737374761e-03	-4.464359370202788772e-03
1.915336023863837894e-03	-5.924893951600270674e-04	-1.694227919604115486e-03	-5.050986811324035229e-03
1.948675206176523960e-03	-6.772137320138807946e-04	-1.786039463285733677e-03	-5.634714940329922303e-03
1.982014388489209810e-03	-7.838439810487792111e-04	-1.913931332883814706e-03	-6.307033154889424287e-03
2.015353570801895877e-03	-8.972392911966392635e-04	-1.996078503530053679e-03	-6.978062786103958123e-03
2.048692753114581943e-03	-1.046392781516182219e-03	-2.113661708564409589e-03	-7.959318789694557958e-03
2.082031935427268009e-03	-1.427813370093099828e-03	-2.372666905375583803e-03	-1.041632454540373023e-02
2.115371117739955377e-03	-2.035380287172732037e-03	-2.817228063980819954e-03	-1.411230290921901449e-02
2.148710300052642744e-03	-3.235373269547302602e-03	-3.633867583241912492e-03	-2.207381332048291220e-02
2.182049482365330546e-03	-5.496192260530582789e-03	-5.460111934701097035e-03	-3.655104386336657796e-02
2.215388664678016612e-03	-9.024010545779363388e-03	-8.325276379586448589e-03	-5.924943403036541517e-02
2.248727846990702679e-03	-1.347284356595791766e-02	-1.232278318460833764e-02	-8.703128394785177024e-02
2.282067029303388745e-03	-1.830599647106269032e-02	-1.693623268169605622e-02	-1.167347329541118250e-01
2.315406211616074812e-03	-2.314623656947272651e-02	-2.173362739736109384e-02	-1.468318437760620099e-01
2.348745393928761745e-03	-2.793332260379652321e-02	-2.655163942868029453e-02	-1.763996689127393658e-01
2.382084576241447812e-03	-3.261313408679847314e-02	-3.130618873198275781e-02	-2.054394970237527207e-01
2.415423758554133878e-03	-3.725686523269375328e-02	-3.602820130103331908e-02	-2.338176376950841795e-01
2.448762940866820812e-03	-4.184905304555493200e-02	-4.065389227592025589e-02	-2.624534949400977313e-01
2.482102123179506879e-03	-4.640516052237195210e-02	-4.523802643660882611e-02	-2.907746158325645869e-01
2.515441305492192945e-03	-5.100765697788615938e-02	-4.979413390559192520e-02	-3.188712012373550175e-01
2.548780487804879012e-03	-5.556054297619189564e-02	-5.442079128516707359e-02	-3.471391683326976452e-01
2.582119670117565078e-03	-6.014435495712853325e-02	-5.902328772252320860e-02	-3.757730932129502710e-01
2.615458852430251144e-03	-6.462701316063887425e-02	-6.352334179926799607e-02	-4.041911807162476555e-01
2.648798034742938078e-03	-6.919471783436344225e-02	-6.807075129267756153e-02	-4.323947194785031645e-01
2.682137217055624145e-03	-7.375146954304269420e-02	-7.268001276170150959e-02	-4.604478165551019742e-01
2.715476399368310211e-03	-7.841356290429256359e-02	-7.725287175113365601e-02	-4.889264686331448173e-01
2.748815581680996711e-03	-8.300607277353250213e-02	-8.187405259470294239e-02	-5.174134970094356190e-01
2.782154763993682778e-03	-8.759117328165028082e-02	-8.643918006826795120e-02	-5.458892508582477987e-01
2.815493946306369278e-03	-9.227388394435427632e-02	-9.111899142132706686e-02	-5.755073343025182142e-01
2.848833128619055344e-03	-9.696303751352747247e-02	-9.581619863640883361e-02	-6.047688030975393314e-01
2.882172310931741411e-03	-1.016850499410457825e-01	-1.005549626450186612e-01	-6.339281524682234270e-01
2.915511493244428345e-03	-1.064553842230148151e-01	-1.052537805722371517e-01	-6.635285203178264979e-01
2.948850675557114411e-03	-1.112704967562249403e-01	-1.101020741197613617e-01	-6.936398123932326909e-01
2.982189857869800478e-03	-1.161471391197301944e-01	-1.149587434486718102e-01	-7.238026488498018329e-01
3.015529040182486544e-03	-1.210357008681298280e-01	-1.198653453609369451e-01	-7.545434160939835655e-01
3.048868222495171743e-03	-1.258517798155186496e-01	-1.246633841481576133e-01	-7.854410696121479907e-01
3.082207404807858677e-03	-1.307493616301703410e-01	-1.295703081912352728e-01	-8.155942453377607038e-01
3.115546587120545177e-03	-1.357007417777349179e-01	-1.345113796765343983e-01	-8.467969737251591633e-01
3.148885769433231244e-03	-1.407062424040280701e-01	-1.395062494947891529e-01	-8.780377168373084684e-01
3.182224951745917310e-03	-1.456350723359068899e-01	-1.444515088613096132e-01	-9.093116425740902509e-01
3.215564134058603377e-03	-1.506334857428735241e-01	-1.494273720674835215e-01	-9.410233663271339033e-01
3.248903316371289443e-03	-1.556373756215648219e-01	-1.544589664817744845e-01	-9.724512812913316262e-01
3.282242498683975510e-03	-1.606422319317865610e-01	-1.594837958295622637e-01	-1.004127250508449309e+00
3.315581680996661576e-03	-1.655965113546246370e-01	-1.645008936739930649e-01	-1.035008487508181974e+00
3.348920863309347642e-03	-1.706190856704732084e-01	-1.694712803801881051e-01	-1.066345240924770899e+00
3.382260045622033709e-03	-1.756835389284216453e-01	-1.745186599147194872e-01	-1.097750613531212949e+00
3.415599227934719775e-03	-1.807850389425000592e-01	-1.796011533308722319e-01	-1.129591529792156601e+00
3.448938410247408010e-03	-1.859036126768095765e-01	-1.846820360140298822e-01	-1.161064235373765685e+00
3.482277592560094077e-03	-1.909851396466408502e-01	-1.897890124985470439e-01	-1.193018873892541798e+00
3.515616774872780143e-03	-1.960560358034065254e-01	-1.948972775624166209e-01	-1.224125304109697332e+00
3.548955957185466210e-03	-2.011246769367945608e-01	-1.999585093443934647e-01	-1.255630553724289999e+00
3.582295139498152276e-03	-2.061511169749679351e-01	-2.050558214467686491e-01	-1.287201523754034183e+00
3.615634321810838343e-03	-2.111981743382578824e-01	-2.100432818480311714e-01	-1.318188123215418006e+00
3.648973504123524409e-03	-2.162262251005555580e-01	-2.151090236627596353e-01	-1.350054506737559556e+00
3.682312686436210476e-03	-2.212777925003116819e-01	-2.202131008190315598e-01	-1.381407391979994737e+00
3.715651868748896976e-03	-2.262939238668488506e-01	-2.252388965581444691e-01	-1.412825997937763312e+00
3.748991051061583042e-03	-2.312047135742705262e-01	-2.301883437549434031e-01	-1.442985981127198114e+00
3.782330233374269109e-03	-2.361744559518788866e-01	-2.351774148772713680e-01	-1.473232946654333686e+00
3.815669415686955175e-03	-2.411657820937815333e-01	-2.401726067681639876e-01	-1.504251133548554886e+00
3.849008597999641242e-03	-2.460878469007725111e-01	-2.451465370397841181e-01	-1.534912385331984597e+00
3.882347780312327308e-03	-2.509071472158881932e-01	-2.500415416044544092e-01	-1.566249181376021982e+00
3.915686962625015109e-03	-2.557580178142441762e-01	-2.549075530526359601e-01	-1.595974926086655810e+00
3.949026144937704645e-03	-2.605289962690367500e-01	-2.597529471739362106e-01	-1.626156511256988235e+00
3.982365327250390712e-03	-2.653238135098010542e-01	-2.645513080176973841e-01	-1.656872862958754578e+00
4.015704509563076778e-03	-2.699466049249332200e-01	-2.692433607674126761e-01	-1.686576389147337540e+00
4.049043691875768049e-03	-2.745652084468390708e-01	-2.738725950986151680e-01	-1.715428485046922802e+00
4.082382874188454115e-03	-2.791477316471671632e-01	-2.785076280548626215e-01	-1.743263889170979519e+00
4.115722056501140182e-03	-2.836880537569802518e-01	-2.830550373707574341e-01	-1.771203349705384289e+00
4.149061238813826248e-03	-2.881288328340743665e-01	-2.875557355558922001e-01	-1.799351564393741665e+00
4.182400421126509713e-03	-2.924839211455276256e-01	-2.919523806680204836e-01	-1.827386064424806555e+00
4.215739603439195779e-03	-2.968415866253126811e-01	-2.963725424218644489e-01	-1.854226369412711017e+00
4.249078785751881845e-03	-3.010900447003539981e-01	-3.006516043423362317e-01	-1.879675325128785657e+00
4.282417968064567912e-03	-3.053162747216821571e-01	-3.049245454963399604e-01	-1.905428390225738733e+00
4.315757150377253978e-03	-3.094355523585729517e-01	-3.091266145893635797e-01	-1.931639551113888187e+00
4.349096332689940045e-03	-3.134849243716745781e-01	-3.131737315820367629e-01	-1.957264729635711076e+00
4.382435515002626111e-03	-3.174817866312373837e-01	-3.172685261479201713e-01	-1.981991443057996571e+00
4.415774697315314780e-03	-3.213791058584875016e-01	-3.211829190995126870e-01	-2.005198913893923240e+00
4.449113879628000846e-03	-3.252345461418280070e-01	-3.250699296657731385e-01	-2.028916668075273044e+00
4.482453061940686913e-03	-3.290013963481241421e-01	-3.289292357010344947e-01	-2.052095150601128459e+00
4.515792244253372979e-03	-3.325987978950188939e-01	-3.325707712151085849e-01	-2.074878361103156710e+00
4.549131426566056444e-03	-3.362094074204675653e-01	-3.362380783919237115e-01	-2.097010192465924572e+00
4.582470608878747714e-03	-3.397246618079687308e-01	-3.398406342768405808e-01	-2.117297411308022070e+00
4.615809791191433781e-03	-3.431416617456755080e-01	-3.433488014610612260e-01	-2.137910645169421642e+00
4.649148973504117245e-03	-3.465264471116114020e-01	-3.467519491347842986e-01	-2.159013222726077430e+00
4.682488155816803312e-03	-3.497691662058661222e-01	-3.500549094840500475e-01	-2.179128743207574104e+00
4.715827338129489378e-03	-3.528527453035267269e-01	-3.532193471646894456e-01	-2.198820641924869257e+00
4.749166520442175445e-03	-3.558564322583016026e-01	-3.562997048078688778e-01	-2.217615362214096386e+00
4.782505702754861511e-03	-3.587750727380795146e-01	-3.593053246401145540e-01	-2.235196877245800628e+00
4.815844885067547577e-03	-3.615980359330062122e-01	-3.621846633415309324e-01	-2.251912139450850781e+00
4.849184067380233644e-03	-3.642773221262960437e-01	-3.649171035838895683e-01	-2.268946329065115286e+00
4.882523249692919710e-03	-3.668786490504858389e-01	-3.676327922496196443e-01	-2.284911634896875654e+00
4.915862432005605777e-03	-3.693849429807089524e-01	-3.701748443586547199e-01	-2.300553828119065614e+00
4.949201614318291843e-03	-3.716886072363516091e-01	-3.725110453356265117e-01	-2.314492506543918804e+00
4.982540796630977910e-03	-3.738672789427588405e-01	-3.748172867596746283e-01	-2.328590649021122783e+00
5.015879978943663976e-03	-3.760137360757208613e-01	-3.770130321931181583e-01	-2.341560631790640556e+00
5.049219161256350043e-03	-3.780432543028315884e-01	-3.791105231743007731e-01	-2.353779689436759082e+00
5.082558343569036977e-03	-3.799922360936878185e-01	-3.811200683670474820e-01	-2.365359284887672331e+00
5.115897525881722176e-03	-3.817833664679695094e-01	-3.829923794712944973e-01	-2.376285887843117006e+00
5.149236708194409110e-03	-3.834784974095545862e-01	-3.847625703736418656e-01	-2.387205726338700984e+00
5.182575890507094309e-03	-3.850438036144269716e-01	-3.864000372275584461e-01	-2.396817968137435972e+00
5.215915072819802059e-03	-3.864734864588384999e-01	-3.879028471582949278e-01	-2.405495015691418548e+00
5.249254255132470778e-03	-3.877804317726408212e-01	-3.892606915015682234e-01	-2.413327714580506544e+00
5.282593437445174192e-03	-3.889478879765897457e-01	-3.904703487996489808e-01	-2.420558641870405481e+00
5.315932619757862861e-03	-3.899884187548176007e-01	-3.915888388504563111e-01	-2.427276388163122967e+00
5.349271802070550662e-03	-3.909158763745208542e-01	-3.924644310046350726e-01	-2.433211315709566058e+00
5.382610984383234126e-03	-3.916803282440022294e-01	-3.933000770858171014e-01	-2.438492605683114878e+00
5.415950166695924529e-03	-3.922833850918949206e-01	-3.940326365265219288e-01	-2.442177009430172241e+00
5.449289349008606259e-03	-3.927372884566669442e-01	-3.946150760467944663e-01	-2.445526701761991273e+00
5.482628531321296662e-03	-3.931135546952331250e-01	-3.950805766590661516e-01	-2.446809816240086644e+00
5.515967713633976657e-03	-3.933519425518799961e-01	-3.953730850023270960e-01	-2.447830702501313294e+00
5.549306895946668795e-03	-3.934740357919823683e-01	-3.955686274740919939e-01	-2.448010783086496112e+00
5.582646078259348790e-03	-3.934614721076447608e-01	-3.956114728591798024e-01	-2.448321977822800921e+00
5.615985260572042663e-03	-3.933049092720486972e-01	-3.955628288505487755e-01	-2.447889333384570598e+00
5.649324442884723525e-03	-3.930268974878750043e-01	-3.953515012368988835e-01	-2.446116876414242469e+00
5.682663625197414796e-03	-3.926148730708258761e-01	-3.949697585202019412e-01	-2.443703989737306959e+00
5.716002807510094791e-03	-3.920968627014003727e-01	-3.945023250334427911e-01	-2.439826941611366262e+00
5.749341989822786929e-03	-3.914715777966570887e-01	-3.939147311811413421e-01	-2.434642295905677045e+00
5.782681172135466924e-03	-3.906410860480908354e-01	-3.931515678940120107e-01	-2.429624845036040703e+00
5.816020354448159062e-03	-3.896868903310884980e-01	-3.922933716102257606e-01	-2.423313326929244838e+00
5.849359536760837322e-03	-3.886279972451330278e-01	-3.912953640703448754e-01	-2.416995043942934629e+00
5.882698719073532062e-03	-3.874060984093151694e-01	-3.901540016712638503e-01	-2.409668438916676703e+00
5.916037901386209455e-03	-3.860521198159889700e-01	-3.888686401216679411e-01	-2.401186934779825144e+00
5.949377083698906797e-03	-3.846121283077555963e-01	-3.874727825799151315e-01	-2.392682558570880413e+00
5.982716266011584190e-03	-3.830020438437318209e-01	-3.859528989245870068e-01	-2.383780330420065763e+00
6.016055448324278930e-03	-3.812859734286213054e-01	-3.842903047023448759e-01	-2.372949082707731527e+00
6.049394630636955456e-03	-3.794819572246380113e-01	-3.824930535572069190e-01	-2.362195795363315476e+00
6.082733812949651063e-03	-3.775255660818566117e-01	-3.806310511173270905e-01	-2.350834294027378757e+00
6.116072995262327588e-03	-3.754438602435697381e-01	-3.786240830909218813e-01	-2.338532766804288787e+00
6.149412177575023196e-03	-3.732542355805275602e-01	-3.765069412193177700e-01	-2.325627535891158004e+00
6.182751359887697987e-03	-3.710423828623419795e-01	-3.742780147739921959e-01	-2.312094118219782946e+00
6.216090542200395329e-03	-3.686423970280956475e-01	-3.719521224596352704e-01	-2.297573963754441451e+00
6.249429724513070120e-03	-3.660597545559145516e-01	-3.694825531427742282e-01	-2.281839636596426857e+00
6.282768906825767462e-03	-3.633704818429414618e-01	-3.669047428561432733e-01	-2.264975861814200631e+00
6.316108089138442253e-03	-3.605993841120339050e-01	-3.641600610736246413e-01	-2.247537699690135060e+00
6.349447271451139595e-03	-3.577116696225320913e-01	-3.613206684433224458e-01	-2.229615995926581995e+00
6.382786453763814385e-03	-3.546828552978073534e-01	-3.583488739128647405e-01	-2.210995234063545478e+00
6.416125636076511728e-03	-3.515880010974005154e-01	-3.553168381301067824e-01	-2.192051360194311460e+00
6.449464818389189988e-03	-3.484312949161395001e-01	-3.521366153059595772e-01	-2.171874952595787001e+00
6.482804000701888197e-03	-3.451048179287621864e-01	-3.489435066547463271e-01	-2.151118359829870652e+00
6.516143183014561253e-03	-3.416881401351222758e-01	-3.455699963878185454e-01	-2.129880803381429821e+00
6.549482365327260330e-03	-3.382115432355426998e-01	-3.420917887560920301e-01	-2.108426121907584161e+00
6.582821547639933386e-03	-3.346051216030971887e-01	-3.385343332737386635e-01	-2.086635443183603389e+00
6.616160729952632463e-03	-3.309139756424503420e-01	-3.348799119248077605e-01	-2.063030756283105394e+00
6.649499912265305519e-03	-3.271838500496286883e-01	-3.311520413488681092e-01	-2.039100059154535849e+00
6.682839094578004596e-03	-3.232839536518543611e-01	-3.273665066875593999e-01	-2.014751539959375393e+00
6.716178276890677652e-03	-3.193283260432400739e-01	-3.234308521118719471e-01	-1.989441736798743809e+00
6.749517459203376729e-03	-3.152837862120270729e-01	-3.194236811838770396e-01	-1.963655481139162662e+00
6.782856641516048918e-03	-3.111925352508066456e-01	-3.153472489238308696e-01	-1.938176878726443730e+00
6.816195823828748862e-03	-3.070452309329319562e-01	-3.111931795423138469e-01	-1.912019837816291146e+00
6.849535006141421051e-03	-3.027787326924147315e-01	-3.070320229574179383e-01	-1.885588330702751891e+00
6.882874188454121862e-03	-2.984610132813270700e-01	-3.027265450818362180e-01	-1.859016048393425491e+00
6.916213370766793184e-03	-2.940920726995656653e-01	-2.983891747803771866e-01	-1.831779824476075458e+00
6.949552553079493995e-03	-2.896541929310847974e-01	-2.939319662647997822e-01	-1.803809753275220196e+00
6.982891735392165317e-03	-2.852047159181599900e-01	-2.894783013549520057e-01	-1.775892195140622132e+00
7.016230917704866128e-03	-2.805690386675748771e-01	-2.849566636955351839e-01	-1.747411849826387753e+00
7.049570100017535715e-03	-2.759075897595490989e-01	-2.803387044609574330e-01	-1.718751749819452446e+00
7.082909282330238261e-03	-2.712177920279115195e-01	-2.756215243394160574e-01	-1.689579117683069232e+00
7.116248464642907848e-03	-2.664903032458657561e-01	-2.708827604548977863e-01	-1.659953228487156318e+00
7.149587646955610394e-03	-2.616629492847655225e-01	-2.661027619168174208e-01	-1.629494915828258339e+00
7.182926829268279981e-03	-2.568091793738000450e-01	-2.612290189688026842e-01	-1.599188659617133190e+00
7.216266011580984262e-03	-2.519270606382379429e-01	-2.563800812440637511e-01	-1.568646917547701136e+00
7.249605193893653848e-03	-2.470420425914869877e-01	-2.514351440886720690e-01	-1.538035272881751681e+00
7.282944376206356395e-03	-2.421003268941698261e-01	-2.465829849077372793e-01	-1.507100196349570709e+00
7.316283558519025981e-03	-2.370774304695077439e-01	-2.415787729362831038e-01	-1.475939942618747613e+00
7.349622740831728528e-03	-2.320844935985109381e-01	-2.365590979690206930e-01	-1.444623773133458799e+00
7.382961923144396379e-03	-2.270825366459569561e-01	-2.315117184673841366e-01	-1.413324358298617467e+00
7.416301105457100661e-03	-2.220809018380611455e-01	-2.265674256027363498e-01	-1.381984033827053260e+00
7.449640287769768512e-03	-2.169758582451760676e-01	-2.215148917672870033e-01	-1.350498424274341636e+00
7.482979470082472793e-03	-2.119101164311875951e-01	-2.164040495508378903e-01	-1.318937757478166439e+00
7.516318652395140645e-03	-2.068727234405242643e-01	-2.112896637293663893e-01	-1.287557495307843247e+00
7.549657834707844926e-03	-2.018482162771846333e-01	-2.062393849086887609e-01	-1.255995867495287133e+00
7.582997017020511911e-03	-1.967567027963999238e-01	-2.011617236973040346e-01	-1.224235478106137975e+00
7.616336199333217059e-03	-1.916716322273445405e-01	-1.960586129693305812e-01	-1.192738284642537172e+00
7.649675381645884044e-03	-1.866068568367194314e-01	-1.909706430881203398e-01	-1.161007537683799384e+00
7.683014563958589192e-03	-1.815150211997682561e-01	-1.858659216246879575e-01	-1.129322537840007579e+00
7.716353746271256177e-03	-1.764325277852582807e-01	-1.807959918977912472e-01	-1.097924894557149811e+00
7.749692928583962193e-03	-1.714025441227290392e-01	-1.757225185635233056e-01	-1.066493428110363739e+00
7.783032110896668208e-03	-1.664692041791356325e-01	-1.706889912971548406e-01	-1.035234634014867483e+00
7.816371293209334326e-03	-1.615175019231543385e-01	-1.657079737825379595e-01	-1.004048324757614186e+00
7.849710475522003045e-03	-1.565635446417827648e-01	-1.607414528214745064e-01	-9.733539342866892596e-01
7.883049657834708193e-03	-1.516331039943796810e-01	-1.557501266326963285e-01	-9.428647525557113385e-01
7.916388840147409872e-03	-1.467219920860284854e-01	-1.508570548909642650e-01	-9.122750629675815404e-01
7.949728022460080326e-03	-1.419252419119362563e-01	-1.459662381637410467e-01	-8.822368887921452352e-01
7.983067204772782005e-03	-1.370447338373864121e-01	-1.411340519565049134e-01	-8.523926479268369993e-01
8.016406387085452459e-03	-1.322792317884150803e-01	-1.362751276460140992e-01	-8.225944753236018592e-01
8.049745569398154138e-03	-1.275478771822334823e-01	-1.315257328834021910e-01	-7.931596845811175189e-01
8.083084751710824592e-03	-1.229018911928896618e-01	-1.267834253207390238e-01	-7.634182122104122836e-01
8.116423934023526271e-03	-1.182610595287733324e-01	-1.221928483991236020e-01	-7.346386685045476206e-01
8.149763116336196725e-03	-1.136601739307111086e-01	-1.175375201752485443e-01	-7.061078224267444137e-01
8.183102298648898404e-03	-1.091556099049874329e-01	-1.129794799608560413e-01	-6.779426128264484097e-01
8.216441480961568858e-03	-1.047206293544426514e-01	-1.084961775536207179e-01	-6.506494528228072838e-01
8.249780663274270537e-03	-1.004174064091915702e-01	-1.041217604032366878e-01	-6.239181158821602846e-01
8.283119845586940991e-03	-9.609872046102013732e-02	-9.979373223416762584e-02	-5.976815955829019034e-01
8.316459027899642670e-03	-9.192661082317928056e-02	-9.546473762092570758e-02	-5.720346027016414148e-01
8.349798210212313124e-03	-8.782408466118032941e-02	-9.131678891351446836e-02	-5.465941058226957416e-01
8.383137392525014803e-03	-8.379371914125581522e-02	-8.719944404588809983e-02	-5.215218220683233152e-01
8.416476574837685257e-03	-7.986676240168004426e-02	-8.324607136004853747e-02	-4.968802476587740324e-01
8.449815757150386936e-03	-7.597878529193016761e-02	-7.936228215063176328e-02	-4.729522265129284531e-01
8.483154939463059124e-03	-7.215040514036405450e-02	-7.548976803627238663e-02	-4.493289555949649960e-01
8.516494121775762538e-03	-6.844057462044032814e-02	-7.168393808675170564e-02	-4.262079102061331337e-01
8.549833304088432992e-03	-6.486121312558237872e-02	-6.801244291099020622e-02	-4.039144575098734258e-01
8.583172486401134671e-03	-6.145387745896886689e-02	-6.444242364237774690e-02	-3.820713647779317990e-01
8.616511668713805125e-03	-5.810227300287173352e-02	-6.112013445490791647e-02	-3.612533399885690111e-01
8.649850851026506804e-03	-5.478932603235184273e-02	-5.774662408678205017e-02	-3.406453543578185084e-01
8.683190033339177258e-03	-5.154789541483768833e-02	-5.452001217879050982e-02	-3.206868146556032251e-01
8.716529215651878937e-03	-4.846689338002498765e-02	-5.136008443770728737e-02	-3.017343361917361744e-01
8.749868397964549391e-03	-4.550605170864561316e-02	-4.834963232379844988e-02	-2.834261492691165785e-01
8.783207580277251070e-03	-4.266472610969243573e-02	-4.542809243488450666e-02	-2.657197306290247085e-01
8.816546762589921524e-03	-3.997352043077983391e-02	-4.261286064234159204e-02	-2.485831878261070549e-01
8.849885944902623203e-03	-3.731678434447346926e-02	-3.995386953937812152e-02	-2.320526011695584756e-01
8.883225127215293657e-03	-3.476249060645292266e-02	-3.737444843558723057e-02	-2.162887213738846903e-01
8.916564309527995336e-03	-3.233931018988344536e-02	-3.488265097530035552e-02	-2.014197624367957129e-01
8.949903491840665790e-03	-3.012488022382929509e-02	-3.254709420600520459e-02	-1.875394687650332737e-01
8.983242674153367469e-03	-2.803447637356489691e-02	-3.035199298592229297e-02	-1.743401911703021667e-01
9.016581856466037923e-03	-2.600656879882378911e-02	-2.825095832577154478e-02	-1.619762374633183233e-01
9.049921038778739601e-03	-2.405726478793374437e-02	-2.624850026651018992e-02	-1.498519601594291428e-01
9.083260221091410055e-03	-2.172976164858507475e-02	-2.412684827266657617e-02	-1.348647735571891215e-01
9.116599403404122143e-03	-1.778830822798962985e-02	-2.101653092795848637e-02	-1.091559320328356897e-01
9.149938585716785658e-03	-1.084767772386430011e-02	-1.560222707045695080e-02	-6.506641991782809165e-02
9.183277768029494276e-03	-3.658672806818491323e-03	-8.316578443068441129e-03	-2.184154621223473314e-02
9.216616950342157791e-03	-1.302820812335725702e-03	-3.815557795646381048e-03	-9.228573106800100345e-03
9.249956132654866409e-03	-7.712802961159312019e-04	-2.360747511979111729e-03	-6.316697527804240007e-03
9.283295314967529924e-03	-5.438453842644340149e-04	-1.830817724944163068e-03	-4.756867726345231917e-03
9.316634497280238542e-03	-3.782624597531073613e-04	-1.578577589157065210e-03	-3.639021915599129162e-03
9.349973679592902057e-03	-2.626121291989732013e-04	-1.444564949948946072e-03	-2.866516366396757928e-03
9.383312861905610675e-03	-1.807871042302236974e-04	-1.307652998820204790e-03	-2.277956049885562946e-03
9.416652044218274190e-03	-1.224787202965764551e-04	-1.249022469161190389e-03	-1.827918413084851689e-03
9.449991226530982807e-03	-8.672054009104626399e-05	-1.196834854849796338e-03	-1.538953659827431431e-03
9.483330408843646323e-03	-4.967377681396579033e-05	-1.110821934952482305e-03	-1.269639798325379034e-03
9.516669591156354940e-03	-2.293567809867989854e-05	-1.051224967987201588e-03	-1.103412582350145983e-03
9.550008773469018455e-03	-1.029765903929537083e-06	-1.054768571428761712e-03	-9.471718851497522296e-04
9.583347955781727073e-03	2.023185476312520557e-05	-1.009990309757792006e-03	-8.440852395664112575e-04
9.616687138094390588e-03	4.052703812429943282e-05	-1.000325936736118837e-03	-7.632266519315523490e-04
9.650026320407099206e-03	3.666128891140156402e-05	-9.919501467911791617e-04	-6.859116677368922409e-04
9.683365502719762721e-03	4.793639078142139905e-05	-9.739099838077662800e-04	-6.160060361899237762e-04
9.716704685032471339e-03	5.147999422349710245e-05	-9.774535872514060128e-04	-5.950665613022140159e-04
9.750043867345134854e-03	8.723817443313325532e-05	-9.855072314419472540e-04	-5.499661538510416470e-04
9.783383049657843472e-03	6.307724186036602369e-05	-9.478161766495657231e-04	-5.138858278897248232e-04
9.816722231970506987e-03	6.694299107045769944e-05	-9.223666610221628809e-04	-5.142079736545585944e-04
9.850061414283215605e-03	6.468797069641345297e-05	-9.249438271572002750e-04	-4.836041257388755290e-04
9.883400596595879120e-03	7.886238447306008318e-05	-9.239773898497089183e-04	-4.739397527148044844e-04
9.916739778908587738e-03	6.050007571921445438e-05	-9.677892142281749538e-04	-4.729733154115318126e-04
9.950078961221251253e-03	7.048659451553119474e-05	-9.375075120890795496e-04	-4.533224235940718004e-04
9.983418143533959871e-03	6.597655376790129221e-05	-9.139908710643132855e-04	-4.507452574525985822e-04
1.001675732584662339e-02	1.033454628163233861e-04	-9.178566202721939477e-04	-4.507452574525337469e-04
1.005009650815933200e-02	6.855371990787821656e-05	-8.965949996187211465e-04	-4.204635553037627056e-04
1.008343569047199552e-02	9.110392364654967769e-05	-9.146351625841202260e-04	-4.240071587466872445e-04
1.011677487278470414e-02	8.594959136066600204e-05	-9.181787660322809734e-04	-4.101548907428102710e-04
1.015011405509736939e-02	8.949319480541510405e-05	-9.313867424999515811e-04	-4.127320568827888081e-04
1.018345323741007627e-02	7.660736409986453662e-05	-9.355746374749457665e-04	-4.114434738129946418e-04
1.021679241972273978e-02	9.496967285644930057e-05	-9.323531798011347243e-04	-3.927590192940590380e-04
1.025013160203545014e-02	9.561396439313625247e-05	-9.020714776651607382e-04	-3.888932700844818704e-04
1.028347078434811365e-02	9.786898476626787176e-05	-8.956285623120326415e-04	-3.737524190079521231e-04
1.031680996666082747e-02	7.499663525957732120e-05	-8.962728538388102430e-04	-3.830946462669966796e-04
1.035014914897348579e-02	8.369457098812267085e-05	-9.014271861208998345e-04	-3.695645240301635151e-04
1.038348833128620134e-02	8.627173712998965774e-05	-8.914406673371669341e-04	-3.814839174297060499e-04
1.041682751359887006e-02	7.982882177848500476e-05	-8.695347551455946417e-04	-3.608665883067616476e-04
1.045016669591158041e-02	1.001240051395277386e-04	-8.869306265873456692e-04	-3.550679644927884587e-04
1.048350587822423699e-02	9.819113053311434233e-05	-9.362189290029400597e-04	-3.450814456962120452e-04
1.051684506053694734e-02	9.819113053193966349e-05	-8.907963758016590114e-04	-3.508800695138292376e-04
1.055018424284961606e-02	1.088219408642945217e-04	-8.724340670524867751e-04	-3.466921745327225372e-04
1.058352342516232468e-02	1.033454628154774915e-04	-9.204337864069986721e-04	-3.202762215943736365e-04
1.061686260747498126e-02	9.335894401700926717e-05	-8.891856469533911600e-04	-3.376720930442307558e-04
1.065020178978768987e-02	1.010904424433242292e-04	-8.943399792384749926e-04	-3.073903908906481337e-04
1.068354097210036033e-02	1.027011712798959651e-04	-9.413732612801900979e-04	-3.286520115507967472e-04
1.071688015441306895e-02	1.043119001188144701e-04	-8.943399792360262135e-04	-3.247862623407009514e-04
1.075021933672572552e-02	1.027011712778738874e-04	-8.959507080750078734e-04	-3.080346824274643089e-04
1.078355851903843414e-02	8.981534057265005782e-05	-8.998164572848331606e-04	-3.073903908914931067e-04
1.081689770135110633e-02	1.001240051394644619e-04	-9.197894948566855350e-04	-2.954709974925996837e-04
1.085023688366381321e-02	7.145303181886975897e-05	-9.223666610031611536e-04	-2.874173533015278339e-04
1.088357606597646979e-02	1.178420223615096719e-04	-9.503933427628375417e-04	-3.048132247514510353e-04
1.091691524828917667e-02	1.094662324002679602e-04	-9.439504274207441295e-04	-3.131890147087204742e-04
1.095025443060185580e-02	9.786898476613741513e-05	-9.320310340181642023e-04	-2.822630210211832117e-04
1.098359361291455748e-02	1.020568797454882637e-04	-9.040043522537444297e-04	-2.986924551677684180e-04
1.101693279522721926e-02	1.062447747243181124e-04	-9.500711969927086355e-04	-3.009474755407697162e-04
1.105027197753992094e-02	1.136541273830056530e-04	-9.371853662875697126e-04	-2.912831025139017010e-04
1.108361115985260180e-02	1.052783374240422838e-04	-9.549033835008377503e-04	-2.819408752539466316e-04
1.111695034216530174e-02	9.496967285592708104e-05	-9.916280009922048399e-04	-2.970817263281349901e-04
1.115028952447795832e-02	1.126876900789516373e-04	-9.829300652679539337e-04	-2.838737498589285015e-04
1.118362870679066173e-02	1.030233170490891370e-04	-1.002903102856596588e-03	-2.967595805623943921e-04
1.121696788910334260e-02	9.690254746279944721e-05	-9.677892142135323698e-04	-2.928938313508659859e-04
1.125030707141604601e-02	1.107548154707091242e-04	-9.487826139371028809e-04	-2.864509159981898931e-04
1.128364625372870259e-02	1.113991070062899324e-04	-9.629570276966666455e-04	-2.738872310646292920e-04
1.131698543604140600e-02	1.010904424438438873e-04	-9.603798615593473311e-04	-2.777529802748556799e-04
1.135032461835408686e-02	1.004461509071557157e-04	-9.674670684562805328e-04	-2.870952075348765604e-04
1.138366380066679028e-02	1.136541273796802423e-04	-9.600577157965092508e-04	-2.735650852970024534e-04
1.141700298297944685e-02	1.065669204924031077e-04	-1.009668163983300487e-03	-2.642228580369150029e-04
1.145034216529214853e-02	1.078555035625198785e-04	-9.929165840728646636e-04	-2.703436276209887461e-04
1.148368134760483286e-02	9.529181862414153016e-05	-9.909837094719633512e-04	-2.838737498591901737e-04
1.151702052991753454e-02	1.162312935204392288e-04	-9.858293772008273458e-04	-2.787194175770871382e-04
1.155035971223019112e-02	9.110392364355246854e-05	-9.919501467739308062e-04	-2.713100649245220059e-04
1.158369889454289800e-02	1.171977308263845945e-04	-9.336417628706850536e-04	-2.626121291994956241e-04
1.161703807685558060e-02	9.980185936955554029e-05	-9.790643160654862592e-04	-2.858066244658630738e-04
1.165037725916828228e-02	9.883542206738917479e-05	-9.471718850880406345e-04	-2.696993360867756318e-04
1.168371644148094059e-02	1.149427104499304105e-04	-9.616684446258103947e-04	-2.796858548787976373e-04
1.171705562379363880e-02	8.594959136379327479e-05	-9.455611562626842518e-04	-2.742093768302381594e-04
1.175039480610632833e-02	9.625825592630761105e-05	-9.375075120691425895e-04	-2.880616448369128081e-04
1.178373398841902654e-02	1.110769612384027226e-04	-9.226888067785625350e-04	-2.822630210218337330e-04
1.181707317073168312e-02	1.010904424424749194e-04	-8.962728538487788315e-04	-2.584242342209906295e-04
1.185041235304438306e-02	1.027011712817198777e-04	-8.798434197082964908e-04	-2.610014003612289957e-04
1.188375153535707260e-02	1.220299173434032862e-04	-8.972392911523077545e-04	-2.819408752530356849e-04
1.191709071766977081e-02	1.171977308232574573e-04	-8.563267786881314722e-04	-2.845180413948999749e-04
1.195042989998242912e-02	9.561396439078979502e-05	-8.820984400757825609e-04	-2.622899834326483811e-04
1.198376908229512559e-02	9.078177787840150043e-05	-8.907963758012128622e-04	-2.771086887390808808e-04
1.201710826460781860e-02	9.690254746090824626e-05	-8.669575890115290180e-04	-2.577799426856053301e-04
1.205044744692051507e-02	1.171977308261247655e-04	-8.791991281723166149e-04	-2.780751260435884590e-04
1.208378662923317338e-02	1.033454628171063427e-04	-9.091586845372528081e-04	-2.642228580376959537e-04
1.211712581154586986e-02	1.027011712810682316e-04	-9.130244337456013036e-04	-2.806522921833061912e-04
1.215046499385856286e-02	1.081776493304722895e-04	-9.255881186661216089e-04	-2.754979599012042399e-04
1.218380417617125934e-02	1.110769612402257137e-04	-8.827427315979948039e-04	-2.725986479940554217e-04
1.221714335848391765e-02	1.197748969647952939e-04	-9.101251218488927560e-04	-2.481155696578923962e-04
1.225048254079661413e-02	1.110769612399022690e-04	-9.139908710540759233e-04	-2.548806307778061532e-04
1.228382172310930887e-02	1.152648562170369541e-04	-9.081922472378090505e-04	-2.648671495709338281e-04
1.231716090542200708e-02	1.223520631082910507e-04	-9.004607488138313166e-04	-2.687328987829821093e-04
1.235050008773466192e-02	1.126876900779103831e-04	-9.065815183874138860e-04	-2.622899834309572967e-04
1.238383927004735839e-02	1.078555035653241132e-04	-8.856420435168665039e-04	-2.600349630588669452e-04
1.241717845236005660e-02	9.142606941319946043e-05	-9.104472676033083202e-04	-2.709879191538353861e-04
1.245051763467275134e-02	1.246070834805103409e-04	-9.011050403455787925e-04	-2.729207937629187387e-04
1.248385681698540618e-02	1.072112120285036824e-04	-8.856420435123092769e-04	-2.577799426841729906e-04
1.251719599929810092e-02	1.056004831891954745e-04	-8.395751987706191700e-04	-2.581020884539483927e-04
1.255053518161080087e-02	1.271842496223121808e-04	-8.450516768074952311e-04	-2.545584850098533492e-04
1.258387436392349561e-02	9.335894401896282330e-05	-8.920849588530299808e-04	-2.532699019404493872e-04
1.261721354623615045e-02	1.278285411569804702e-04	-8.998164572790002614e-04	-2.639007122683120570e-04
1.265055272854884519e-02	1.181641681293352176e-04	-8.959507080699481187e-04	-2.539141934747945572e-04
1.268389191086154513e-02	1.142984189153268209e-04	-8.907963757927711557e-04	-2.613235461294397856e-04
1.271723109317423987e-02	1.165534392913922642e-04	-8.914406673392512043e-04	-2.516591731017269059e-04
1.275057027548689298e-02	1.217077715725813444e-04	-8.914406673438525584e-04	-2.577799426846291687e-04
1.278390945779958945e-02	1.068890662598982971e-04	-8.882192096654408127e-04	-2.603571088253886024e-04
1.281724864011228940e-02	1.197748969663615731e-04	-9.023936234309099013e-04	-2.555249223108486002e-04
1.285058782242498587e-02	1.065669204931199958e-04	-9.159237456454166326e-04	-2.616456918959624185e-04
1.288392700473764245e-02	1.252513750170690182e-04	-8.875749181159186011e-04	-2.661557326430691122e-04
1.291726618705038403e-02	1.136541273798761712e-04	-9.507154885324011449e-04	-2.510148815662774217e-04
1.295060536936307877e-02	1.155870019863589971e-04	-9.207559321555668086e-04	-2.448941119845468020e-04
1.298394455167573187e-02	1.056004831907579318e-04	-9.085143930006453960e-04	-2.503705900314125935e-04
1.301728373398842488e-02	1.088219408672269769e-04	-9.242995355962172876e-04	-2.622899834321281809e-04
1.305062291630112829e-02	1.043119001179679657e-04	-9.043264980139884479e-04	-2.767865429717787065e-04
1.308396209861382303e-02	1.210634800381096615e-04	-8.975614369122254278e-04	-2.564913596166577088e-04
1.311730128092647614e-02	1.197748969643402272e-04	-9.181787660255745324e-04	-2.616456918962872455e-04
1.315064046323916915e-02	9.883542206960642244e-05	-9.310645967285599046e-04	-2.619678376639793531e-04
1.318397964555187603e-02	9.625825592747873913e-05	-9.162458914254420278e-04	-2.497262984986979009e-04
1.321731882786456730e-02	1.155870019859672342e-04	-9.365410747738866712e-04	-2.616456918952461946e-04
1.325065801017722041e-02	1.242849377132089527e-04	-9.626348819336305899e-04	-2.465048408194290934e-04
1.328399719248991341e-02	1.178420223630754360e-04	-9.358967832359661818e-04	-2.439276746782170324e-04
1.331733637480262029e-02	1.126876900768648192e-04	-9.642456107676179809e-04	-2.619678376652817510e-04
1.335067555711531156e-02	1.252513750176564389e-04	-9.600577157932568611e-04	-2.587463799889421325e-04
1.338401473942796467e-02	1.113991070058341202e-04	-9.255881186782005969e-04	-2.651892953401232189e-04
1.341735392174065594e-02	9.561396439105142656e-05	-8.849977519868591725e-04	-2.535920477082060590e-04
1.345069310405336456e-02	9.754683899629411489e-05	-9.088365387745826708e-04	-2.548806307791064911e-04
1.348403228636605583e-02	1.133319816136190865e-04	-9.191452033309847631e-04	-2.671221699460807624e-04
1.351737146867870894e-02	1.152648562169055759e-04	-9.252659729042270013e-04	-2.487598611933421514e-04
1.355071065099140194e-02	1.023790255134418944e-04	-9.574805496492118069e-04	-2.581020884535565620e-04
1.358404983330411056e-02	1.020568797461394490e-04	-9.194673490880906665e-04	-2.494041527284005097e-04
1.361738901561680357e-02	9.819113053252782961e-05	-9.214002237017869740e-04	-2.584242342215106129e-04
1.365072819792945320e-02	1.155870019862298415e-04	-9.555476750583023933e-04	-2.571356511509363088e-04
1.368406738024214621e-02	1.094662324016348545e-04	-9.426618443632812450e-04	-2.658335868738164582e-04
1.371740656255485483e-02	1.094662324007219969e-04	-9.700442345881006654e-04	-2.561692138477952591e-04
1.375074574486754783e-02	1.094662324018953747e-04	-9.845407941113449354e-04	-2.671221699450415004e-04
1.378408492718019747e-02	9.625825592845710962e-05	-1.000970228254867379e-03	-2.732429395296351727e-04
1.381742410949288874e-02	1.001240051386813155e-04	-1.029963347320731262e-03	-2.603571088268850724e-04
1.385076329180559909e-02	9.754683899681714757e-05	-9.922722925386096449e-04	-2.606792545924922593e-04
1.388410247411829210e-02	1.117212527737237424e-04	-9.787421703040350904e-04	-2.616456918969367368e-04
1.391744165643094173e-02	1.281506869242798798e-04	-9.661784853752743065e-04	-2.616456918971997643e-04
1.395078083874363301e-02	1.030233170472628934e-04	-9.539369462213366990e-04	-2.600349630598425103e-04
1.398412002105634509e-02	1.159091477513129385e-04	-9.516819258500164563e-04	-2.613235461295065724e-04
1.401745920336903636e-02	9.947971360362261846e-05	-9.742321295730839307e-04	-2.593906715232860557e-04
1.405079838568168600e-02	1.088219408657279996e-04	-9.626348819364762954e-04	-2.610014003601211579e-04
1.408413756799437727e-02	1.030233170493472178e-04	-9.858293771894694607e-04	-2.568135053830480690e-04
1.411747675030708936e-02	1.255735207843063030e-04	-9.349303459434622939e-04	-2.516591731008172603e-04
1.415081593261978063e-02	1.162312935221996614e-04	-9.813193364480753741e-04	-2.497262984962893458e-04
1.418415511493243027e-02	1.039897543498195445e-04	-9.578026954284288210e-04	-2.581020884532317350e-04
1.421749429724511980e-02	1.204191885022673844e-04	-9.578026954199253149e-04	-2.564913596138595456e-04
1.425083347955783362e-02	9.625825592708739636e-05	-9.371853663158660882e-04	-2.751758141340320614e-04
1.428417266187052663e-02	1.081776493319084779e-04	-9.391182409137173231e-04	-2.619678376662574245e-04
1.431751184418317800e-02	1.081776493335988439e-04	-9.706885261237843373e-04	-2.555249223136455165e-04
1.435085102649586580e-02	1.033454628166521704e-04	-9.416954070643538928e-04	-2.684107530147038820e-04
1.438419020880858309e-02	1.142984189170213882e-04	-9.565141123550263214e-04	-2.542363392427460602e-04
1.441752939112127090e-02	1.152648562174929967e-04	-9.342860544022501667e-04	-2.535920477090532004e-04
1.445086857343392227e-02	9.013748634086445272e-05	-8.878970638790272983e-04	-2.593906715226356970e-04
1.448420775574661007e-02	1.130098358448178807e-04	-9.278431390436666900e-04	-2.716322106900667969e-04
1.451754693805932910e-02	1.056004831897800492e-04	-9.230109525390419335e-04	-2.568135053835694619e-04
1.455088612037201516e-02	1.117212527758066980e-04	-9.210780779441885176e-04	-2.658335868740101509e-04
1.458422530268466653e-02	1.213856258051508819e-04	-9.052929353339366370e-04	-2.477934238927375385e-04
1.461756448499735260e-02	1.271842496210721517e-04	-9.023936234321504454e-04	-2.581020884531023355e-04
1.465090366731007336e-02	1.120433985426531550e-04	-8.933735419492865948e-04	-2.455384035174593615e-04
1.468424284962275943e-02	1.088219408665733656e-04	-8.917628131114129896e-04	-2.603571088264288401e-04
1.471758203193541080e-02	1.133319816138155168e-04	-9.078701014832243508e-04	-2.568135053831792575e-04
1.475092121424809687e-02	1.004461509059831104e-04	-8.859641892910638788e-04	-2.690550445502841209e-04
1.478426039656081763e-02	1.258956665517372263e-04	-9.130244337612976237e-04	-2.645450038036314369e-04
1.481759957887350369e-02	1.162312935225915463e-04	-9.056150811119159259e-04	-2.632564207335119015e-04
1.485093876118615507e-02	1.242849377136020844e-04	-8.769441078014762400e-04	-2.477934238902643649e-04
1.488427794349884113e-02	1.043119001187493367e-04	-8.708233382216219948e-04	-2.645450038040227797e-04
1.491761712581156189e-02	1.020568797461399640e-04	-8.553603413817559764e-04	-2.574577969188891671e-04
1.495095630812424796e-02	1.017347339783828043e-04	-8.663132974701701983e-04	-2.655114411080104287e-04
1.498429549043689933e-02	1.084997950994037621e-04	-8.621254024908371442e-04	-2.610014003605125549e-04
1.501763467274958540e-02	1.117212527753536777e-04	-8.321658461137810886e-04	-2.713100649234794371e-04
1.505097385506230789e-02	9.947971360518621418e-05	-8.431188022053902375e-04	-2.632564207357250292e-04
1.508431303737499223e-02	9.851327630158958272e-05	-8.692126093624173624e-04	-2.706657733880948424e-04
1.511765221968764360e-02	1.142984189159794293e-04	-8.357094495579965327e-04	-2.574577969177182287e-04
1.515099140200033834e-02	1.094662324022868259e-04	-8.434409479786442480e-04	-2.684107530162660005e-04
1.518433058431305216e-02	1.036676085842784940e-04	-8.537496125342086857e-04	-2.436055289121523122e-04
1.521766976662574690e-02	1.049561916547858350e-04	-8.943399792304239241e-04	-2.590685257558548072e-04
1.525100894893838786e-02	1.204191885026577378e-04	-8.785548366152999642e-04	-2.664778784101120537e-04
1.528434813125108260e-02	1.062447747235347085e-04	-8.991721657436764362e-04	-2.423169458419022660e-04
1.531768731356379643e-02	1.123655443102805764e-04	-8.756555247138989896e-04	-2.642228580378912185e-04
1.535102649587649117e-02	1.126876900770604499e-04	-8.705011924467951322e-04	-2.593906715253054907e-04
1.538436567818913213e-02	9.980185937190195707e-05	-8.572932159717674538e-04	-2.603571088273403831e-04
1.541770486050182340e-02	1.004461509078715195e-04	-8.376423241579292189e-04	-2.616456918950527729e-04
1.545104404281455283e-02	1.113991070070069288e-04	-8.824205858312959882e-04	-2.787194175776741794e-04
1.548438322512723543e-02	9.883542206712868166e-05	-8.978835826748138163e-04	-2.645450038048695416e-04
1.551772240743988507e-02	1.255735207835228314e-04	-8.943399792423955760e-04	-2.526256104054551053e-04
1.555106158975256767e-02	1.204191885038985666e-04	-8.756555247290435592e-04	-2.574577969196060415e-04
1.558440077206529710e-02	1.010904424411736600e-04	-8.550381956127787097e-04	-2.513370273348819938e-04
1.561773995437797970e-02	9.239250671679857200e-05	-9.191452033372727020e-04	-2.777529802743365097e-04
1.565107913669063280e-02	1.142984189159804186e-04	-9.217223694689265180e-04	-2.668000241766972452e-04
1.568441831900332234e-02	1.139762731497858382e-04	-9.033600607300964862e-04	-2.574577969178462730e-04
1.571775750131602922e-02	1.084997950987519398e-04	-9.017493318925355649e-04	-2.732429395303517220e-04
1.575109668362871876e-02	1.194527512004953432e-04	-8.917628130972011591e-04	-2.693771903184968082e-04
1.578443586594137707e-02	1.101105239361717522e-04	-8.753333789545126838e-04	-2.713100649228959737e-04
1.581777504825406661e-02	1.007682966726975116e-04	-8.769441077967215798e-04	-2.593906715250437101e-04
1.585111423056677349e-02	1.062447747259473972e-04	-9.007828945859702252e-04	-2.841958956266866371e-04
1.588445341287946302e-02	1.130098358446869226e-04	-9.091586845444714262e-04	-2.581020884521276920e-04
1.591779259519212134e-02	1.033454628171719776e-04	-8.753333789601087933e-04	-2.564913596167234114e-04
1.595113177750481087e-02	1.200970427332714288e-04	-8.843534604421794416e-04	-2.458605492854777056e-04
1.598447095981752816e-02	9.947971360499090871e-05	-8.817762943037715882e-04	-2.677664614791898877e-04
1.601781014213020729e-02	1.117212527762630523e-04	-9.033600607224681481e-04	-2.577799426854104447e-04
1.605114932444286560e-02	1.027011712799608139e-04	-9.539369462160980509e-04	-2.632564207340323727e-04
1.608448850675555514e-02	9.980185937072824046e-05	-9.468497393244778735e-04	-2.468269865871882589e-04
1.611782768906827243e-02	1.226742088741628641e-04	-9.532926546730570916e-04	-2.674443157114311017e-04
1.615116687138095156e-02	1.078555035626500369e-04	-9.371853662881419545e-04	-2.452162577494421017e-04
1.618450605369360987e-02	1.146205646841932956e-04	-9.178566202556151955e-04	-2.703436276209871198e-04
1.621784523600629940e-02	1.152648562180128174e-04	-9.333196170950111038e-04	-2.626121292001461997e-04
1.625118441831901669e-02	1.081776493300828169e-04	-9.565141123482696819e-04	-2.394176339335163460e-04
1.628452360063169582e-02	1.155870019864882475e-04	-9.052929353278810426e-04	-2.513370273346218937e-04
1.631786278294435413e-02	1.091440866349841502e-04	-9.197894948699265709e-04	-2.545584850095272754e-04
1.635120196525704367e-02	9.947971360199344207e-05	-9.275209932744153370e-04	-2.622899834299815148e-04
1.638454114756976096e-02	1.014125882108216412e-04	-8.924071046371421677e-04	-2.490820069599293486e-04
1.641788032988244009e-02	1.123655443096292149e-04	-8.762998162758431223e-04	-2.593906715221139248e-04
1.645121951219509840e-02	1.062447747241864631e-04	-9.226888067852523877e-04	-2.716322106910426873e-04
1.648455869450778100e-02	1.091440866331608881e-04	-9.069036641704975987e-04	-2.632564207333835862e-04
1.651789787682050523e-02	1.194527511971692549e-04	-8.917628131077212812e-04	-2.587463799880971595e-04
1.655123705913318435e-02	1.217077715725146660e-04	-9.011050403638923767e-04	-2.664778784093965887e-04
1.658457624144584266e-02	1.110769612397057032e-04	-8.746890874390528519e-04	-2.651892953392770533e-04
1.661791542375853220e-02	1.155870019868161103e-04	-8.843534604629369258e-04	-2.510148815671885852e-04
1.665125460607124949e-02	1.039897543512516672e-04	-9.017493318902776054e-04	-2.584242342226171496e-04
1.668459378838393209e-02	1.027011712806781085e-04	-8.621254024892608227e-04	-2.706657733882910288e-04
1.671793297069659387e-02	1.191306054292146755e-04	-8.569710702119121221e-04	-2.668000241785844075e-04
1.675127215300927647e-02	1.117212527742438341e-04	-8.434409479735802649e-04	-2.835516040920173990e-04
1.678461133532200417e-02	1.146205646846482269e-04	-8.714676297468769428e-04	-2.629342749657557717e-04
1.681795051763467982e-02	9.980185937092441329e-05	-8.901520842572586793e-04	-2.635785665003596324e-04
1.685128969994733814e-02	1.084997951000545951e-04	-8.576153617485270152e-04	-2.626121292013172464e-04
1.688462888226002073e-02	1.178420223579250013e-04	-8.537496125252394064e-04	-2.465048408215120084e-04
1.691796806457274843e-02	1.033454628162590251e-04	-8.846756061938792961e-04	-2.671221699459517965e-04
1.695130724688542409e-02	1.117212527763946880e-04	-8.502060090794943698e-04	-2.503705900320651748e-04
1.698464642919808240e-02	9.529181862453256122e-05	-8.563267786575329017e-04	-2.597128172904580173e-04
1.701798561151076500e-02	1.059226289586464833e-04	-8.125149542813890104e-04	-2.693771903192774880e-04
1.705132479382349270e-02	1.104326697031471886e-04	-8.508503006296027011e-04	-2.465048408213171231e-04
1.708466397613616836e-02	1.149427104523425706e-04	-8.489174260204560311e-04	-2.738872310638476365e-04
1.711800315844882667e-02	1.236406461794550523e-04	-8.440852395068447565e-04	-2.390954881660841216e-04
1.715134234076150926e-02	1.194527511973638285e-04	-8.331322834041263300e-04	-2.439276746792577309e-04
1.718468152307423696e-02	1.168755850569991528e-04	-8.427966564310687215e-04	-2.513370273342955489e-04
1.721802070538691262e-02	1.139762731499173519e-04	-8.907963757928970315e-04	-2.632564207357252460e-04
1.725135988769957093e-02	1.084997950994064320e-04	-8.772662535625483718e-04	-2.545584850092676632e-04
1.728469907001225353e-02	1.033454628148250187e-04	-8.740447958909504031e-04	-2.500484442650221248e-04
1.731803825232498123e-02	1.078555035644117706e-04	-8.569710702221607600e-04	-2.497262984973304509e-04
1.735137743463765689e-02	1.178420223600099899e-04	-8.621254024955736983e-04	-2.426390916066637209e-04
1.738471661695031520e-02	1.081776493312560999e-04	-8.479509887190525780e-04	-2.626121291996249153e-04
1.741805579926299780e-02	1.184863138970889350e-04	-8.263672222989495910e-04	-2.668000241767627852e-04
1.745139498157572550e-02	1.181641681295291272e-04	-8.221793273248030349e-04	-2.661557326414434052e-04
1.748473416388840115e-02	1.120433985414139391e-04	-8.566489244484955115e-04	-2.610014003612935057e-04
1.751807334620105946e-02	9.883542206745383389e-05	-8.473066971825863290e-04	-2.564913596159420269e-04
1.755141252851373512e-02	1.236406461776940911e-04	-8.540717583108677416e-04	-2.754979599016590085e-04
1.758475171082646976e-02	9.271465248494833490e-05	-8.666354432282741098e-04	-2.622899834315423322e-04
1.761809089313914542e-02	1.123655443089120694e-04	-8.215350357865622722e-04	-2.519813188675324475e-04
1.765143007545180373e-02	1.139762731489379378e-04	-8.698569009001940865e-04	-2.513370273363131407e-04
1.768476925776455572e-02	1.088219408645536460e-04	-8.891856469572904931e-04	-2.500484442637224375e-04
1.771810844007722444e-02	1.126876900802529374e-04	-8.804877112335094801e-04	-2.555249223100034646e-04
1.775144762238989316e-02	1.088219408650125346e-04	-8.856420435138026570e-04	-2.597128172898744997e-04
1.778478680470256187e-02	9.464752709071332407e-05	-9.078701014666937371e-04	-2.655114411080101576e-04
1.781812598701523059e-02	1.204191885018103254e-04	-8.866084808067680898e-04	-2.571356511520427371e-04
1.785146516932798258e-02	1.146205646826288190e-04	-8.721119212819716760e-04	-2.619678376654769616e-04
1.788480435164064089e-02	1.107548154721439573e-04	-8.753333789580239810e-04	-2.523034646365267903e-04
1.791814353395331655e-02	1.146205646829549199e-04	-8.833870231452084238e-04	-2.474712781236131456e-04
1.795148271626605119e-02	1.275063953887660482e-04	-8.962728538511959518e-04	-2.548806307761133341e-04
1.798482189857872685e-02	1.281506869246723068e-04	-9.304203051988972411e-04	-2.610014003616835474e-04
1.801816108089138516e-02	1.113991070070732684e-04	-9.014271861436123521e-04	-2.613235461302879027e-04
1.805150026320406081e-02	1.078555035610201558e-04	-9.136687252959830707e-04	-2.526256104038951552e-04
1.808483944551679545e-02	9.980185937274965410e-05	-9.271988475218483376e-04	-2.690550445529540772e-04
1.811817862782947111e-02	1.036676085841448661e-04	-9.239773898531091932e-04	-2.751758141339027161e-04
1.815151781014212942e-02	1.023790255117470289e-04	-9.416954070547047103e-04	-2.574577969156352595e-04
1.818485699245480508e-02	1.304057073032794181e-04	-9.197894948718112395e-04	-2.526256104028528032e-04
1.821819617476753972e-02	1.162312935220053317e-04	-8.746890874240117152e-04	-2.693771903186274004e-04
1.825153535708021538e-02	1.246070834828574218e-04	-8.959507080906333951e-04	-2.452162577501579462e-04
1.828487453939287369e-02	1.117212527732000727e-04	-9.020714776693150756e-04	-2.651892953408393886e-04
1.831821372170554935e-02	1.007682966753709915e-04	-8.791991281762234290e-04	-2.706657733891364354e-04
1.835155290401828398e-02	1.088219408672908229e-04	-8.637361313335015136e-04	-2.552027765456933088e-04
1.838489208633095964e-02	1.281506869249335724e-04	-9.036822064936952427e-04	-2.523034646378270198e-04
1.841823126864361795e-02	9.754683899857496455e-05	-9.310645967316857679e-04	-2.603571088278604749e-04
1.845157045095629361e-02	1.049561916520486718e-04	-9.249438271437265694e-04	-2.574577969176527971e-04
1.848490963326902825e-02	1.184863138946140539e-04	-9.046486437969843402e-04	-2.571356511495707020e-04
1.851824881558170391e-02	1.078555035633010597e-04	-9.565141123557398348e-04	-2.532699019388886239e-04
1.855158799789436222e-02	1.072112120263517580e-04	-9.468497393350367016e-04	-2.558470680807526428e-04
1.858492718020703788e-02	1.017347339765564793e-04	-9.168901829487139700e-04	-2.587463799884883397e-04
1.861826636251977252e-02	1.036676085832993782e-04	-9.597355700071924598e-04	-2.680886072450592347e-04
1.865160554483244817e-02	9.464752709012499532e-05	-9.648899022937581799e-04	-2.568135053838291283e-04
1.868494472714510649e-02	1.165534392911973924e-04	-9.613462988523940791e-04	-2.564913596143163742e-04
1.871828390945778214e-02	1.097883781680888574e-04	-9.349303459302520493e-04	-2.474712781231592443e-04
1.875162309177051678e-02	1.107548154723401979e-04	-9.584469869574104971e-04	-2.542363392417702783e-04
1.878496227408319244e-02	1.233185004120223400e-04	-9.194673491026245050e-04	-2.516591730989288511e-04
1.881830145639585075e-02	1.017347339767536143e-04	-9.204337864019261238e-04	-2.436055289137778023e-04
1.885164063870852641e-02	1.155870019862921424e-04	-9.539369462202114056e-04	-2.471491323542282731e-04
1.888497982102126105e-02	1.152648562206210826e-04	-9.481383223926682880e-04	-2.513370273347510222e-04
1.891831900333393671e-02	1.113991070087677680e-04	-8.965949996117981904e-04	-2.519813188689648412e-04
1.895165818564659502e-02	1.126876900782991373e-04	-8.901520842620473835e-04	-2.703436276202739316e-04
1.898499736795927068e-02	1.056004831897143872e-04	-8.895077927326955607e-04	-2.603571088274692405e-04
